0 0.202157 0.012124 0.208594 0.132811 0.166593 0.136312 0.160156 0.015624
0 0.205520 0.866710 0.244530 0.873074 0.232210 0.991070 0.193200 0.984707
0 0.446250 0.267344 0.456408 0.387385 0.417224 0.392566 0.407066 0.272525
0 0.192969 0.379883 0.226382 0.410096 0.173257 0.501893 0.139844 0.471680
0 0.676725 0.055530 0.680957 0.104425 0.593295 0.116280 0.589063 0.067385
0 0.179896 0.546117 0.216369 0.562474 0.188324 0.660181 0.151851 0.643824
0 0.985937 0.814453 0.990625 0.867188 0.910709 0.878287 0.906021 0.825552
0 0.909375 0.738281 0.988780 0.754162 0.982813 0.800781 0.903408 0.784900
0 0.984462 0.878292 0.995313 0.923828 0.920226 0.951786 0.909375 0.906250
0 0.956783 0.515446 0.965625 0.556641 0.901029 0.578304 0.892187 0.537110
0 0.477140 0.940356 0.481266 0.998047 0.450986 0.998047 0.446860 0.943739
