0 0.490625 0.381836 0.092188 0.050781 -1.570796
0 0.215625 0.298828 0.101767 0.044964 1.524675
0 0.611706 0.376918 0.087052 0.045879 -1.535097
0 0.862497 0.393485 0.090328 0.049072 1.517276
0 0.653900 0.632262 0.085952 0.046867 -1.552617
0 0.152373 0.320962 0.084505 0.047020 1.515298
0 0.342214 0.374907 0.082871 0.046842 1.533079
0 0.388281 0.371094 0.093750 0.041016 -1.570796
0 0.266684 0.585948 0.092201 0.041043 -0.016948
0 0.076563 0.458008 0.090625 0.041016 -0.000000
0 0.079710 0.645948 0.079703 0.044875 1.551191
0 0.763672 0.394531 0.083467 0.041966 -1.551568
0 0.411173 0.584077 0.089117 0.038901 -0.035073
0 0.714821 0.389430 0.084433 0.040988 -1.533776
0 0.026419 0.659143 0.075135 0.043013 1.525373
0 0.820324 0.377792 0.076960 0.041200 -1.469107
0 0.581273 0.643137 0.076578 0.040967 -1.550391
0 0.437507 0.372482 0.070330 0.037100 1.548578
0 0.221875 0.010742 0.060937 0.039062 -1.570796
0 0.658594 0.379883 0.064062 0.037109 -1.570796
