4 0.196168 0.328714 0.325093 0.082208 -0.026310
4 0.207813 0.230469 0.337787 0.076162 -0.004651
4 0.421019 0.352430 0.315722 0.070146 -1.546049
4 0.224908 0.643095 0.313402 0.070108 -0.244979
4 0.419531 0.821289 0.329944 0.066396 1.566034
4 0.732813 0.417969 0.321369 0.066441 -1.560993
4 0.174219 0.142578 0.276392 0.076512 0.062775
4 0.671875 0.522461 0.306045 0.068456 1.534914
4 0.609375 0.479492 0.321101 0.064446 1.556163
4 0.736082 0.835986 0.309943 0.066166 1.510264
4 0.544531 0.379883 0.316352 0.064480 1.531213
4 0.545312 0.842773 0.302132 0.066382 1.560380
4 0.477397 0.337682 0.317284 0.062385 1.546171
4 0.483594 0.840820 0.301042 0.064470 1.560380
4 0.176563 0.063477 0.286954 0.064471 -0.010928
4 0.610938 0.891602 0.258151 0.068346 1.564699
4 0.678127 0.892670 0.248516 0.070339 1.545645
4 0.669497 0.119317 0.262876 0.066416 1.517276
4 0.218360 0.421875 0.221126 0.066359 -0.028768
4 0.601563 0.097656 0.255956 0.060570 1.564624
4 0.248437 0.513672 0.214293 0.064519 -0.051254
4 0.735156 0.068359 0.205078 0.066479 1.547723
