0 0.918112 0.658967 0.114590 0.068471 -1.513716
0 0.132049 0.239129 0.118791 0.064431 1.544487
0 0.583600 0.639077 0.112622 0.066372 -1.556512
0 0.216408 0.234469 0.114105 0.064482 1.543406
0 0.689190 0.645125 0.109174 0.066864 -1.453688
0 0.763281 0.646484 0.112500 0.064453 -1.570796
0 0.834317 0.283291 0.115889 0.060541 -1.503331
0 0.768723 0.272347 0.121965 0.056749 -1.532354
0 0.706250 0.270508 0.106249 0.062412 -1.540503
0 0.562488 0.264011 0.107914 0.060575 -1.527345
0 0.906250 0.297852 0.105422 0.060540 1.555872
0 0.144259 0.641550 0.111212 0.054141 -1.500490
0 0.490521 0.270001 0.105106 0.055166 -1.481482
0 0.367297 0.258527 0.101755 0.055064 -1.509335
0 0.425000 0.254883 0.095312 0.050781 -1.570796
0 0.520421 0.647084 0.094218 0.051307 -1.471128
