0 0.513552 0.888935 0.103574 0.072394 -1.373401
0 0.594659 0.482194 0.098389 0.057559 0.296771
0 0.602204 0.648653 0.103880 0.051587 0.120624
0 0.618791 0.853993 0.098537 0.053487 0.256517
0 0.637500 0.786133 0.101497 0.051874 0.316824
0 0.605873 0.912903 0.094090 0.055823 0.370891
0 0.335938 0.091797 0.107645 0.047512 0.380506
0 0.051650 0.616143 0.095364 0.052898 -0.032775
0 0.662500 0.257813 0.095850 0.050060 0.368349
0 0.052910 0.384775 0.092510 0.050751 -0.034469
0 0.038281 0.007812 0.101005 0.046477 -0.130403
0 0.037500 0.184570 0.091339 0.050774 -0.017240
0 0.590476 0.972581 0.091109 0.050780 0.386876
0 0.663350 0.720828 0.086504 0.051719 0.350314
0 0.601146 0.588768 0.092240 0.047510 0.187429
0 0.040873 0.330113 0.089186 0.048966 -0.052583
0 0.624889 0.399098 0.097440 0.044004 0.276097
0 0.037500 0.114258 0.091285 0.046868 -0.017240
0 0.766406 0.079102 0.087257 0.048295 0.275806
0 0.022881 0.263095 0.083751 0.048573 -0.149812
0 0.051836 0.670804 0.087723 0.045225 -0.071307
0 0.770090 0.018179 0.081565 0.045646 0.291457
