4 0.548438 0.547852 0.335522 0.081899 1.533079
2 0.638246 0.649523 0.214342 0.072271 1.519746
4 0.147469 0.798164 0.117188 0.067578 0.643501
0 0.135359 0.881610 0.104769 0.047538 0.302885
0 0.130273 0.654492 0.089818 0.053856 0.377473
0 0.959375 0.058594 0.099475 0.048979 1.475845
0 0.115553 0.124939 0.097940 0.049294 0.592427
0 0.120112 0.274266 0.089460 0.049910 0.534396
0 0.123338 0.422776 0.084375 0.052590 0.546789
0 0.129752 0.355520 0.086435 0.048081 0.554262
0 0.125085 0.200400 0.082496 0.048239 0.554307
