0 0.665828 0.242369 0.091910 0.049815 -0.616515
0 0.412880 0.240211 0.095695 0.050706 -1.297788
0 0.682512 0.330003 0.088716 0.047607 -0.125473
0 0.135156 0.859375 0.091516 0.048889 0.017542
0 0.376295 0.853924 0.088056 0.049351 -0.479519
0 0.394707 0.499375 0.094386 0.045072 -1.233340
0 0.641642 0.459482 0.089732 0.046559 0.612152
0 0.140625 0.138672 0.088987 0.045909 0.162199
0 0.121875 0.381836 0.086547 0.046912 -0.054491
0 0.349218 0.616211 0.087518 0.044825 -0.521434
0 0.362500 0.225098 0.089943 0.043439 -1.355981
0 0.145313 0.089844 0.083415 0.046954 0.286051
0 0.139063 0.436523 0.088128 0.042962 -0.017855
0 0.676340 0.418594 0.083179 0.045392 0.484478
0 0.132812 0.494141 0.087500 0.042969 0.000000
4 0.378906 0.019531 0.076563 0.046875 0.000000
0 0.129384 0.324208 0.084389 0.041045 -0.018516
4 0.572266 0.486596 0.076190 0.044581 1.067953
0 0.303906 0.137695 0.082812 0.041016 -1.570796
0 0.545508 0.244517 0.085296 0.039428 -1.074374
0 0.599671 0.233391 0.084693 0.039240 -1.049362
4 0.137500 0.539551 0.079995 0.039058 -0.009614
