0 0.734357 0.822268 0.108637 0.055971 -0.108316
0 0.449699 0.197293 0.101671 0.058712 0.046121
0 0.724151 0.315470 0.103880 0.056699 -0.764125
0 0.446915 0.332387 0.106410 0.053034 0.079830
0 0.484685 0.847650 0.106261 0.052729 -0.014705
0 0.480714 0.987336 0.100110 0.054810 -0.046841
0 0.726562 0.731445 0.110143 0.048943 -0.489120
0 0.737323 0.954939 0.103279 0.051356 -0.182560
0 0.469531 0.782227 0.104074 0.050835 -0.015383
0 0.467347 0.717692 0.101671 0.050997 0.046121
0 0.989793 0.499599 0.090166 0.057471 1.414194
0 0.483907 0.913047 0.101574 0.050865 0.015383
0 0.464063 0.655274 0.100647 0.050775 0.015624
0 0.730370 0.649012 0.093220 0.054017 -0.227759
0 0.447656 0.462891 0.098437 0.050781 -0.000000
0 0.452344 0.593750 0.102175 0.048822 0.015383
0 0.445312 0.397461 0.095624 0.048931 0.033321
0 0.446875 0.523438 0.088252 0.050737 -0.018180
0 0.931250 0.494141 0.096099 0.046356 1.370143
0 0.445312 0.075195 0.093750 0.046875 0.000000
0 0.716406 0.424805 0.086252 0.050701 -0.258252
0 0.446893 0.133261 0.092303 0.046916 0.041643
4 0.726562 0.568359 0.073288 0.042657 -0.281232
