0 0.760766 0.902748 0.114615 0.070772 0.488334
0 0.572656 0.927734 0.110393 0.052458 -0.898318
0 0.472656 0.024414 0.109737 0.050235 -0.868539
0 0.477762 0.643483 0.098127 0.055109 -0.920926
0 0.540772 0.432371 0.099375 0.053127 -0.930440
0 0.739771 0.769742 0.098603 0.052553 0.732815
0 0.469531 0.539062 0.099573 0.050021 -0.908370
0 0.556250 0.829102 0.099951 0.048514 -0.874054
0 0.750079 0.693875 0.096888 0.048129 0.659629
0 0.462204 0.437938 0.091553 0.046533 -0.945311
0 0.543750 0.024414 0.093387 0.044744 -0.871604
4 0.739063 0.171875 0.089871 0.045711 0.647047
0 0.539844 0.232422 0.089815 0.044915 -0.923749
0 0.549970 0.518742 0.083458 0.047622 -0.909753
0 0.476271 0.125461 0.085653 0.045748 -0.901753
