0 0.226562 0.523438 0.095197 0.059498 1.165904
0 0.641978 0.858997 0.092938 0.050063 1.229789
0 0.424938 0.130156 0.092199 0.048806 1.278707
0 0.555516 0.173490 0.082175 0.056506 -0.514369
0 0.086984 0.268506 0.092913 0.052553 1.227772
0 0.718263 0.690787 0.091015 0.053011 -0.602287
0 0.693508 0.627172 0.087766 0.048240 -0.368563
0 0.604391 0.290578 0.090236 0.052590 -0.380506
0 0.679837 0.560234 0.094105 0.048965 -0.429937
0 0.604639 0.268151 0.086955 0.053346 -0.414507
0 0.065655 0.790154 0.082951 0.047357 1.192597
0 0.723228 0.836634 0.079836 0.048159 -0.418434
0 0.777417 0.924093 0.093228 0.046287 -0.690446
0 0.804531 0.979102 0.085949 0.048041 -0.463648
0 0.090625 0.302734 0.093633 0.043890 1.212026
0 0.776833 0.946647 0.093228 0.043995 -0.690446
0 0.719919 0.712613 0.085673 0.047240 -0.521434
0 0.229055 0.559427 0.088513 0.043443 1.209959
0 0.508594 -0.000977 0.085842 0.042060 -0.356620
0 0.724219 0.771484 0.074280 0.046425 -0.388319
0 0.813200 0.995171 0.079687 0.041935 -0.489957
0 0.726563 0.791992 0.071884 0.039475 -0.413689
