0 0.410181 0.627409 0.096256 0.052804 1.538549
0 0.359032 0.632687 0.093597 0.049288 1.426543
0 0.829297 0.865723 0.091501 0.051732 -1.552941
0 0.261757 0.643058 0.094218 0.048975 1.471019
0 0.382267 0.852461 0.095428 0.048018 0.692642
0 0.940237 0.655594 0.092935 0.048841 -1.562176
0 0.459395 0.628523 0.093783 0.047918 -1.545498
0 0.838669 0.637389 0.095796 0.045908 -1.554387
0 0.469140 0.855469 0.088349 0.047869 -1.553259
0 0.603807 0.638401 0.087739 0.049966 1.469989
0 0.505089 0.623905 0.091433 0.045885 -1.570796
0 0.886405 0.878474 0.086329 0.047017 -1.046001
0 0.694141 0.621094 0.089061 0.045909 1.553849
0 0.729741 0.877388 0.086883 0.046036 -1.453290
0 0.217187 0.631348 0.094531 0.042969 -1.570796
0 0.214453 0.874511 0.090185 0.044684 1.055979
0 0.791480 0.618200 0.090274 0.044055 1.508232
0 0.311751 0.644519 0.087118 0.042936 1.498985
0 0.910938 0.443359 0.087160 0.045931 -0.009258
0 0.983988 0.651167 0.087507 0.044918 -1.561868
0 0.647655 0.618191 0.084486 0.042089 -1.524188
0 0.892187 0.653320 0.083505 0.044914 -1.551931
0 0.553516 0.628906 0.081250 0.041993 -1.570796
0 0.313863 0.871520 0.079056 0.039390 0.810757
