1 0.420550 0.157015 0.180670 0.071291 -1.466832
0 0.563259 0.631453 0.100055 0.053684 -1.547376
0 0.633203 0.596680 0.101562 0.053711 -1.570796
0 0.859938 0.415516 0.098430 0.053768 -1.550807
0 0.298438 0.708496 0.104501 0.046784 -1.059140
0 0.774609 0.083007 0.090073 0.048898 1.507971
0 0.515229 0.028112 0.075985 0.048943 -1.498911
0 0.965625 0.245118 0.079808 0.046881 0.079830
0 0.091406 0.221680 0.085472 0.041048 -1.496857
0 0.029687 0.121094 0.082162 0.039401 1.492525
0 0.063348 0.122431 0.075146 0.042885 1.508378
0 0.091403 0.022504 0.070590 0.045091 -1.482140
0 0.902783 0.064608 0.075165 0.036497 -0.899578
0 0.054289 0.218595 0.072461 0.042528 -1.465919
0 0.094531 0.115234 0.066628 0.039386 -1.497756
0 0.058594 0.028320 0.070312 0.037109 -1.570796
0 0.018750 0.027344 0.065625 0.039062 -1.570796
