2 0.798047 0.511719 0.228222 0.068567 -1.277759
2 0.100568 0.665640 0.224416 0.069129 0.293121
2 0.727966 0.810211 0.213971 0.071547 -1.317266
2 0.662337 0.457123 0.209625 0.070727 -1.256248
2 0.606903 0.406236 0.211726 0.066091 -1.247924
2 0.727735 0.483886 0.210962 0.067352 -1.279708
2 0.138339 0.288737 0.215802 0.065848 0.272114
2 0.541232 0.378591 0.208021 0.066703 -1.253808
4 0.948438 0.648438 0.124172 0.066074 -1.261093
0 0.875781 0.965820 0.107395 0.051148 -1.329441
0 0.105078 0.123535 0.095256 0.048246 -1.191918
0 0.213281 0.169434 0.086971 0.049720 -1.243165
0 0.040625 0.105468 0.089901 0.045729 -1.276752
0 0.166718 0.140953 0.085771 0.045131 -1.245893
0 0.309025 0.186195 0.084147 0.045230 -1.345659
0 0.007238 0.062574 0.081129 0.042657 -1.292497
