1 0.885265 0.407117 0.125255 0.054722 1.535097
0 0.090553 0.151478 0.091109 0.059087 1.467715
0 0.756709 0.119011 0.101840 0.052771 1.533776
0 0.622656 0.941406 0.098437 0.050781 -0.000000
0 0.869885 0.109487 0.094186 0.052879 1.496857
0 0.393729 0.999611 0.084604 0.058724 -0.066568
0 0.767979 0.400585 0.093958 0.052877 1.504228
0 0.582629 0.354038 0.102174 0.047969 -0.408908
0 0.388161 0.923841 0.092249 0.053043 -0.085994
0 0.610156 0.602539 0.103373 0.046915 -0.045423
0 0.148435 0.153216 0.087388 0.054722 1.535097
0 0.378906 0.792969 0.088363 0.052656 -0.054491
0 0.389844 0.855469 0.094674 0.048854 0.016665
0 0.376562 0.579102 0.093528 0.048712 -0.068856
0 0.376562 0.720703 0.089059 0.050791 -0.071307
0 0.663031 0.399723 0.088598 0.050579 1.435269
0 0.613425 0.801623 0.094386 0.047465 -0.116142
0 0.996094 0.377930 0.089272 0.049166 1.428899
0 0.653344 0.130302 0.085610 0.051118 1.455920
0 0.376644 0.650317 0.087556 0.049006 -0.035699
0 0.812500 0.113281 0.088069 0.047324 1.496857
0 0.621287 0.869052 0.086164 0.047177 -0.072599
0 0.198438 0.145508 0.087106 0.046595 1.399417
0 0.711184 0.409267 0.088382 0.045302 1.441094
0 0.355046 0.321241 0.088001 0.045082 -0.106736
0 0.933565 0.389327 0.086102 0.045294 1.460139
0 0.372656 0.514648 0.089514 0.043146 -0.087495
0 0.825000 0.396484 0.081730 0.047037 1.494024
0 0.703903 0.112192 0.081310 0.044964 1.532354
0 0.354739 0.383691 0.083180 0.042962 -0.094061
0 0.037500 0.168945 0.075584 0.047240 1.446441
0 0.615651 0.732060 0.079906 0.040959 -0.052583
0 0.251563 0.149414 0.071196 0.045082 1.504228
0 0.361832 0.250109 0.072484 0.043113 -0.129703
