0 0.978906 0.905273 0.104931 0.050784 0.075613
0 0.595313 0.385742 0.096875 0.048828 -0.000000
0 0.375000 0.853516 0.099994 0.047219 0.094952
0 0.375781 0.717774 0.096707 0.047010 -0.049141
0 0.737500 0.320312 0.096875 0.046875 0.000000
0 0.606790 0.057571 0.092399 0.048848 -0.067693
0 0.376728 0.990196 0.095364 0.046978 -0.032775
0 0.600797 0.318870 0.093797 0.047085 0.043451
0 0.736032 0.122032 0.089117 0.048935 -0.035073
0 0.379688 0.583984 0.095649 0.045584 0.148890
0 0.535156 0.530273 0.095306 0.045282 1.471128
0 0.597849 0.124112 0.090746 0.047115 -0.051678
0 0.730469 0.186523 0.092188 0.044922 -0.000000
0 0.737500 0.048828 0.090008 0.044949 0.017542
0 0.739062 0.248047 0.092637 0.043010 0.033885
0 0.379260 0.452138 0.082827 0.046903 0.018866
0 0.598421 0.188034 0.086062 0.044876 -0.045423
0 0.375781 0.785156 0.079687 0.042969 -0.000000
0 0.732031 0.386719 0.079687 0.042969 0.000000
0 0.372128 0.514596 0.078375 0.041041 0.079830
0 0.887466 0.591751 0.067331 0.043013 -1.525373
0 0.609375 0.252930 0.069478 0.039052 0.022723
0 0.800032 0.508931 0.065699 0.035116 -1.523213
