4 0.484372 0.179666 0.109500 0.053998 0.079092
0 0.835557 0.810662 0.107886 0.052814 -0.239596
0 0.016980 0.206432 0.102722 0.056086 -1.449851
0 0.095733 0.739435 0.097222 0.053834 -1.522397
0 0.459525 0.737833 0.102715 0.052832 0.053607
0 0.594922 0.372559 0.094555 0.053912 1.500736
0 0.846094 0.877930 0.108669 0.049721 -0.252096
0 0.447878 0.966429 0.095938 0.056271 -0.114254
0 0.824219 0.948242 0.105337 0.051235 -0.274168
0 0.728907 0.894531 0.105315 0.050746 -0.015150
0 0.819088 0.467294 0.095125 0.052198 -0.116268
0 0.745209 0.624946 0.097928 0.050654 -0.148890
0 0.494741 0.377001 0.093958 0.050797 -0.066587
0 0.137857 0.252329 0.096274 0.048967 -1.464795
0 0.689723 0.271362 0.095084 0.048554 -0.389514
0 0.061719 0.339356 0.095812 0.048768 -1.470121
0 0.855245 0.657607 0.085402 0.048441 -0.167880
0 0.469532 0.672852 0.090625 0.048828 -0.000000
0 0.778906 0.197266 0.092467 0.045002 -0.244979
0 0.677708 0.205095 0.088262 0.044360 -0.210163
0 0.757812 0.684570 0.089049 0.045596 -0.176709
0 0.845298 0.741215 0.082458 0.045596 -0.171379
0 0.014004 0.806029 0.082273 0.044059 -1.444853
0 0.760547 0.068848 0.076195 0.042964 -0.149582
0 0.684901 0.134646 0.078689 0.038921 -0.120180
