0 0.819524 0.341462 0.115743 0.058588 -1.557099
0 0.347656 0.830566 0.107813 0.059570 0.000000
0 0.591015 0.688797 0.116141 0.057020 0.189480
0 0.379683 0.550819 0.102109 0.057013 0.156826
0 0.691393 0.859229 0.118441 0.053593 0.145628
0 0.880468 0.382812 0.114916 0.054824 -1.488789
0 0.694531 0.933594 0.109174 0.056709 0.117109
0 0.715801 0.715552 0.112261 0.053907 0.153708
0 0.585157 0.753906 0.106486 0.050394 0.210640
0 0.743009 0.319494 0.112499 0.051379 -1.418147
0 0.679147 0.295448 0.100972 0.056445 -1.446441
0 0.383714 0.627946 0.100936 0.055000 0.108942
4 0.338931 0.919483 0.109666 0.049840 0.071508
0 0.701225 0.787975 0.104979 0.050699 0.255809
0 0.734375 0.643555 0.105223 0.049795 0.194480
0 0.540309 0.261898 0.103134 0.050215 -1.335251
0 0.384990 0.483734 0.103550 0.047743 0.090660
0 0.254136 0.446957 0.097942 0.045501 -0.727990
0 0.571094 0.831055 0.092177 0.049171 0.137066
0 0.614844 0.275391 0.097630 0.042650 -1.310194
