0 0.332805 0.419128 0.104694 0.053694 -1.563334
0 0.665974 0.551721 0.094912 0.058607 -1.544883
0 0.139454 0.037109 0.097365 0.050833 -0.065692
0 0.785758 0.539006 0.094753 0.053861 1.514238
0 0.421093 0.855957 0.097272 0.049819 1.546609
0 0.580523 0.224158 0.089619 0.050879 1.501588
0 0.257856 0.152646 0.094637 0.048774 -1.570796
0 0.566415 0.483998 0.090748 0.050773 1.553254
0 0.883203 0.312500 0.092415 0.046710 -0.114465
0 0.891820 0.200951 0.091491 0.048713 -0.039262
0 0.138389 0.526396 0.090679 0.048799 -0.034469
0 0.906641 0.583496 0.082842 0.045550 -0.125912
0 0.143750 0.458008 0.091917 0.044895 -0.034469
0 0.896094 0.130859 0.084034 0.045071 -0.056543
0 0.894110 0.150421 0.078141 0.044991 -0.019997
0 0.122620 0.873641 0.079703 0.038978 1.551191
0 0.869531 0.006836 0.070312 0.041016 0.000000
