0 0.413200 0.335521 0.097034 0.053719 -0.648174
0 0.487846 0.450564 0.093947 0.053805 0.210446
0 0.432609 0.843259 0.095350 0.051607 0.246015
0 0.503919 0.390807 0.095312 0.053983 0.181320
0 0.390179 0.983466 0.095294 0.049612 0.094569
0 0.050670 0.044371 0.095364 0.053730 -1.254227
0 0.577803 0.042497 0.089674 0.049452 0.166900
0 0.451595 0.773216 0.093515 0.048460 0.166252
0 0.061029 0.073759 0.090193 0.052107 -1.325818
0 0.409765 0.911621 0.088010 0.046901 0.245780
0 0.552694 0.176939 0.089281 0.048564 0.269630
0 0.528609 0.268586 0.089547 0.048869 0.070364
0 0.518528 0.327587 0.081507 0.052328 0.174672
0 0.463031 0.594509 0.084925 0.046397 0.261148
0 0.451804 0.706112 0.078176 0.041760 0.200815
0 0.453049 0.650095 0.077876 0.043555 0.245339
0 0.483713 0.124128 0.074605 0.042707 -0.407655
