1 0.878906 0.716797 0.304152 0.064439 0.067256
0 0.787243 0.531480 0.096533 0.051345 0.111255
0 0.462538 0.666021 0.096175 0.049980 0.089867
0 0.751303 0.421931 0.090961 0.053043 0.085994
0 0.916406 0.554687 0.091517 0.051320 0.104877
0 0.626953 0.417969 0.093689 0.046519 0.127791
0 0.485118 0.396036 0.095628 0.045268 0.090660
0 0.891017 0.440408 0.083317 0.046165 0.104290
0 0.998796 0.464105 0.076035 0.052980 0.165149
0 0.220738 0.358502 0.090840 0.041322 0.068856
0 0.350845 0.375096 0.070731 0.043146 0.090660
