2 0.832031 0.512695 0.163923 0.068222 1.473060
4 0.748833 0.270584 0.116829 0.064712 1.469227
0 0.742849 0.523942 0.107484 0.054898 1.401824
1 0.063418 0.181326 0.113232 0.055170 0.496423
4 0.063418 0.181326 0.113232 0.055170 0.496423
1 0.825013 0.937582 0.109709 0.053631 1.384573
0 0.884375 0.935547 0.096447 0.056939 1.456542
0 0.084884 0.292787 0.088869 0.047805 0.499670
0 0.693371 0.963878 0.092240 0.053267 1.114724
0 0.559363 0.261549 0.084457 0.051988 1.487080
0 0.635015 0.761703 0.097628 0.048764 0.876058
0 0.624742 0.601367 0.094799 0.050026 1.421906
0 0.408050 0.719219 0.096230 0.049282 1.005312
0 0.531796 0.594881 0.090049 0.049131 0.893787
0 0.615248 0.175063 0.086944 0.047940 1.498796
0 0.486794 0.260108 0.087723 0.045225 1.499489
0 0.553023 0.424055 0.084606 0.046747 1.496857
0 0.061704 0.029335 0.080411 0.047948 0.444419
0 0.397656 0.336914 0.087904 0.043012 0.697021
0 0.192769 0.262026 0.083166 0.041832 0.446842
0 0.807451 0.133745 0.073967 0.044920 1.518358
0 0.275523 0.194478 0.073668 0.043682 0.580443
