0 0.561329 0.626953 0.109436 0.058640 0.097949
0 0.078125 0.344727 0.098878 0.056756 0.213369
0 0.338719 0.573795 0.098948 0.052667 -0.122682
0 0.447657 0.947754 0.105531 0.051956 0.168191
0 0.472656 0.788086 0.094974 0.055909 0.184324
0 0.086304 0.492943 0.090108 0.052990 0.073266
0 0.921094 0.694336 0.093222 0.049849 0.093671
0 0.500901 0.781475 0.095607 0.051327 0.197396
0 0.705637 0.569257 0.091109 0.052856 0.103082
0 0.586719 0.572266 0.090377 0.051652 0.141897
0 0.227056 0.571345 0.086292 0.051103 0.090660
0 0.560916 0.206701 0.091832 0.047522 0.165149
0 0.456250 0.531250 0.095446 0.045072 0.116142
0 0.262501 0.976562 0.088325 0.047866 0.179854
0 0.047656 0.331055 0.091040 0.045851 0.141897
0 0.007752 0.548975 0.074830 0.053543 0.095173
0 0.104687 0.558594 0.091192 0.042977 0.070188
0 0.856250 0.619141 0.082983 0.047014 0.114877
0 0.321897 0.510832 0.087848 0.043320 0.089050
0 0.443990 0.599516 0.082945 0.045181 0.056543
0 0.686698 0.657876 0.061779 0.047197 0.164932
