0 0.077310 0.594254 0.090638 0.058518 -1.553557
0 0.851546 0.157027 0.091430 0.056943 1.467715
0 0.291373 0.613260 0.095828 0.053581 1.406597
0 0.892187 0.009766 0.095589 0.050894 -1.537606
0 0.760156 0.602539 0.092188 0.052734 -1.570796
0 0.772089 0.177371 0.089988 0.053415 1.258507
0 0.914844 0.157227 0.095312 0.048828 -1.570796
0 0.521053 0.071394 0.093823 0.048322 1.427549
0 1.000008 0.035570 0.092201 0.048854 -1.553849
0 0.971874 0.165039 0.085156 0.052799 -1.551931
0 0.584391 0.072813 0.089244 0.048909 1.481039
0 0.535892 0.613761 0.105847 0.040466 0.148160
0 0.656250 0.116211 0.088379 0.048855 -1.552941
0 0.946094 0.021484 0.083623 0.050809 -1.551931
0 0.005469 0.601563 0.086136 0.048867 1.534449
0 0.944531 0.591797 0.086585 0.046803 1.515298
0 0.458821 0.099858 0.079815 0.043332 1.437084
0 0.901726 0.609407 0.082936 0.046916 1.529154
0 0.845611 0.003878 0.079746 0.043106 -1.523213
