0 0.850180 0.398759 0.096054 0.056775 1.501940
0 0.850000 0.530273 0.098686 0.053129 1.264120
0 0.720315 0.404398 0.092402 0.056607 1.536327
0 0.662354 0.406280 0.093801 0.054795 -1.533776
0 0.778126 0.416016 0.093750 0.054688 -1.570796
0 0.690625 0.552734 0.096875 0.052734 -1.570796
0 0.906675 0.938528 0.093013 0.054327 1.455920
0 0.760949 0.144450 0.097668 0.050775 -1.554404
0 0.914944 0.539123 0.094399 0.053148 1.070129
0 0.288289 0.508851 0.097090 0.051376 1.408307
0 0.352214 0.506745 0.093254 0.053015 1.419421
0 0.999959 0.933172 0.089732 0.054994 1.448601
0 0.624167 0.566159 0.090166 0.053257 1.414194
0 0.421978 0.543833 0.089282 0.052605 1.500736
0 0.744531 0.559570 0.089063 0.052734 -1.570796
0 0.306257 0.099138 0.087514 0.052761 1.552941
0 0.914530 0.394095 0.089569 0.050873 1.507828
0 0.543146 0.589757 0.089075 0.048239 1.197809
0 0.795375 0.552660 0.090961 0.047205 1.484802
0 0.611773 0.403412 0.085994 0.048725 -1.534449
0 0.685325 0.132230 0.079683 0.048293 -1.379947
0 0.742968 0.995117 0.081425 0.047776 1.431700
0 0.830469 0.143555 0.087871 0.043118 1.444204
0 0.380468 0.090820 0.068750 0.052734 -1.570796
0 0.225892 0.547440 0.078825 0.044523 1.330625
0 0.434376 0.109375 0.073436 0.047000 1.527345
0 0.496899 0.120576 0.076578 0.044992 -1.550391
