4 0.996875 0.034180 0.109414 0.051435 -0.212144
4 0.996875 0.012695 0.109414 0.051435 -0.212144
0 0.918751 0.367676 0.091776 0.055838 -1.543813
0 0.818750 0.977539 0.099119 0.052728 -1.554925
0 0.899219 0.678711 0.093110 0.055860 0.940762
0 0.902372 0.841422 0.097328 0.053054 -1.474323
0 0.760989 0.797903 0.092240 0.054590 -1.536911
0 0.984318 0.773443 0.086280 0.056630 -0.073939
0 0.666407 0.980469 0.095312 0.050781 -1.570796
0 0.673438 0.770508 0.087500 0.054688 -1.570796
0 0.989063 0.267578 0.095245 0.049420 0.393451
0 0.989062 0.236328 0.095245 0.049420 0.393451
0 0.911327 0.545919 0.095360 0.048948 -1.529154
0 0.889362 0.221624 0.083086 0.054247 1.023394
0 0.552344 0.753906 0.099433 0.044979 -1.554669
0 0.819589 0.131841 0.084606 0.052735 -1.496857
0 0.911718 0.079102 0.081250 0.054688 -1.570796
4 0.946875 0.958008 0.093228 0.047560 -0.343024
4 0.942188 0.938477 0.093228 0.047560 -0.343024
0 0.679688 0.288086 0.090625 0.048828 -1.570796
0 0.686718 0.090821 0.094114 0.046914 -1.537475
0 0.984375 0.710938 0.089715 0.048758 0.053520
0 0.729779 0.159146 0.086054 0.050819 -1.532354
0 0.984375 0.836914 0.085142 0.050773 -0.018516
0 0.570284 0.552696 0.079689 0.050819 0.038443
0 0.992207 0.628823 0.089404 0.045262 0.087495
0 0.774196 0.104971 0.079703 0.050733 1.551191
0 0.675781 0.437500 0.079687 0.048828 -1.570796
0 0.820312 0.384766 0.079687 0.046875 -1.570796
0 0.999218 0.437500 0.068750 0.046875 -0.000000
