0 0.890249 0.664221 0.129615 0.067485 -1.464061
0 0.548121 0.741633 0.123556 0.066466 0.165149
0 0.949219 0.180664 0.130973 0.058715 0.084138
0 0.817591 0.248522 0.115315 0.066664 0.088007
0 0.538465 0.830636 0.122813 0.060830 0.096474
0 0.799383 0.468201 0.110905 0.062868 0.077974
0 0.535164 0.906153 0.125623 0.059080 0.099669
0 0.561113 0.514395 0.117697 0.058340 0.093064
0 0.582812 0.288086 0.120059 0.057176 0.130827
0 0.794339 0.627806 0.111113 0.060890 0.056279
0 0.231905 0.891268 0.105428 0.059905 0.148721
0 0.567814 0.441387 0.110387 0.060829 0.099669
0 0.553291 0.599624 0.109654 0.060671 0.071307
0 0.791660 0.715742 0.119580 0.055227 0.117872
0 0.790014 0.549857 0.111212 0.059155 0.073939
0 0.962806 0.089823 0.115636 0.056688 0.013513
0 0.817195 0.169715 0.117852 0.055415 0.106265
0 0.586625 0.361172 0.121534 0.053585 0.141897
0 0.610938 0.059570 0.115222 0.056441 0.056279
0 0.588750 0.211133 0.113375 0.056688 0.124355
0 0.597656 0.135742 0.118844 0.053304 0.132552
0 0.934375 0.261719 0.106858 0.058623 0.044089
0 0.517573 0.985110 0.114234 0.053297 0.054740
0 0.540890 0.673835 0.100490 0.055039 0.096129
0 0.317098 0.237108 0.108379 0.051014 -1.482789
0 0.154317 0.221418 0.098401 0.052957 -1.449697
0 0.098144 0.212291 0.101751 0.049996 -1.438560
0 0.236978 0.821919 0.097718 0.053001 0.152707
0 0.216089 0.966573 0.098883 0.053423 0.094952
0 0.254470 0.677628 0.091807 0.053355 0.083284
0 0.263264 0.613059 0.098309 0.048790 0.101777
0 0.207724 0.218704 0.092834 0.048948 -1.452704
0 0.149218 0.603516 0.088369 0.041634 0.075329
