0 0.521930 0.990112 0.100429 0.048984 -0.079830
4 0.196875 0.166992 0.095004 0.051231 -0.666908
0 0.858246 0.110107 0.098722 0.046095 0.933726
0 0.928842 0.222944 0.105350 0.042901 0.953995
0 0.105661 0.256341 0.097076 0.045520 -0.579074
0 0.318719 0.379180 0.087812 0.048828 -0.643501
0 0.278356 0.083737 0.085766 0.049782 -0.706614
0 0.380445 0.715298 0.093958 0.045082 -1.504228
0 0.789844 0.009766 0.095313 0.042969 0.927295
0 0.909375 0.309570 0.089159 0.045761 0.885067
0 0.179131 0.379585 0.089500 0.045555 -0.773053
0 0.372407 0.092355 0.099375 0.040628 0.930440
0 0.792507 0.115906 0.087832 0.044902 0.917950
0 0.524219 0.859375 0.086433 0.045091 -0.090660
0 0.852344 0.216797 0.087563 0.044216 0.901753
0 0.407812 1.001953 0.078922 0.048818 0.019997
0 0.452376 0.042048 0.088457 0.043366 0.948493
0 0.277344 0.725586 0.084639 0.045037 -1.533078
0 0.149085 0.030797 0.090044 0.042094 0.896055
0 0.522704 0.270027 0.084143 0.044538 0.909753
0 0.654601 0.261850 0.081300 0.046095 -0.635027
0 0.548050 0.069759 0.084077 0.044464 -0.718830
0 0.335658 0.180522 0.081923 0.045596 -0.609163
0 0.621875 0.910156 0.100476 0.037105 0.015624
0 0.222656 0.741211 0.086292 0.043146 1.480136
0 0.576562 0.110352 0.089102 0.041758 -0.697021
0 0.306567 0.131142 0.086278 0.042446 -0.618144
0 0.621366 0.204535 0.083210 0.043864 -0.598419
0 0.743750 0.391602 0.084722 0.043012 -0.680521
0 0.023667 0.093316 0.083459 0.043331 -0.665969
0 0.556809 0.230529 0.086673 0.041724 0.977794
0 0.628594 0.857227 0.088181 0.040941 -0.124355
0 0.800781 0.301758 0.086826 0.041438 -0.654571
0 0.138002 0.338663 0.081249 0.044244 -0.682317
0 0.060156 0.136719 0.086374 0.041394 -0.639770
0 0.803906 0.566406 0.091145 0.039175 -0.035073
0 0.159541 0.132333 0.086673 0.041196 -0.593003
0 0.829931 0.346263 0.085425 0.041762 -0.694738
0 0.510156 -0.009766 0.082486 0.043239 -0.868539
0 0.622656 0.970703 0.086433 0.041201 -0.090660
0 0.895857 0.439670 0.087193 0.040635 -0.632749
0 0.693668 0.121972 0.086631 0.040547 -0.683191
0 0.432804 0.196274 0.085782 0.040639 0.967567
0 0.732812 0.013672 0.087229 0.039420 0.916225
0 0.866652 0.397183 0.088499 0.038760 -0.735440
0 0.633766 0.595254 0.082422 0.041432 -0.141897
0 0.650309 0.030446 0.085933 0.039480 -0.632749
0 0.425820 0.701263 0.086065 0.039217 -1.516305
0 0.600594 0.155938 0.083750 0.040234 -0.643501
0 0.474219 0.171875 0.085937 0.039062 0.927295
0 0.719531 0.166992 0.084089 0.039919 -0.662730
0 0.744531 0.211914 0.085039 0.039060 -0.654571
0 0.504524 0.135803 0.083751 0.039463 0.931027
0 0.624165 0.802058 0.083334 0.039257 -0.099669
0 0.583594 0.394531 0.078051 0.041785 -0.627308
0 0.952849 0.116482 0.083459 0.039053 -0.665969
0 0.671010 0.075888 0.083210 0.038509 -0.598419
0 0.875953 0.005883 0.080039 0.039959 -0.674741
0 0.093810 0.610953 0.080285 0.039836 -1.373401
0 0.557812 0.343750 0.080605 0.039002 -0.588003
0 0.346153 0.589986 0.076626 0.040902 -1.530003
0 0.142969 0.589844 0.080101 0.039110 -1.512041
0 0.443979 0.373404 0.083455 0.037518 -0.674741
0 0.188281 0.595703 0.082295 0.037618 1.273732
0 0.407486 0.327763 0.081490 0.037899 -0.566729
0 -0.001604 0.268474 0.075855 0.040609 -0.574305
0 0.277344 0.344727 0.077814 0.039540 -0.554307
0 0.267969 0.586914 0.078577 0.039109 -1.510868
0 0.894512 0.557130 0.078262 0.039111 -0.049958
0 0.385937 0.271484 0.080272 0.037906 -0.631691
0 0.009375 0.600586 0.077389 0.039251 -1.489344
0 0.250000 0.041992 0.077848 0.038607 -0.622671
0 0.046103 0.602938 0.076578 0.039094 -1.550391
0 0.310937 0.594727 0.075325 0.039110 1.529154
0 0.075781 0.205078 0.080575 0.036316 -0.604306
0 0.360156 0.228516 0.078772 0.036821 -0.599175
0 0.226602 0.587728 0.076706 0.037279 1.509648
0 0.434335 0.587728 0.076706 0.037279 -1.509648
0 0.199219 0.242187 0.075909 0.037306 -0.726642
0 0.397635 0.573868 0.078141 0.035110 1.550799
0 0.226335 0.267811 0.078825 0.034767 -0.687124
0 0.248879 0.307284 0.075248 0.036014 -0.708626
0 0.170684 0.893520 0.065644 0.039005 -0.023805
0 0.014494 0.526379 0.064910 0.036014 0.218669
