2 0.036719 0.986328 0.203203 0.065249 -0.708626
4 0.987491 0.320518 0.126128 0.046746 -0.732815
0 1.007582 0.552169 0.095120 0.050980 -0.831876
0 0.973794 0.750374 0.095043 0.049833 0.808650
0 0.493286 0.858384 0.087625 0.053530 -0.697021
0 0.662500 0.969726 0.095061 0.048774 0.880350
0 0.068299 0.217427 0.102030 0.044267 -0.698660
0 0.039063 0.172852 0.101347 0.044276 -0.708626
0 0.039844 0.519531 0.093557 0.047673 0.940762
0 0.241372 0.341560 0.102030 0.043250 0.872136
0 0.650420 0.697105 0.087088 0.049795 -0.729900
0 0.097365 0.266331 0.099814 0.042803 -0.714091
0 0.743750 0.827149 0.090288 0.047279 -0.674741
0 0.531250 0.913086 0.090945 0.046924 -0.822418
0 0.023170 0.356735 0.093044 0.045755 -0.714091
0 0.803516 0.427246 0.099437 0.042813 0.785398
0 0.562193 0.957698 0.094075 0.045253 -0.726642
0 0.372524 0.867119 0.087848 0.047592 -0.671963
0 0.986949 0.111568 0.091026 0.045763 -0.876058
0 0.443750 0.538086 0.090035 0.046080 0.909753
0 0.979823 0.842971 0.093919 0.044159 0.797162
0 0.387452 0.548759 0.099805 0.041524 0.851966
0 0.213984 0.633882 0.090625 0.045595 -0.761013
0 0.272228 0.726059 0.089664 0.045574 -0.723748
0 0.433153 0.964147 0.091028 0.044790 -0.688145
0 0.775076 0.694660 0.086629 0.047004 -0.688924
0 0.971986 0.975618 0.084124 0.048357 -0.756835
0 0.542066 0.338935 0.085911 0.047280 -0.668289
0 0.834375 0.968750 0.086179 0.046956 -0.785398
0 0.684795 0.899813 0.090835 0.044280 0.847817
0 0.369089 0.670547 0.085014 0.047266 -0.692334
0 0.399489 0.914776 0.089761 0.044538 -0.661043
0 0.156250 0.366211 0.087283 0.045575 -0.785398
0 0.682031 0.738281 0.087283 0.045575 -0.785398
0 0.797803 0.921672 0.089500 0.044225 -0.773053
0 0.188119 0.589038 0.092028 0.043010 -0.701260
0 0.313435 0.452377 0.102030 0.038764 0.872136
0 0.864844 0.379883 0.089300 0.044180 -0.760403
0 0.833594 0.334961 0.089300 0.044180 -0.760403
0 0.530151 0.775920 0.091869 0.042819 0.845566
0 0.907031 0.658203 0.091703 0.042813 0.785398
0 -0.007813 0.310547 0.085762 0.045694 -0.639770
0 0.953639 0.631334 0.091869 0.042653 0.845566
0 0.409160 0.158877 0.083045 0.047037 -0.726642
0 0.257457 0.125390 0.085253 0.045748 -0.720554
0 0.600379 0.868861 0.090840 0.042803 0.856706
0 -0.004613 0.056674 0.082871 0.046842 -0.037718
0 0.623401 0.805612 0.087598 0.044280 0.848605
0 0.910156 0.753906 0.090099 0.042967 0.835357
0 0.875150 0.834753 0.087290 0.044226 -0.772741
0 0.416898 0.341227 0.087346 0.044162 -0.747442
0 0.298438 0.560547 0.087113 0.044180 -0.759763
0 0.430065 0.769114 0.089664 0.042817 -0.723748
0 0.702344 0.588867 0.086179 0.044194 -0.785398
0 0.845222 0.786240 0.088416 0.042834 -0.760403
0 0.398047 0.720215 0.088388 0.042813 -0.785398
0 0.089131 0.448339 0.085253 0.044280 -0.722979
0 0.909375 0.880859 0.082437 0.045740 -0.662730
0 0.746094 0.643555 0.087950 0.042863 -0.772412
0 0.377955 0.440237 0.085081 0.044226 0.798384
0 0.592823 0.426563 0.085136 0.044082 -0.753151
0 0.837030 0.131512 0.090625 0.041352 -0.761013
0 0.733437 0.329687 0.086433 0.043217 0.862170
0 0.154172 0.543202 0.087613 0.042606 -0.714091
0 0.116732 0.495448 0.084219 0.044280 -0.722979
0 0.883928 0.537559 0.089555 0.041506 0.822418
0 0.809375 0.746094 0.083969 0.044194 -0.785398
0 0.325000 0.212891 0.083969 0.044194 -0.785398
0 0.846875 0.662109 0.089008 0.041661 0.836635
0 0.253181 0.256433 0.086204 0.043013 0.881872
0 0.503113 0.282029 0.083459 0.044208 -0.665969
0 0.783684 0.571420 0.088637 0.041523 0.860258
0 0.941895 0.927095 0.082930 0.044269 -0.745419
0 0.746203 0.991280 0.085138 0.042942 0.824340
0 0.665625 0.543945 0.084839 0.043006 -0.864182
0 0.974067 0.259688 0.083048 0.043913 -0.718830
0 0.623998 0.467544 0.085065 0.042835 -0.753151
0 0.836719 0.572266 0.085074 0.042813 0.785398
0 0.339374 0.821707 0.090620 0.040075 -0.750929
0 0.580469 0.606445 0.086801 0.041519 -0.734161
0 0.314844 0.346680 0.086801 0.041519 0.836635
0 0.664972 0.399698 0.086292 0.041661 0.836635
0 0.723906 0.484991 0.086207 0.041489 0.811034
0 0.125781 0.315430 0.089353 0.040017 -0.697021
0 0.058316 0.404617 0.080722 0.044270 -0.744325
0 0.286719 0.166016 0.086056 0.041508 -0.824340
0 0.900147 0.424545 0.088499 0.040208 -0.735440
0 0.447022 0.383530 0.088499 0.040208 -0.735440
0 0.638829 0.265899 0.082928 0.042835 0.817645
0 0.566406 0.383789 0.085827 0.041375 -0.732815
0 0.473437 0.426758 0.085511 0.041429 -0.772412
0 0.916406 0.194336 0.085335 0.041490 -0.811708
0 0.501800 0.627672 0.087455 0.040441 0.856706
0 0.303462 0.775978 0.085138 0.041508 -0.746457
0 0.357476 0.255272 0.085138 0.041508 -0.746457
0 0.521875 0.514648 0.084544 0.041766 -0.692334
0 0.749594 0.196914 0.082812 0.042578 -0.643501
0 0.931946 0.464894 0.081789 0.042909 -0.758378
0 0.466797 0.997559 0.081759 0.042813 -0.785398
0 0.338150 0.612198 0.087270 0.040075 -0.750929
0 0.552875 0.558899 0.087290 0.040065 -0.772741
0 0.621875 0.651367 0.087283 0.040051 -0.785398
0 0.561719 0.715820 0.085747 0.040519 0.878462
0 0.710314 0.783010 0.082871 0.041428 -0.772066
0 0.600000 1.003906 0.080040 0.042789 -0.799482
0 0.940405 0.235774 0.079672 0.042671 -0.840897
0 0.971094 0.514648 0.079075 0.042828 -0.799482
0 0.499228 0.469577 0.086433 0.038980 -0.708626
0 0.694000 0.357663 0.086292 0.038619 0.836635
0 0.607078 0.306713 0.082236 0.040264 0.893088
0 0.219040 0.449634 0.079667 0.041524 -0.718830
0 0.256250 0.009766 0.086823 0.037889 -0.165149
0 0.712500 0.152344 0.083969 0.038670 -0.785398
0 0.244005 0.679426 0.088829 0.036004 -0.685729
0 0.775781 0.251953 0.081778 0.038757 -0.689800
0 0.596875 0.196289 0.084343 0.037221 -0.677708
0 0.568110 0.144333 0.080662 0.038704 -0.771700
0 0.882617 0.163275 0.079072 0.039058 -0.659310
0 0.804784 0.292867 0.077623 0.036012 -0.699893
