4 0.620714 0.919565 0.115704 0.054667 0.019221
0 0.615270 0.202946 0.100928 0.051604 0.037345
0 0.881242 0.859286 0.102150 0.053059 1.463517
0 0.614063 0.272461 0.109988 0.048982 0.071307
0 0.613428 0.478362 0.097323 0.050506 0.086738
4 0.600000 0.762695 0.090625 0.056641 -0.000000
0 0.627020 0.698707 0.092201 0.047812 0.016948
0 0.764506 0.414939 0.095517 0.046775 -0.065480
0 0.614082 0.627849 0.091900 0.047061 0.104450
0 0.310937 0.978516 0.081748 0.047925 0.029400
0 0.606226 0.831367 0.093866 0.044876 -0.045423
0 0.743748 0.841365 0.081646 0.048695 -0.009593
0 0.616388 0.401876 0.089182 0.044964 0.043451
0 0.763597 0.071279 0.089076 0.044949 0.017542
0 0.321177 0.744633 0.087683 0.044023 0.036023
0 0.328907 0.568359 0.082883 0.045270 0.095243
0 0.329759 0.627394 0.082437 0.042114 0.036963
0 0.759375 0.947266 0.078125 0.046875 0.000000
0 0.605469 0.781250 0.084722 0.043012 0.037020
0 0.622375 0.550796 0.076567 0.043136 0.083513
0 0.335781 0.503968 0.079932 0.044937 0.078271
0 0.622656 0.018555 0.079687 0.044922 0.000000
0 0.319970 0.803195 0.082116 0.040267 0.059481
0 0.327344 0.680176 0.083455 0.040024 0.019598
0 0.344332 0.345764 0.076558 0.045091 0.083141
0 0.316155 0.858375 0.085836 0.039996 0.028525
0 0.313735 0.913069 0.077813 0.041992 0.030192
0 0.347656 0.293945 0.077930 0.041039 0.081452
0 0.350782 0.236328 0.075649 0.041198 0.083141
0 0.353125 0.183594 0.079306 0.039250 0.119429
0 0.335653 0.452119 0.076817 0.039251 0.081452
0 0.357812 0.132812 0.079413 0.037563 0.139096
0 0.614844 0.068359 0.073437 0.039062 0.000000
0 0.616406 0.087891 0.073437 0.039062 0.000000
0 0.365411 0.020654 0.072146 0.038916 0.086738
0 0.621875 0.135742 0.071875 0.039062 0.000000
0 0.342945 0.398536 0.075406 0.037112 0.103792
0 0.617314 0.336720 0.071981 0.037280 0.061941
0 0.621202 0.036095 0.068821 0.037071 0.045423
0 0.364020 0.081155 0.072298 0.035161 0.108271
