4 0.097265 0.156250 0.118159 0.062086 -0.726732
4 0.246109 0.348617 0.123477 0.059786 -0.668812
4 0.132708 0.201326 0.118042 0.053843 -0.702193
0 0.283512 0.405159 0.117057 0.055464 -0.729900
4 0.285075 0.405159 0.117057 0.055464 -0.729900
4 0.177343 0.250000 0.122696 0.052543 -0.712799
4 0.213069 0.293634 0.119827 0.053797 -0.704494
0 0.327344 0.444336 0.116603 0.052442 -0.823841
4 0.330469 0.444336 0.116603 0.052442 -0.823841
4 0.052166 0.106582 0.119406 0.051013 -0.748378
0 0.669475 0.881954 0.103049 0.045691 -0.751644
4 0.006901 0.045088 0.111596 0.046954 -0.795299
4 0.025651 0.064619 0.111596 0.046954 -0.795299
0 0.436134 0.563188 0.098851 0.042918 -0.786914
0 0.103732 0.837700 0.100049 0.043306 -0.769349
0 0.068508 0.804342 0.092602 0.050160 -0.718830
0 0.134374 0.883789 0.096624 0.043706 -0.837893
0 0.372135 0.482128 0.094468 0.042898 -0.784266
0 0.167764 0.927534 0.093388 0.045632 -0.768551
0 0.698828 0.923828 0.088904 0.043207 -0.714590
0 0.467382 0.612549 0.094124 0.045573 -0.791280
0 0.402344 0.526367 0.096122 0.045575 -0.785398
0 0.034375 0.756836 0.097307 0.044821 -0.679909
0 0.528906 0.701172 0.092399 0.045555 -0.858439
0 0.563281 0.749023 0.089300 0.044180 -0.810393
0 0.496849 0.657192 0.095037 0.041503 -0.750929
0 0.597656 0.802734 0.094309 0.041429 -0.797162
0 0.736328 0.966308 0.097227 0.040051 -0.785398
0 0.207107 0.973514 0.092240 0.040569 -0.896055
0 0.010094 0.706813 0.083185 0.044280 -0.722979
0 0.632031 0.843750 0.090321 0.040004 -0.810393
