2 0.412871 0.676374 0.194364 0.075391 0.641883
0 0.099252 0.184826 0.101579 0.061752 0.994205
0 0.705469 0.734375 0.090779 0.054691 0.070082
0 0.220629 0.404035 0.092989 0.054295 0.925035
0 0.108841 0.911736 0.099587 0.046581 -0.559994
0 0.053926 0.682257 0.095112 0.048793 -1.075493
0 0.034883 0.793095 0.092235 0.045307 -0.633294
0 0.064010 0.850776 0.094117 0.044513 -0.632542
0 0.129026 0.965541 0.082047 0.045825 -0.573295
0 -0.000701 0.529359 0.082812 0.048239 -1.016489
0 0.023438 0.608398 0.084201 0.041201 -1.024007
