0 0.855606 0.952205 0.098487 0.050694 -0.031735
0 0.956250 0.570312 0.089229 0.050888 -0.035699
0 0.847570 0.888764 0.092518 0.048819 -0.084544
0 0.096094 0.226562 0.095116 0.047012 1.520838
0 0.837516 0.701414 0.090831 0.049146 -0.083141
0 0.683852 0.918520 0.090423 0.048161 -0.316286
0 0.833594 0.637695 0.094166 0.044962 -0.033321
0 0.642599 0.484532 0.087458 0.045711 -0.327400
0 0.599219 0.075195 0.079672 0.049795 -0.446106
0 0.690996 0.986671 0.085353 0.046195 -0.414507
0 0.650625 0.553125 0.082022 0.045705 -0.321750
0 0.862452 0.578199 0.079749 0.046762 0.039196
0 0.684280 0.852287 0.082421 0.044685 -0.442374
0 0.669471 0.786734 0.077522 0.047240 -0.519146
0 0.604730 0.200173 0.079810 0.044624 -0.402321
0 0.655902 0.629067 0.076918 0.045429 -0.444419
0 0.601461 0.137748 0.078361 0.042069 -0.391700
0 0.665625 0.716797 0.074543 0.042070 -0.388319
