2 0.100000 0.759766 0.175528 0.072245 -1.561788
2 0.348869 0.786739 0.177769 0.070556 1.487655
2 0.464844 0.752930 0.142113 0.053046 1.482140
0 0.840625 0.860351 0.122714 0.055000 1.468590
0 0.907281 0.701202 0.095498 0.046738 1.525373
0 0.850846 0.701165 0.094075 0.046875 1.487655
0 0.743929 0.711948 0.096988 0.044876 1.525373
0 0.796094 0.708984 0.093750 0.044922 -1.570796
0 0.560525 0.851519 0.091106 0.041201 1.475845
0 0.554875 0.711950 0.090671 0.041062 1.523213
0 0.411719 0.716797 0.089838 0.037015 -1.499489
