0 0.678125 0.583984 0.109342 0.054999 -1.055247
1 0.553125 0.353516 0.116173 0.050931 1.489892
0 0.666442 0.387899 0.100374 0.054135 -0.425216
0 0.476547 0.006642 0.094529 0.058886 1.471128
0 0.171887 0.952392 0.100195 0.054825 1.508378
0 0.425561 0.105035 0.092899 0.052001 1.481775
0 0.742110 0.768345 0.101189 0.049762 -0.233743
0 0.697369 0.702945 0.098450 0.051116 -0.627629
0 0.578032 0.739945 0.101994 0.048801 1.478750
0 0.564090 0.547598 0.096988 0.050911 1.522447
0 0.727440 0.892564 0.090894 0.053538 -0.124355
0 0.660156 0.275391 0.094731 0.050679 -1.264917
0 0.770773 0.830891 0.090759 0.051379 -0.152649
0 0.666406 0.471680 0.100271 0.041514 -0.740983
0 0.646093 0.111328 0.091594 0.044907 -0.549374
0 0.639073 0.025834 0.092280 0.041140 -0.493941
