0 0.906969 0.890199 0.102297 0.051799 -0.076540
0 0.902315 0.827242 0.094206 0.055881 -0.042159
0 0.544531 0.398438 0.098437 0.054688 0.000000
0 0.553257 0.588862 0.101611 0.052770 -0.030760
0 0.883594 0.208496 0.095312 0.051758 0.000000
0 0.558203 0.833984 0.102793 0.048724 -0.046023
0 0.910156 0.758789 0.104154 0.048736 -0.061461
0 0.263824 0.652827 0.095763 0.047944 0.016948
0 0.672432 0.059143 0.097371 0.047799 -0.117599
0 0.682110 0.142199 0.097104 0.050819 -0.038443
0 0.126235 0.413095 0.096888 0.050806 0.016128
0 0.561888 0.961846 0.100049 0.048987 -0.031240
0 0.543802 0.168762 0.092356 0.052771 -0.037020
0 0.896875 0.516602 0.094959 0.050913 -0.049958
0 0.688281 0.524414 0.098437 0.048828 -0.000000
0 0.695312 0.773438 0.093750 0.050781 -0.000000
0 0.689062 0.581055 0.096875 0.048828 0.000000
0 0.555469 0.713867 0.096665 0.048736 -0.033321
0 0.889062 0.337891 0.092426 0.050818 -0.033885
0 0.914062 0.954590 0.092101 0.049633 -0.035699
0 0.117281 0.660185 0.092240 0.050752 -0.033885
0 0.696968 0.712530 0.095427 0.048600 -0.045423
0 0.256250 0.531250 0.090625 0.050781 -0.000000
0 0.695964 0.833013 0.093802 0.048866 -0.033321
0 0.255457 0.350276 0.093786 0.048744 -0.039654
0 0.128906 0.596680 0.085938 0.052734 0.000000
0 0.889562 0.279341 0.088947 0.050931 0.071307
0 0.688044 0.463887 0.092399 0.048981 -0.067693
0 0.546875 0.284180 0.096273 0.046901 0.016392
0 0.893700 0.454552 0.095295 0.046916 -0.041643
0 0.689853 0.213175 0.087684 0.050737 -0.041643
0 0.247656 0.474609 0.094114 0.046914 -0.033321
0 0.688651 0.399423 0.085952 0.050773 0.018180
0 0.688281 0.341797 0.085938 0.050781 0.000000
0 0.903125 0.579102 0.096875 0.044922 -0.000000
0 0.545312 0.227539 0.087500 0.048828 -0.000000
0 0.256250 0.113281 0.090625 0.046875 -0.000000
0 0.125000 0.351562 0.087500 0.046875 -0.000000
0 0.686557 0.278327 0.090679 0.044963 -0.034469
0 0.554538 0.526408 0.089117 0.045031 -0.035073
0 0.905469 0.684570 0.089063 0.044922 -0.000000
0 0.558594 0.896484 0.084313 0.046765 -0.038443
0 0.258594 0.591797 0.082812 0.042969 0.000000
0 0.125000 0.122070 0.078125 0.044922 0.000000
0 0.686719 0.645508 0.085472 0.041048 -0.073939
