1 0.475329 0.813427 0.124985 0.060578 -1.538549
0 0.426820 0.058616 0.104515 0.052997 0.754128
0 0.690055 0.024914 0.095658 0.057593 0.016392
0 0.685418 0.082079 0.097688 0.051755 -0.024200
0 0.663990 0.646955 0.102490 0.050831 0.053427
0 0.644531 0.891113 0.095439 0.053292 0.124747
0 0.661689 0.574288 0.096384 0.053640 0.058742
0 0.397657 0.261230 0.099401 0.048797 0.024200
0 0.403906 0.197266 0.094954 0.053723 0.008333
0 0.667166 0.365957 0.095421 0.052771 0.037020
0 0.677773 0.150416 0.093763 0.052792 0.016665
0 0.682422 0.296875 0.092969 0.050781 -0.000000
0 0.666765 0.735238 0.100831 0.046712 0.077183
0 0.671890 0.435513 0.089117 0.054654 0.035073
0 0.654923 0.811489 0.093867 0.050913 0.049958
0 0.679237 0.222663 0.092201 0.048821 0.016948
