0 0.525183 0.590780 0.093667 0.056343 0.935617
0 0.747965 0.540201 0.098143 0.055571 0.922253
0 0.580078 0.065918 0.103383 0.054849 0.917950
0 0.800222 0.333134 0.095607 0.054299 0.878105
0 0.218360 0.095703 0.101438 0.054170 0.972109
0 0.382393 0.879873 0.096812 0.054930 0.900014
0 0.234379 0.541023 0.092707 0.057037 0.927845
0 0.679564 0.439952 0.099501 0.053210 0.892905
0 0.383852 0.263929 0.099214 0.054274 0.945132
0 0.546882 0.734874 0.102682 0.052317 0.894966
0 0.341179 0.924455 0.097659 0.050023 0.888480
0 0.279687 0.503906 0.100732 0.054155 0.978369
0 0.325611 0.780802 0.098754 0.053862 1.040017
0 0.444176 0.366851 0.094975 0.053934 0.953333
0 0.360541 0.434703 0.094738 0.053894 0.925724
0 0.650322 0.173634 0.091153 0.052562 0.957285
0 0.605833 0.208938 0.094088 0.053924 0.950547
0 0.516664 0.287268 0.094861 0.054722 0.962994
0 0.420244 0.225479 0.097030 0.050616 0.918830
0 0.715234 0.904297 0.087147 0.052469 0.976122
0 0.725651 0.101466 0.094977 0.054302 0.912908
0 0.841016 0.296386 0.101656 0.049400 0.920994
0 0.503125 0.776855 0.096710 0.051900 0.909158
0 0.065447 0.251341 0.093426 0.050764 0.940763
0 0.401054 0.706500 0.094748 0.050377 0.917160
0 0.755829 0.873993 0.092960 0.048784 0.989643
0 0.215028 0.402158 0.091247 0.052527 0.920375
0 0.561719 0.552246 0.099710 0.047504 0.914099
0 0.666700 0.614533 0.095248 0.052738 0.855053
0 0.051625 0.545452 0.095364 0.052642 0.960070
0 0.280101 0.815209 0.094261 0.052570 0.991957
0 0.475000 0.814453 0.100718 0.049795 0.840288
0 0.316713 0.466318 0.094696 0.052756 0.914095
0 0.558290 0.252084 0.097288 0.050535 0.961465
0 0.797657 0.834961 0.096450 0.051478 0.987423
0 0.958120 0.183913 0.092836 0.052286 0.978099
0 0.159747 0.793913 0.095079 0.049994 0.940223
0 0.866977 0.421894 0.091676 0.052116 1.045064
0 0.543360 0.114746 0.094228 0.050830 0.942970
0 0.202496 0.585904 0.096540 0.048059 0.864766
0 0.706084 0.572644 0.097254 0.049248 0.911103
0 0.598820 0.525226 0.089121 0.051188 0.842783
0 0.080927 0.692197 0.098450 0.049256 0.943167
0 0.586675 0.691624 0.093851 0.050290 0.886217
0 0.795772 0.505221 0.094001 0.048239 0.964191
0 0.690624 0.136719 0.092913 0.048945 0.889407
0 0.640553 0.478943 0.092567 0.051240 0.839558
0 0.138202 0.480800 0.083732 0.055872 0.933704
0 0.479240 0.628334 0.091342 0.050226 0.895990
0 0.624832 0.650667 0.092129 0.052006 0.972377
0 0.300642 0.333890 0.089823 0.047653 0.921684
0 0.721094 0.404297 0.092928 0.051225 0.906750
0 0.257812 0.368164 0.094472 0.050378 0.982794
0 0.118602 0.642636 0.092505 0.051201 0.917160
0 0.255859 0.063965 0.096288 0.047241 0.922401
0 0.214752 0.904503 0.088695 0.051766 0.940023
0 0.798015 0.017166 0.091604 0.049490 0.924690
0 0.989453 0.152832 0.095826 0.047486 0.858292
0 0.346875 0.301758 0.090718 0.050362 0.909829
0 0.480132 0.333443 0.092640 0.047279 0.909753
0 0.913646 0.389136 0.089831 0.047122 0.871260
0 0.103555 0.211263 0.094864 0.048499 0.892119
0 0.914063 0.218750 0.091531 0.050381 0.920375
0 0.403902 0.397731 0.090238 0.050931 1.004067
0 0.167704 0.432155 0.094088 0.048815 0.950547
0 0.499218 0.146484 0.089182 0.051240 0.898833
0 0.934219 0.744727 0.093850 0.048016 1.084608
0 0.362645 0.741486 0.090060 0.048462 0.966128
0 0.760085 0.051403 0.091345 0.048060 0.915913
0 0.099219 0.528320 0.093114 0.048502 0.893410
0 0.139221 0.171127 0.090178 0.049284 0.959926
0 0.955469 0.564411 0.088827 0.048469 -0.500017
0 0.430060 0.836368 0.091022 0.048515 0.870904
0 0.616513 0.023738 0.094773 0.045396 0.922325
0 0.575168 0.977419 0.087045 0.049397 1.032923
0 0.849694 0.819879 0.089664 0.048501 0.847048
0 0.177644 0.132738 0.087843 0.049163 0.909753
0 0.760515 0.372023 0.091626 0.045763 0.876058
0 0.456050 0.182709 0.094476 0.045481 0.973620
0 0.827272 0.463911 0.089391 0.045907 0.934906
0 0.891073 0.785280 0.089332 0.047280 0.902507
0 0.871094 0.250488 0.080590 0.047606 0.906203
0 0.028841 0.285761 0.084077 0.049292 0.975181
0 0.995126 0.697726 0.081798 0.047233 1.063657
0 0.290130 0.018049 0.082502 0.050010 0.919720
0 0.960209 0.330257 0.086292 0.047178 0.836635
0 0.443058 0.670586 0.084306 0.046588 1.003379
0 0.686328 0.771973 0.075163 0.048331 -0.785628
0 0.625602 0.961316 0.078250 0.044663 0.982068
0 0.668776 0.009737 0.077064 0.046030 0.859360
0 0.161355 0.617042 0.077224 0.043113 0.935617
0 0.671093 0.937500 0.075460 0.041185 0.994421
