4 0.356990 0.291606 0.288585 0.076562 -1.484058
4 0.416353 0.218512 0.296505 0.070730 -1.481091
4 0.686719 0.246094 0.247343 0.080107 -1.481293
4 0.639062 0.226562 0.237099 0.072502 -1.484915
4 0.342969 0.099609 0.195113 0.078514 -1.466339
4 0.291406 0.149414 0.196965 0.074308 -1.498920
1 0.061678 0.178890 0.114020 0.066382 -1.338700
1 0.777344 0.232422 0.121238 0.065027 -1.490966
1 0.012463 0.157685 0.121672 0.061550 -1.317122
1 0.729751 0.124866 0.118894 0.061367 -1.499489
1 0.117188 0.195312 0.108528 0.065817 -1.408069
0 0.401563 0.783203 0.106122 0.054517 -1.448335
0 0.467188 0.683594 0.106599 0.053045 -1.437267
0 0.563240 0.160764 0.092518 0.054987 -1.486253
0 0.506990 0.250608 0.092518 0.054987 -1.486253
0 0.837565 0.252369 0.089186 0.052969 -1.518213
0 0.792252 0.129322 0.089186 0.052969 -1.518213
0 0.785156 0.488281 0.082901 0.052771 -1.533078
0 0.828906 0.609375 0.082901 0.052771 -1.533078
