1 0.685161 0.461132 0.368647 0.135896 -0.722419
1 0.281273 0.772379 0.339192 0.068549 -0.027643
1 0.332031 0.681641 0.191009 0.070339 -0.032775
1 0.129085 0.687444 0.121915 0.058725 -0.025635
1 0.220473 0.041987 0.114105 0.056673 -0.027390
0 0.019134 0.773463 0.089076 0.056598 -0.017542
4 0.067389 0.255851 0.098638 0.050755 -0.032247
0 0.423390 0.572409 0.090951 0.054827 -0.071307
0 0.864063 0.195312 0.091461 0.052795 -0.017542
0 0.753906 0.953125 0.090625 0.052734 -1.570796
4 0.160989 0.150125 0.092360 0.050819 -0.038443
0 0.102167 0.586890 0.096925 0.046851 -0.032247
0 0.287500 0.577148 0.089396 0.045033 -0.035699
0 0.378125 0.241211 0.088833 0.045290 -0.106736
