0 0.357031 0.427734 0.103847 0.058587 -1.555646
0 0.377337 0.833481 0.096888 0.062492 1.554669
0 0.954688 0.087891 0.087313 0.064464 1.516305
0 0.962579 0.386748 0.095208 0.058626 -0.033321
0 0.631269 0.072070 0.101611 0.050757 1.540037
0 0.800957 0.534244 0.093917 0.052771 1.533776
0 0.514062 0.150391 0.093750 0.050781 -1.570796
0 0.843855 0.083297 0.091109 0.051316 1.467715
0 0.639062 0.366211 0.098437 0.046875 -1.570796
0 0.533594 0.796875 0.093750 0.048828 -1.570796
0 0.893533 0.083030 0.092517 0.048984 1.490966
0 0.526563 0.502930 0.096593 0.046850 1.538021
0 0.364889 0.154913 0.086292 0.051103 1.480136
0 0.816406 0.847656 0.099906 0.043353 1.460139
0 0.812447 0.683826 0.087848 0.049156 1.481747
0 0.820312 0.971680 0.084491 0.050819 1.533776
0 0.361098 0.274584 0.090423 0.047182 1.397125
1 0.657031 0.844727 0.085938 0.048828 -1.570796
0 0.645739 0.521505 0.089042 0.047004 1.525373
0 0.884375 0.270508 0.088070 0.047037 -0.089050
0 0.535945 0.949491 0.095364 0.043010 1.538021
0 0.657813 0.667969 0.087326 0.046893 1.498197
0 0.530469 0.644531 0.090625 0.044922 -1.570796
0 0.523470 0.317642 0.093802 0.043075 1.537475
0 0.639095 0.230261 0.089186 0.045065 1.518213
0 0.968761 0.323358 0.080237 0.049178 -0.119429
0 0.461719 0.974609 0.081986 0.046866 -1.551568
0 0.987609 0.459774 0.075163 0.050509 0.361204
0 0.364063 0.024414 0.081278 0.046677 1.530003
0 0.364844 0.579102 0.082166 0.042998 -1.551568
0 0.513281 0.003906 0.078125 0.044922 -1.570796
0 0.970313 0.263672 0.075700 0.041007 -0.020830
0 0.382740 0.971720 0.072014 0.043013 -1.525373
