2 0.710156 0.925781 0.224893 0.066198 0.339686
0 0.471094 0.556641 0.106912 0.055902 -1.107149
0 0.676562 0.020508 0.105807 0.048297 -0.764125
0 0.534947 0.332413 0.092913 0.054162 -1.123276
0 0.381250 0.497070 0.102129 0.048975 -1.141618
0 0.589473 0.175801 0.099963 0.046373 -1.135113
0 0.919531 0.032227 0.090328 0.049873 -1.075663
0 0.459375 0.249023 0.085982 0.051558 -1.156289
0 0.997979 0.086273 0.093763 0.045632 -1.159340
0 0.517724 0.102323 0.095056 0.044690 -1.129204
0 0.850084 -0.006884 0.065718 0.049084 -1.075245
