0 0.984237 0.281308 0.114105 0.058732 -0.027390
0 0.026562 0.487305 0.103125 0.060547 0.000000
0 0.470313 0.471680 0.103125 0.056641 0.000000
0 0.860156 0.303711 0.101562 0.056641 -0.000000
0 0.146875 0.490234 0.104399 0.054817 -0.090660
0 0.211042 0.340741 0.107914 0.050988 0.043451
0 0.350781 0.306641 0.097758 0.052791 -0.016392
0 0.675883 0.450223 0.096925 0.052707 -0.032247
0 0.467969 0.340820 0.100451 0.050817 -0.046841
0 0.293757 0.487530 0.092300 0.052695 -0.038443
0 0.912500 0.471680 0.094388 0.049250 -0.068856
0 0.810937 0.458984 0.091312 0.048821 0.017240
0 0.497656 0.287109 0.090925 0.046983 -0.035073
0 0.032813 0.305664 0.079624 0.052848 0.039979
