0 0.447656 0.457031 0.118750 0.060547 -1.570796
0 0.600985 0.179190 0.106352 0.062138 0.039979
0 0.608594 0.101562 0.107813 0.058594 -0.000000
0 0.361671 0.815242 0.112543 0.056781 1.543026
0 0.608478 0.508842 0.106296 0.056559 0.029403
0 0.610937 0.707031 0.105585 0.056663 -0.014924
0 0.609908 0.376967 0.103231 0.056671 -0.045423
0 0.822415 0.465576 0.102757 0.056546 0.796150
0 0.452343 0.169434 0.102344 0.052735 -1.570796
0 0.605872 0.635719 0.096888 0.058555 0.016128
0 0.182031 0.333008 0.096849 0.056610 -1.538021
0 0.598054 0.436515 0.092201 0.058618 0.016948
0 0.344274 0.178641 0.094215 0.057151 1.464061
0 0.602204 0.316191 0.103880 0.051587 -0.120624
0 0.813170 0.662483 0.093228 0.054765 0.690446
0 0.882813 0.363281 0.096471 0.053130 0.624023
0 0.919236 0.323045 0.097453 0.052359 0.717322
0 0.598438 0.247070 0.098146 0.050911 -0.048349
0 0.847109 0.416986 0.100317 0.049191 0.652847
0 0.610573 0.031224 0.090638 0.052794 -0.017240
0 0.452344 0.304688 0.085994 0.052698 1.533776
0 0.037568 0.314450 0.089117 0.050819 -0.035073
0 0.035156 0.646484 0.082812 0.054688 -0.000000
0 0.038251 0.251994 0.078187 0.050741 -0.039979
