0 0.921093 0.717773 0.114062 0.060547 0.000000
0 0.430469 0.720703 0.107813 0.062500 -0.000000
0 0.672656 0.610352 0.110937 0.060547 0.000000
0 0.650781 0.729492 0.104688 0.060547 -0.000000
0 0.628482 0.844353 0.107226 0.056708 0.034428
0 0.137653 0.607647 0.103314 0.058250 -0.060532
0 0.691724 0.116188 0.107824 0.054738 0.014492
0 0.071094 0.353516 0.101286 0.056706 -1.376555
0 0.299219 0.610352 0.100195 0.056674 -0.031240
0 0.761773 0.324758 0.096988 0.058525 -1.522447
0 0.557813 0.362305 0.103389 0.054782 1.540037
0 0.966406 0.334961 0.101570 0.054978 1.492830
0 0.229800 0.710124 0.098271 0.056674 -0.034469
0 0.827344 0.124023 0.097026 0.056674 -0.032247
0 0.815625 0.318359 0.106250 0.050781 -1.570796
0 0.335156 0.503906 0.098437 0.054688 0.000000
0 0.042969 0.098633 0.101562 0.052734 -0.000000
0 0.821875 0.537109 0.099343 0.052759 -0.015872
0 0.610156 0.331055 0.092188 0.056641 -1.570796
0 0.609950 0.512688 0.106296 0.048864 0.029403
0 0.656268 0.320737 0.096888 0.052696 1.554669
0 0.177288 0.536976 0.097151 0.051497 -0.480887
0 0.945312 0.123047 0.089117 0.054792 -0.035699
0 0.967187 0.567383 0.099591 0.048727 0.064427
0 0.220312 0.808594 0.102001 0.046974 -0.031240
0 0.866406 0.313477 0.083653 0.054678 1.551931
0 0.025810 0.602540 0.084491 0.052771 0.037020
0 0.709354 0.322687 0.090638 0.048888 1.553557
