2 0.736719 0.014648 0.170312 0.072266 -1.570796
0 0.686241 0.878028 0.109474 0.056524 1.532354
0 0.857812 0.839844 0.100000 0.058594 -1.570796
0 0.047834 0.570740 0.106261 0.054998 -0.942000
0 0.451562 0.046875 0.103125 0.054688 -0.000000
0 0.260094 0.451602 0.101562 0.055078 0.643501
0 0.266454 0.276445 0.097862 0.051748 0.922623
0 0.098437 0.621094 0.103042 0.053809 -0.708626
0 0.780464 0.868742 0.103137 0.052728 1.555646
0 0.206250 0.995117 0.105698 0.051115 0.104100
0 0.831250 0.199219 0.094531 0.056599 -1.553849
0 0.457031 0.637695 0.105315 0.050746 0.015150
0 0.178759 0.364565 0.098450 0.053844 0.627629
0 0.622640 0.441676 0.107858 0.048808 1.541819
0 0.031810 0.239783 0.092517 0.056460 0.079830
0 0.448324 0.368253 0.098487 0.052584 0.031735
0 0.199219 0.571289 0.102144 0.050648 0.672247
0 0.611719 0.259766 0.097479 0.052876 -1.506369
0 0.458594 0.708984 0.114572 0.044890 0.013888
0 0.445312 0.112305 0.092996 0.054782 -0.017542
0 0.228514 0.513821 0.102508 0.049658 0.655696
0 0.446242 0.433649 0.100049 0.050695 -0.031240
0 0.447656 0.305664 0.095875 0.052877 -0.065480
0 0.106098 0.464129 0.094438 0.053417 0.679909
0 0.866406 0.052734 0.092237 0.054556 -0.885067
0 0.451563 0.173828 0.097579 0.050927 -0.064427
0 0.142350 0.413822 0.098633 0.050009 0.699893
0 0.450000 0.569336 0.100000 0.048828 -0.000000
0 0.127570 0.121176 0.095517 0.051056 0.065480
0 0.619531 0.041016 0.088626 0.054818 -1.481747
0 0.883594 0.173828 0.095930 0.050617 1.519993
0 0.979066 0.321310 0.091109 0.053057 0.103082
0 0.614080 0.694069 0.103172 0.046853 1.540503
0 0.449219 0.239258 0.097207 0.048930 -0.032775
0 0.447157 0.505865 0.096811 0.048854 0.016392
0 0.135156 0.673828 0.093200 0.049686 -0.749269
0 0.075383 0.171899 0.093497 0.048864 0.050804
0 0.984390 0.385741 0.082871 0.052771 -0.037718
0 0.172656 0.061523 0.089063 0.048828 -0.000000
0 0.221627 0.325338 0.090044 0.047889 0.674741
0 0.246875 -0.004883 0.079976 0.053600 0.543832
0 0.167187 0.720703 0.096502 0.044260 -0.692642
0 0.464063 0.783203 0.070984 0.048951 -0.023252
