0 0.530469 0.746094 0.100244 0.054722 -0.031240
0 0.078125 0.393555 0.097616 0.053736 1.243970
0 0.027945 0.597764 0.103723 0.049837 -0.899540
0 0.129708 0.374315 0.095407 0.053738 1.237552
0 0.181250 0.733398 0.096875 0.052734 -0.000000
0 0.772657 0.734375 0.093009 0.054747 -1.553557
0 0.241426 0.384884 0.102281 0.049440 1.244215
0 0.387500 0.617188 0.095373 0.051092 -0.844154
0 0.271094 0.253906 0.091147 0.051457 -1.130954
0 0.222421 0.257753 0.091909 0.050669 -1.259798
0 0.299219 0.025391 0.095531 0.048746 0.946161
0 0.461584 0.618357 0.095248 0.047035 -0.855053
0 0.040625 0.734375 0.095051 0.046849 -0.033321
0 0.307707 0.735280 0.090679 0.049001 0.034469
0 0.290469 0.381445 0.091539 0.048041 1.107149
0 0.526721 0.615427 0.086692 0.048877 -1.111279
0 0.369531 0.028320 0.090704 0.047847 1.026964
0 0.332031 0.256836 0.095461 0.045445 -1.099630
0 0.349640 0.381894 0.099927 0.042817 1.100156
0 0.330297 0.619032 0.089732 0.047206 -0.958644
0 0.506099 0.364295 0.087327 0.048123 1.128422
0 0.385247 0.258836 0.087625 0.047165 -1.182478
0 0.654734 0.137393 0.087848 0.046699 -0.086738
0 0.105499 0.255452 0.085038 0.048017 -1.214176
0 0.663198 0.199548 0.082451 0.049449 -0.158655
0 0.427745 0.014300 0.090127 0.042140 0.995156
0 0.653125 0.074219 0.086112 0.045876 -0.149812
0 0.397400 0.383368 0.085965 0.044624 1.165904
0 0.651203 0.007536 0.077843 0.049083 -0.181649
0 0.122656 0.037109 0.085896 0.042248 0.967567
0 0.162053 0.259098 0.078375 0.045635 -1.160669
0 0.440625 0.256836 0.078235 0.044451 -1.144169
0 0.494010 0.248104 0.084505 0.040736 -1.231504
0 0.485938 0.011719 0.084997 0.040066 1.072974
0 0.485938 0.035156 0.084997 0.040066 1.072974
0 0.049219 0.021484 0.077820 0.041178 0.988443
