0 0.890967 0.005814 0.092874 0.053166 1.350303
0 0.423209 0.095084 0.090288 0.053685 0.674741
0 0.755469 0.029297 0.092925 0.051233 1.342694
0 0.031209 0.123040 0.090374 0.051564 0.919720
0 0.510156 0.088867 0.095817 0.046611 0.664046
0 0.354949 0.105180 0.091697 0.048357 0.756834
0 0.287500 0.112305 0.091703 0.045575 0.785398
0 0.823428 0.027253 0.084145 0.049175 1.439481
0 0.575717 0.073078 0.087346 0.045490 0.823355
0 0.093750 0.123047 0.089741 0.044249 0.810393
0 0.636719 0.066406 0.086806 0.044304 0.799096
0 0.223438 0.120117 0.087848 0.042969 0.836635
0 0.699219 0.049805 0.083787 0.044130 0.731397
0 0.155578 0.118051 0.083224 0.043013 0.881872
