0 0.347400 0.295559 0.095112 0.052370 -0.813424
0 0.419003 0.398157 0.104967 0.051053 -0.795924
0 0.467440 0.453724 0.093236 0.056624 -0.736656
0 0.705469 0.764648 0.092967 0.055446 -0.736656
0 0.901900 1.006902 0.083956 0.057994 -1.130232
0 0.386034 0.341588 0.086556 0.054558 -0.778226
0 0.273086 0.212350 0.098240 0.049789 -0.784568
0 0.809433 0.902212 0.096179 0.048451 -0.750929
0 0.307032 0.248047 0.090733 0.051118 -0.761013
0 0.913558 0.888027 0.101671 0.044184 0.763662
0 0.673437 0.715820 0.087508 0.051245 -0.734161
0 0.776691 0.856898 0.087088 0.049795 -0.840897
0 0.225475 0.140099 0.093649 0.044346 -0.857307
0 0.179688 0.076172 0.085132 0.049850 -0.812419
0 0.190625 0.093750 0.085132 0.049850 -0.812419
0 0.847266 0.957520 0.087584 0.047768 -0.842525
0 0.744531 0.815430 0.089797 0.041488 -0.810393
0 0.514062 0.517578 0.079643 0.045675 -0.813962
