0 0.958149 0.903092 0.094512 0.049605 0.105642
0 0.756250 0.744141 0.103340 0.052431 -1.382620
0 0.335248 0.662569 0.101686 0.054021 -1.352127
0 0.616015 0.715332 0.100247 0.049755 -1.316261
0 0.550873 1.006319 0.100839 0.052962 0.218669
0 0.035387 0.389307 0.101080 0.050200 1.000205
0 0.873438 0.747558 0.096805 0.052017 -1.404619
0 0.819531 0.729492 0.094854 0.054012 -1.370143
0 0.113779 0.409393 0.100317 0.050743 0.917950
0 0.452719 0.195361 0.098883 0.051108 -0.094952
0 0.435937 0.982422 0.094982 0.053015 0.151375
0 -0.011363 0.869280 0.088457 0.055579 0.304992
0 0.435213 0.570562 0.092240 0.053167 0.187429
0 0.095640 0.634937 0.091545 0.051073 -1.309008
0 0.151413 0.655121 0.084909 0.051684 -1.348135
0 0.707812 0.741211 0.085819 0.050191 -1.366155
0 0.208594 0.468750 0.090965 0.047188 1.122651
0 0.571461 0.691521 0.086782 0.048318 -1.325818
0 0.393394 0.471410 0.094305 0.042929 0.203961
0 0.395359 0.720866 0.092307 0.044864 1.519993
0 0.437416 0.264184 0.088302 0.044065 -0.223477
0 0.044734 0.630212 0.085596 0.044602 -1.197070
0 0.509241 0.699050 0.092544 0.040231 -1.366778
0 0.452800 0.702121 0.090706 0.040945 -1.380157
0 0.655426 0.733594 0.083315 0.042655 -1.302886
