0 0.881895 0.707788 0.103934 0.048340 0.141176
0 0.069141 0.347656 0.096723 0.051510 0.132695
0 0.285156 0.586914 0.091342 0.054428 -1.359703
0 0.048485 0.697343 0.091522 0.049726 -1.394301
0 0.513759 0.756279 0.096356 0.048765 -1.421788
0 0.170322 0.568227 0.087353 0.053048 -1.480136
0 -0.000781 0.539551 0.087294 0.052787 -1.396299
0 0.885781 0.647012 0.095335 0.046095 0.117220
0 0.896875 0.584961 0.097138 0.046878 0.081784
0 0.879748 0.465669 0.097190 0.046723 0.080471
0 0.054973 0.558890 0.093031 0.048025 -1.436025
0 0.475466 0.616536 0.088341 0.049452 -1.437478
0 0.613244 0.428831 0.097678 0.045052 0.128323
0 0.227344 0.584961 0.093031 0.046591 -1.411445
0 0.110054 0.563562 0.091283 0.047473 -1.450688
0 0.672964 0.572997 0.095772 0.043782 0.492836
0 0.528125 0.620117 0.089063 0.046875 -1.570796
0 0.441665 0.742057 0.084854 0.048984 -1.490966
0 0.424329 0.595347 0.091109 0.044884 -1.467715
0 0.107031 0.697266 0.093369 0.043595 -1.450688
0 0.382066 0.725179 0.089555 0.045084 -1.465919
0 0.225000 0.708984 0.087989 0.044914 -1.480136
0 0.274219 0.724609 0.090992 0.043044 -1.411445
0 0.576492 0.649659 0.074674 0.040901 -1.391360
