0 0.811694 0.791037 0.098072 0.061457 -1.539061
0 0.921634 0.787464 0.098964 0.057367 1.451920
0 1.005505 0.505620 0.103314 0.056655 1.510264
0 0.956645 0.506473 0.097454 0.053790 1.522447
0 0.177916 0.939360 0.100569 0.053074 0.125419
0 0.902358 0.497598 0.095255 0.052726 1.520562
0 0.703505 0.587195 0.093178 0.051902 1.503628
0 0.178174 0.327427 0.099478 0.050567 0.527511
0 0.438672 0.381347 0.087859 0.054949 1.433712
0 0.378662 0.383674 0.096344 0.051948 1.424312
0 0.755469 0.785156 0.093750 0.052734 -1.570796
0 0.180860 0.229004 0.090303 0.050038 -0.568105
0 0.175782 0.853516 0.093750 0.050781 0.000000
0 0.190777 0.575170 0.096925 0.048803 0.032247
0 0.186869 0.708499 0.095319 0.046872 0.008333
0 0.183933 0.091048 0.092605 0.050260 -0.483460
0 0.301585 0.394970 0.097076 0.047029 1.506370
0 0.193538 0.499238 0.091962 0.049114 -0.170735
0 0.182079 0.153026 0.092416 0.043445 -0.417321
0 0.803677 0.361799 0.087070 0.044069 1.446651
0 0.868750 0.773438 0.076563 0.052734 -1.570796
0 0.849625 0.504448 0.086659 0.045867 1.533776
4 0.185669 0.645983 0.082255 0.044278 -0.222153
