0 0.783684 0.793272 0.101592 0.062167 -1.076102
0 0.682422 0.380371 0.106434 0.054302 0.558496
0 0.596676 0.634367 0.096466 0.053667 -1.081947
0 0.731843 0.754789 0.091378 0.056942 -1.025900
0 0.802013 0.480087 0.092498 0.050656 0.592515
4 0.900074 0.895921 0.096856 0.051421 -1.018638
0 0.413440 0.162536 0.094854 0.052214 0.928239
0 0.539062 0.286133 0.094348 0.050860 0.559804
0 0.684374 0.720703 0.092921 0.052566 -1.053764
0 0.063157 0.216536 0.087045 0.050398 -0.958456
0 0.041797 0.425293 0.077702 0.053157 -1.149819
0 0.916406 0.578125 0.095749 0.045295 0.640088
0 0.349418 0.421876 0.092431 0.045573 -0.861785
0 0.254067 0.377269 0.081998 0.050579 -1.030377
0 0.835938 0.833008 0.081735 0.050315 -1.010109
0 0.486685 0.553900 0.082858 0.049050 -1.056345
0 0.162849 0.282255 0.070115 0.047303 -1.079612
4 0.441840 0.510933 0.076706 0.045474 -0.988443
0 0.942906 0.947217 0.081995 0.042220 -1.022247
0 0.643990 0.686792 0.078406 0.041672 -0.997045
0 0.301563 0.403320 0.084726 0.039097 -1.004067
0 0.522656 0.621094 0.069091 0.038953 -1.002272
