0 0.825781 0.312012 0.098848 0.051661 -1.204805
4 0.422064 0.035798 0.101339 0.053241 0.449910
0 0.807321 0.515710 0.090557 0.048841 -1.476096
0 0.194023 0.598584 0.095532 0.044997 -1.532410
0 0.837493 0.074837 0.090843 0.048995 -1.519002
0 0.799781 0.642534 0.090175 0.047133 -1.473417
0 0.025132 0.574094 0.092304 0.047938 -1.525405
0 0.778031 0.841740 0.074033 0.060801 -1.443824
0 0.245313 0.585938 0.090008 0.044949 -1.553254
0 0.127734 0.712402 0.087108 0.041060 -1.526098
0 0.273052 0.128121 0.078946 0.044957 -1.540542
0 0.080468 0.581055 0.084765 0.041061 -1.515298
0 0.066407 0.709961 0.081670 0.039109 -1.532354
0 0.989944 0.393472 0.071519 0.042252 -0.581905
0 0.142188 0.588867 0.066496 0.038367 -1.331565
