0 0.894392 0.697227 0.094744 0.050825 -1.513656
0 0.307155 0.620678 0.096965 0.051824 -1.515786
0 0.535174 0.674077 0.104734 0.048806 -1.540954
0 0.950418 0.707050 0.088600 0.048842 -1.543857
0 0.597378 0.793504 0.086768 0.049877 -1.533827
0 0.132031 0.737793 0.091532 0.047943 -1.493371
0 0.706510 0.801772 0.087601 0.049879 -1.531801
0 0.612525 0.647236 0.100984 0.045300 -1.431087
0 0.775015 0.694095 0.087535 0.047832 -1.535723
0 0.934766 0.833984 0.082980 0.045904 -1.532688
0 0.477733 0.650915 0.085272 0.047927 -1.533827
0 0.173009 0.599550 0.092306 0.042035 -1.519978
0 0.021875 0.609375 0.087500 0.046875 -1.570796
0 0.187389 0.740407 0.085344 0.045304 -1.515542
0 0.996875 0.831543 0.082981 0.042016 -1.542525
0 0.017188 0.729492 0.069370 0.037156 -1.502720
