1 0.063281 0.402344 0.216699 0.084025 0.007353
0 0.172990 0.495125 0.117198 0.062520 -0.013333
0 0.040625 0.671875 0.101513 0.058565 0.031240
0 0.839062 0.606445 0.087500 0.060547 0.000000
0 0.280469 0.595703 0.096875 0.054687 -0.000000
0 0.535937 0.589844 0.098437 0.052734 0.000000
0 0.329687 0.676758 0.097568 0.052728 -0.016128
0 0.343750 0.759766 0.093750 0.054688 -0.000000
0 0.789844 0.435547 0.089063 0.054688 0.000000
0 0.019531 0.590820 0.087440 0.056819 0.037020
0 0.814844 0.522461 0.087612 0.052770 -0.035699
0 0.239844 0.846680 0.087500 0.052734 0.000000
0 0.801563 0.691406 0.089202 0.050961 -0.036348
0 0.464844 0.433594 0.082812 0.054688 0.000000
0 0.598437 0.505859 0.093750 0.046875 -0.000000
0 0.142188 0.764648 0.089062 0.046875 -0.000000
0 0.412133 0.504884 0.076595 0.050800 0.020397
0 0.926263 0.769482 0.059307 0.043144 -0.080904
