0 0.536719 0.714844 0.094731 0.050679 -1.264917
0 0.738281 0.485352 0.081528 0.048175 -1.249046
0 0.652344 0.340820 0.080092 0.046815 -1.197809
0 0.733594 0.816406 0.075286 0.049696 -1.310194
0 0.643441 0.847978 0.076626 0.045641 -1.281293
0 0.900703 0.420215 0.075104 0.045087 -1.249046
0 0.812287 0.235057 0.070543 0.046419 -1.198729
0 0.722656 0.078125 0.070042 0.044348 -1.212026
0 0.885156 0.223633 0.073050 0.040229 -1.283515
0 0.793835 0.070985 0.065701 0.041386 -1.234121
0 0.912203 0.102650 0.069317 0.037057 -1.241747
