0 0.472656 0.875000 0.096875 0.056641 -1.570796
0 0.685996 0.215726 0.092399 0.054959 -1.503103
0 0.644922 0.769043 0.091969 0.053059 1.460139
1 0.475000 0.320312 0.100000 0.046875 -1.570796
0 0.299219 0.800781 0.096263 0.046934 1.554131
0 0.683594 0.372070 0.094179 0.046914 -1.520838
0 0.413281 0.291992 0.096245 0.045212 1.504228
0 0.364844 0.424805 0.095312 0.044922 -1.570796
0 0.641409 0.128034 0.087556 0.048867 1.535097
0 0.376563 0.045898 0.095553 0.044761 -1.486253
0 0.261533 0.024436 0.088967 0.045931 -1.036401
0 0.379688 0.918945 0.094219 0.043010 1.537475
0 0.545312 0.041016 0.087500 0.042969 -1.570796
0 0.692252 0.993168 0.075065 0.046753 -1.529154
0 0.695312 0.683594 0.083232 0.039184 -1.532354
