0 0.460137 0.645028 0.095325 0.058554 1.554404
0 0.385150 0.717495 0.109420 0.048864 1.542233
0 0.927349 0.863695 0.093684 0.054713 1.553849
0 0.614063 0.355469 0.102527 0.048883 -1.555173
0 0.540625 0.333984 0.102536 0.048852 -1.555413
0 0.817269 0.378590 0.091909 0.053127 -1.259798
0 0.621094 0.964844 0.098809 0.048866 1.539061
0 0.830469 0.920898 0.097941 0.047236 1.458369
0 0.834375 0.745117 0.090291 0.049787 -0.822418
0 0.821883 0.246515 0.090638 0.048855 -1.553557
0 0.182812 0.421875 0.090625 0.046875 -1.570796
0 0.921009 0.241287 0.084433 0.048650 1.533776
0 0.385180 0.970500 0.082871 0.040986 1.533079
0 0.917967 0.993123 0.075065 0.044964 1.529154
0 0.179709 0.575778 0.081265 0.040970 -1.551568
0 0.616401 0.677562 0.079749 0.041061 1.531601
