0 0.678125 0.238282 0.102223 0.052728 -1.555413
0 0.967969 0.948242 0.107813 0.048828 -1.570796
0 0.670341 0.570899 0.101574 0.050715 -1.555413
0 0.225000 0.834961 0.093750 0.052735 -1.570796
0 0.865607 0.764912 0.099900 0.050818 1.539061
0 0.839056 0.401264 0.103421 0.048984 1.495183
0 0.877344 0.616211 0.087612 0.056674 -1.535097
0 0.865625 0.944336 0.093750 0.052734 -1.570796
0 0.828125 0.166016 0.086747 0.054678 1.552617
0 0.876554 0.171335 0.087514 0.048855 1.552941
0 0.234383 0.443786 0.085952 0.046903 -1.552617
0 0.669531 0.846680 0.085257 0.046903 -1.552280
0 0.964851 0.744371 0.085994 0.041060 1.534449
0 0.628125 0.004883 0.073227 0.040813 -1.413028
