0 0.159336 0.239798 0.096179 0.059969 0.750929
0 0.303552 0.131143 0.092755 0.056919 1.001483
0 0.293014 0.455281 0.098388 0.053505 1.000413
0 0.479688 0.466797 0.090820 0.055844 0.958644
0 0.334965 0.360008 0.089508 0.055838 0.962994
0 0.198965 0.094528 0.093031 0.052945 1.062067
0 0.264062 0.231445 0.090162 0.053105 0.973038
0 0.602344 0.566406 0.092188 0.046875 -0.000000
0 0.764373 0.980127 0.093041 0.044280 0.847817
0 0.021094 0.666992 0.099576 0.040815 -0.903888
0 0.075551 0.146260 0.076307 0.046912 0.828849
0 0.404688 0.478516 0.078489 0.043351 0.971621
0 0.224353 0.330323 0.071943 0.040638 0.970746
