2 0.778304 0.712226 0.163578 0.064252 -0.114877
0 0.465315 0.568395 0.103263 0.054995 -0.092047
0 0.089844 0.686523 0.096347 0.058717 -0.081784
0 0.563448 0.349633 0.103172 0.050758 -0.030294
0 0.069215 0.500433 0.100122 0.052091 -0.400793
0 0.502344 0.228516 0.101562 0.050781 -0.000000
0 0.176436 0.469367 0.093763 0.054490 -0.414507
0 0.664844 0.238281 0.100321 0.050880 0.031735
0 0.314387 0.683909 0.088181 0.056445 -0.124355
0 0.996365 0.588114 0.090961 0.053378 -0.085994
0 0.374263 0.310183 0.095425 0.050493 0.041643
0 0.713552 0.631622 0.095517 0.049362 -0.065480
0 0.679688 0.553711 0.092243 0.049712 -0.139440
0 0.271875 0.223633 0.090625 0.048828 -0.000000
0 0.997656 0.177734 0.082812 0.050781 -0.000000
0 0.891406 0.336914 0.088108 0.046805 -0.054491
0 0.860938 0.251953 0.084375 0.046875 0.000000
0 0.027344 0.279297 0.084313 0.046765 -0.038443
