2 0.814062 0.442383 0.235672 0.078109 0.019997
0 0.961719 0.814453 0.098437 0.062500 -0.000000
0 0.790522 0.143645 0.101409 0.060578 0.032247
0 0.883542 0.545959 0.099948 0.060578 0.032247
0 0.540959 0.561240 0.105431 0.056473 -0.118840
0 0.371094 0.129883 0.095312 0.060547 0.000000
0 0.260937 0.581055 0.103830 0.055009 -0.331554
0 0.775000 0.258789 0.104998 0.052890 -0.030760
0 0.443556 0.425747 0.101671 0.052858 -0.046121
0 0.028105 0.137613 0.097700 0.054824 0.081784
0 0.621397 0.692403 0.104699 0.050746 0.014924
0 0.495312 0.135742 0.093750 0.056641 -0.000000
0 0.008348 0.970529 0.096988 0.053145 -0.048349
0 0.675000 0.143555 0.096875 0.052734 -0.000000
0 0.949782 0.148260 0.093958 0.050539 -0.066568
0 0.898438 0.270508 0.092432 0.049004 -0.035073
0 0.587317 0.134829 0.086292 0.049370 0.836635
