0 0.288281 0.521484 0.119411 0.062514 -1.449769
0 1.001562 0.266602 0.118135 0.062031 -1.444708
0 0.318441 0.336738 0.114724 0.061049 -1.442473
0 0.262169 0.694449 0.119508 0.058605 -1.373401
0 0.967426 0.599798 0.119758 0.058319 -1.423718
0 0.310992 0.780886 0.112211 0.061669 -1.387174
0 0.912500 0.978516 0.111131 0.060937 -1.381899
0 0.339077 0.178158 0.102377 0.060900 -1.292497
0 0.266267 0.109800 0.108264 0.057391 -0.353703
0 0.988049 0.422313 0.103880 0.057639 -1.450173
0 0.933971 0.792597 0.110009 0.052846 -1.370615
0 0.328039 0.615034 0.103279 0.055907 -1.387686
0 0.238972 0.897048 0.094687 0.059754 -1.373401
0 0.287425 0.979899 0.099326 0.055673 -1.234121
0 0.848573 0.131007 0.075583 0.063736 -1.442473
