0 0.998390 0.178182 0.118225 0.067114 -1.438245
0 0.809396 0.661747 0.121186 0.063258 -1.415800
0 0.903012 0.775775 0.114035 0.065887 -1.361773
0 0.231159 0.034773 0.117318 0.063589 -1.381316
0 0.579688 0.281250 0.113259 0.062921 -1.401018
0 0.859662 0.319729 0.114374 0.061049 -1.442473
0 0.831040 0.497887 0.113175 0.061049 -1.442473
0 0.785487 0.829965 0.111541 0.060903 -1.373401
0 0.943153 0.507278 0.113805 0.058807 -1.419191
0 0.959375 0.342773 0.107212 0.058882 -1.482789
0 0.167969 0.454102 0.104547 0.059402 1.405648
0 0.242969 0.310547 0.106353 0.058070 -1.225794
0 0.276547 0.117275 0.103366 0.059744 -1.355439
0 0.881931 0.928422 0.104816 0.057823 -1.390943
0 0.880859 0.145020 0.099590 0.059754 -1.373401
0 0.145352 0.988067 0.105754 0.054458 -1.343997
0 0.083594 0.930664 0.095042 0.056813 -1.400061
0 1.003016 0.470623 0.104302 0.051086 -1.420425
0 0.634979 0.548234 0.079874 0.061329 -1.408959
0 0.201562 0.228516 0.096573 0.048314 -1.380157
