2 0.660137 0.313198 0.284878 0.096019 1.482628
0 0.212500 0.834961 0.138023 0.072503 1.491418
0 0.560937 0.713867 0.132696 0.074133 1.522641
0 0.052907 0.862258 0.128249 0.070340 1.543026
0 0.129491 0.630812 0.126687 0.070340 1.543026
0 0.145313 0.861328 0.127112 0.068385 1.533776
0 0.048308 0.600618 0.121871 0.070340 1.543026
0 0.055469 0.411133 0.121022 0.066375 -1.557639
0 0.189883 0.401284 0.114234 0.068364 1.516057
0 0.114873 0.363977 0.120475 0.064468 1.518895
0 0.178906 0.191406 0.112717 0.068581 1.514518
0 0.200781 0.609375 0.122526 0.062495 1.557976
0 0.043750 0.211914 0.120313 0.062500 -1.570796
0 0.174979 0.015686 0.078171 0.064571 1.510264
