0 0.490625 0.934570 0.133160 0.063534 1.427213
0 0.604688 0.807617 0.112882 0.056497 -0.071307
0 0.774644 0.795831 0.103137 0.058735 -0.015150
0 0.380469 0.886719 0.110833 0.050988 1.527345
0 0.361723 0.309748 0.103172 0.052769 1.540503
0 0.355469 0.728516 0.103469 0.050627 1.492830
0 0.373442 0.594109 0.106261 0.048823 1.556091
0 0.475392 0.628963 0.101728 0.050819 1.532354
0 0.471875 0.479492 0.097467 0.052767 1.522447
0 0.357846 0.158108 0.101671 0.045243 1.523213
0 0.368822 0.449086 0.095428 0.045155 1.521656
0 0.346910 0.033923 0.078265 0.041176 1.510868
