2 0.679551 0.324734 0.200122 0.066320 1.332960
0 0.585464 0.428043 0.102799 0.053286 1.378127
0 0.284298 0.819112 0.096878 0.054283 1.430947
0 0.527391 0.776618 0.093865 0.051901 1.462524
0 0.462054 0.740201 0.092553 0.052223 1.433398
0 0.710938 0.744141 0.092533 0.051838 1.494671
0 0.356358 0.346175 0.089935 0.049032 1.431314
0 0.204709 0.083591 0.084260 0.050709 1.410984
0 0.444558 0.205184 0.090038 0.046267 1.298309
0 0.346361 0.814898 0.088441 0.049447 1.433725
0 0.418494 0.332009 0.098388 0.044975 1.395204
0 0.334179 0.207107 0.085192 0.046729 1.389850
0 0.402479 0.776041 0.094573 0.048984 1.490966
0 0.358748 0.975127 0.084370 0.050835 1.458411
0 0.366649 0.027212 0.080320 0.051537 1.400886
0 0.258786 0.086866 0.080919 0.050564 1.411897
0 0.269620 0.677209 0.087882 0.049449 1.412141
0 0.438281 0.472656 0.086567 0.043669 1.405648
0 0.383317 0.619182 0.083340 0.049178 1.451367
0 0.516156 0.630491 0.088788 0.042854 1.411445
0 0.296495 0.351633 0.084659 0.043683 1.411895
0 0.478906 0.889648 0.088722 0.045082 1.464061
0 0.221011 0.206450 0.083405 0.043268 1.459382
0 0.235528 0.373852 0.084608 0.042708 1.421036
0 0.549219 0.944336 0.089449 0.043354 1.411445
0 0.278026 0.214260 0.084408 0.045434 1.437375
0 0.313723 0.085796 0.077843 0.044810 1.389148
0 0.422804 0.065624 0.078016 0.044794 1.306308
0 0.386602 0.166672 0.083707 0.042645 1.407305
0 0.492248 0.486704 0.087982 0.040808 1.382172
0 0.423369 0.967818 0.084736 0.043326 1.478467
0 0.297587 0.982466 0.084736 0.043326 1.478467
0 0.631173 0.738296 0.088618 0.040852 1.421906
0 0.371157 0.482897 0.085539 0.041742 1.405648
0 0.331010 0.678643 0.084734 0.041395 1.471128
0 0.473437 0.353516 0.088325 0.039481 1.390943
0 0.958635 0.221117 0.074857 0.043887 -1.017222
0 0.448555 0.610366 0.085296 0.039786 1.423718
0 0.254747 0.521238 0.076960 0.043342 1.469108
0 0.516326 0.098112 0.075947 0.043671 1.381597
0 1.005636 0.265768 0.071943 0.044455 -0.970746
0 0.314844 0.522461 0.080829 0.039496 1.434394
0 0.875856 0.138022 0.065636 0.035852 -1.069029
