2 0.787500 0.014649 0.209681 0.068201 1.377813
0 0.979326 0.075426 0.088707 0.053174 1.449415
0 0.939986 0.978389 0.087280 0.054127 -0.862170
0 0.908929 0.003799 0.081180 0.054206 1.413545
0 0.828907 0.248047 0.088565 0.047049 1.407017
0 0.923833 0.133215 0.083896 0.047180 1.387890
0 0.944569 0.248775 0.082062 0.047691 1.377174
0 0.514062 0.970215 0.084241 0.044155 0.525681
0 0.058995 0.475865 0.083210 0.046065 0.972377
0 0.864093 0.145760 0.082869 0.045585 1.399079
0 0.885273 0.284133 0.082192 0.045341 1.429655
0 1.002344 0.225586 0.081511 0.041368 1.373401
0 0.836719 -0.002930 0.081511 0.041368 1.373401
