2 0.744491 0.014580 0.255075 0.068363 -1.515638
0 0.647656 0.886719 0.097930 0.053054 -1.474323
0 0.122708 0.281221 0.092068 0.049880 -0.724105
4 0.077344 0.612305 0.095607 0.049795 -1.373401
0 0.430340 0.210428 0.073888 0.050087 -1.481809
0 0.026563 0.093750 0.094412 0.048710 -1.450688
0 0.327302 0.281954 0.091727 0.047341 -1.416575
0 0.410667 0.010215 0.089935 0.048626 -1.431356
0 0.331755 0.704913 0.090780 0.046261 -1.428943
0 0.665217 0.573262 0.090743 0.044964 -1.527345
0 0.115393 0.382226 0.083385 0.045405 -1.390991
0 0.054688 0.791016 0.087471 0.045009 -1.423718
0 0.162500 0.111328 0.086053 0.043668 -1.405648
0 0.092945 0.492578 0.080558 0.044937 -1.492525
0 -0.004556 0.385062 0.086504 0.038877 -0.350314
0 0.070345 0.113911 0.078699 0.039446 -1.408384
0 0.671094 0.233398 0.075260 0.041061 -1.529154
0 0.031219 0.918748 0.062578 0.047012 -1.520838
0 0.031250 0.615234 0.070313 0.039836 -1.369034
0 0.114062 0.108398 0.066905 0.037237 -1.401695
