0 0.414804 0.088364 0.087526 0.054605 1.537475
0 0.087751 0.603639 0.097408 0.052750 0.080760
0 0.090486 0.537161 0.097284 0.050869 0.064987
0 0.664062 0.853516 0.091168 0.051808 -1.544926
0 0.602736 1.012661 0.089816 0.053728 -1.552947
0 0.077981 0.949146 0.092240 0.047047 0.033885
0 0.080469 0.680664 0.094125 0.045097 0.034469
0 0.120176 0.190937 0.076634 0.048838 0.030574
0 0.075000 0.477539 0.089373 0.045105 0.036348
0 0.666016 0.644043 0.085502 0.044918 -1.570796
0 0.667578 0.409180 0.083146 0.044918 -1.561707
0 0.667969 0.208984 0.084375 0.044922 -1.570796
0 0.665625 -0.000977 0.083505 0.044914 1.551931
0 0.026172 0.194336 0.075782 0.046875 0.000000
0 0.109530 0.365277 0.085994 0.043082 0.036348
0 0.605078 0.640136 0.080821 0.044918 -1.561182
0 0.605842 0.280781 0.071875 0.045919 -1.549975
0 0.092268 0.425745 0.076626 0.042933 0.040794
0 0.184748 0.108419 0.071527 0.043005 -1.537709
0 0.399886 0.830122 0.057896 0.041062 -1.520713
