0 0.224219 0.086914 0.096583 0.053702 1.234199
0 0.810205 0.965294 0.089976 0.052051 -0.052602
0 0.424766 0.991057 0.096129 0.049556 -0.130403
0 0.784338 0.045013 0.086818 0.047454 0.792534
0 0.475025 0.383797 0.093228 0.050215 0.236849
0 0.637890 0.436523 0.089384 0.048439 0.166252
0 0.168368 0.075886 0.079696 0.046983 1.523412
0 0.060546 0.067383 0.090069 0.048175 -1.411445
0 0.950000 0.021485 0.081407 0.050386 0.923404
0 0.330435 0.344795 0.085007 0.046909 0.320338
0 0.112453 0.067437 0.076991 0.043981 -1.532354
0 0.012500 0.055664 0.084130 0.042160 -1.325818
0 0.889353 0.022292 0.080188 0.040252 0.807394
