2 0.045703 0.260253 0.312366 0.097607 1.555872
2 0.201573 0.402122 0.309379 0.087919 1.565746
0 0.562109 0.392090 0.118343 0.069560 1.464244
0 0.997913 0.940587 0.127497 0.068521 -0.099148
0 0.134368 0.663709 0.131269 0.060538 -1.570796
0 1.000000 0.852539 0.123797 0.060627 -0.025635
0 0.934375 0.589844 0.123827 0.060502 -0.038443
0 0.919531 0.430664 0.120313 0.060547 -0.000000
0 0.902344 0.280273 0.115200 0.062690 -0.041643
0 0.942479 0.674888 0.118914 0.060463 -0.052583
0 0.970425 0.761772 0.122125 0.056650 -0.064015
0 0.132579 0.895446 0.115719 0.056602 1.533776
0 0.427344 0.010742 0.109031 0.056766 1.484058
0 0.882623 0.130342 0.088256 0.054880 -0.027842
