2 0.879451 0.091647 0.333604 0.087764 -1.226827
0 0.786809 0.399500 0.128703 0.070877 -1.198470
0 0.777344 0.681641 0.122861 0.065826 -1.182068
0 0.140069 0.835367 0.123526 0.067198 0.965252
0 0.899500 0.304684 0.116102 0.065444 -1.174012
0 0.992154 0.516698 0.118822 0.065434 -1.155304
0 0.842505 0.479578 0.115995 0.062760 -1.170105
0 0.728709 0.564247 0.124656 0.060640 -1.177650
0 0.072563 0.906068 0.118100 0.062316 1.005095
0 0.920665 0.747476 0.113488 0.060257 -1.162230
0 0.984248 0.283337 0.115672 0.058643 -1.162822
0 0.947905 0.129700 0.111727 0.058403 -1.226014
0 0.872656 0.649414 0.113344 0.050778 -1.187719
0 0.925781 0.466309 0.107322 0.051134 -1.193030
