0 0.366788 0.565529 0.109380 0.064325 -0.072596
1 0.645703 0.470214 0.112328 0.061574 -0.136050
0 0.638162 0.348383 0.110529 0.056651 -0.061030
0 0.872597 0.245529 0.104924 0.053090 -0.083716
0 0.858480 0.322782 0.097557 0.058721 -0.074957
0 0.996882 0.310673 0.100633 0.056773 -0.075953
0 0.050782 0.603516 0.100634 0.052555 -0.080022
0 0.412497 0.489301 0.105885 0.054991 -0.088776
0 0.148997 0.517833 0.094367 0.056599 -0.143259
0 0.006551 0.694625 0.091499 0.055565 -0.073767
0 0.681363 0.563166 0.102807 0.054541 -0.115001
0 0.955765 0.505538 0.091898 0.059556 -0.102043
0 0.371060 0.660680 0.096566 0.051933 -0.097670
