0 0.455092 0.701972 0.103722 0.054825 -0.838651
0 0.988102 0.075142 0.095169 0.054072 -0.857560
0 0.114063 0.555664 0.087282 0.052685 0.812419
0 0.153906 0.497070 0.087905 0.056772 0.722191
0 0.143734 0.189081 0.089261 0.051826 -0.843278
0 0.070812 0.612761 0.085825 0.050139 0.876058
0 0.304688 0.006836 0.098842 0.048606 -0.738920
0 0.220794 0.400748 0.084628 0.050635 0.743203
0 0.379876 0.225461 0.085073 0.051045 0.790094
0 0.267040 0.371595 0.087973 0.050335 0.583077
0 0.292728 0.183582 0.087406 0.043752 -0.729373
0 0.186020 0.455274 0.078217 0.047210 0.757347
0 0.030081 0.655673 0.079513 0.052624 0.815692
0 0.326562 0.286621 0.089115 0.046657 0.700480
0 0.410805 0.189225 0.082930 0.048464 0.745419
0 0.414844 0.169922 0.079917 0.048514 0.702257
0 0.298777 0.330447 0.078639 0.042998 0.715092
0 0.147520 0.517403 0.087290 0.038667 0.798056
0 0.449219 0.136718 0.076250 0.042188 0.643501
0 0.208044 0.113023 0.069129 0.039388 -0.761120
