2 0.829031 0.524680 0.238125 0.086681 -0.683130
0 0.069414 0.728955 0.101722 0.067367 0.290690
0 0.487782 0.738498 0.107177 0.058694 -0.244661
0 0.616482 0.331173 0.111858 0.060021 -1.138389
0 0.434622 0.217175 0.097553 0.061393 -1.013999
0 0.784621 0.097663 0.097176 0.060215 -1.146773
0 0.684375 0.352051 0.098527 0.052845 -1.107149
0 0.319907 0.049543 0.095771 0.053451 -0.435851
0 0.142188 0.027344 0.086944 0.056866 -1.131937
0 0.560994 0.277186 0.091492 0.049324 -1.048698
0 0.078355 0.039956 0.080646 0.044302 -0.956133
