0 0.516890 0.924976 0.093632 0.055477 -1.062357
0 0.787207 0.855901 0.095528 0.052776 1.265409
0 0.405860 0.490234 0.096228 0.047532 0.713328
0 0.435612 0.349715 0.094116 0.055851 0.531724
0 0.122837 0.805814 0.088181 0.050873 0.124355
0 0.466205 0.897279 0.093398 0.050679 -1.264917
0 0.501953 0.811036 0.094476 0.044368 0.513938
0 0.456156 0.303971 0.087328 0.047590 0.463865
0 0.465573 0.630580 0.082476 0.051029 -0.051569
0 0.156928 0.559827 0.106353 0.041406 1.393571
0 0.086719 0.648438 0.089727 0.047173 0.071307
0 0.342187 0.833008 0.092217 0.044954 0.578524
0 0.451596 0.118240 0.078656 0.050369 1.308280
0 0.743750 0.594727 0.090346 0.043877 1.232473
0 0.546094 0.589844 0.074955 0.052582 -0.529590
0 0.412356 0.863597 0.088181 0.044575 -1.051650
0 0.306394 0.525397 0.082373 0.047199 1.144169
0 0.665625 0.215820 0.088608 0.042819 1.306056
0 0.600000 1.001953 0.076705 0.049836 -0.982794
0 0.553594 0.970508 0.080359 0.047167 -1.107149
0 0.589995 0.348982 0.082613 0.045646 -1.279340
0 0.712500 0.470703 0.085622 0.043812 1.266795
0 0.531250 0.265625 0.083052 0.045039 1.532354
0 0.226081 0.648923 0.085009 0.043941 -0.298499
0 0.686718 0.333984 0.090501 0.040886 1.352127
0 0.018750 0.802734 0.079908 0.043172 0.040794
0 0.409231 0.413890 0.080258 0.042098 0.724365
0 0.464844 0.229492 0.076276 0.043233 1.356736
0 0.217239 0.814492 0.073504 0.042930 -0.042528
0 0.682812 0.107422 0.079413 0.037563 0.139096
0 0.668808 0.054056 0.066792 0.040236 -0.207496
