2 0.124219 0.799805 0.200146 0.070583 -0.252554
0 0.668360 0.620117 0.098733 0.053375 -0.305777
0 0.789843 0.285156 0.097766 0.049328 -0.264908
0 0.068134 0.738235 0.100839 0.052114 -0.218669
0 0.777735 0.591797 0.097687 0.046453 -0.259066
0 0.359635 0.422196 0.099715 0.044854 -0.224012
0 0.540147 0.667873 0.101562 0.044531 -0.248710
0 0.292969 0.585938 0.094825 0.046954 -0.285118
0 0.437500 0.541992 0.089761 0.048821 -0.266252
0 0.032031 0.604492 0.091800 0.047125 -0.193959
0 0.566368 0.503919 0.092095 0.046425 -0.257324
0 0.411719 0.708984 0.095568 0.044538 -0.264817
0 0.047955 0.675810 0.090613 0.044785 -0.240612
0 0.204566 0.695580 0.094747 0.043612 -0.232979
0 0.158396 0.457049 0.086164 0.047035 -0.072599
0 0.691406 0.454102 0.089374 0.044975 -0.236245
0 0.289844 0.751953 0.085645 0.046897 -0.244979
0 0.503209 0.599097 0.088302 0.044065 -0.223477
0 0.896094 0.548828 0.089326 0.043178 -0.270947
0 0.180469 0.631836 0.085443 0.043660 -0.204642
0 0.171858 0.552646 0.088305 0.042162 -0.233743
0 0.330487 0.650473 0.082635 0.044538 -0.266252
0 0.292187 0.520508 0.088789 0.038863 -0.253674
