2 0.319531 0.505859 0.234375 0.080078 -1.570796
0 0.374219 0.413086 0.098437 0.056641 -1.570796
1 0.944531 0.577148 0.115699 0.046835 1.529723
0 0.149844 0.550993 0.094188 0.051586 -0.519884
0 0.476562 0.756836 0.093906 0.054722 -1.537475
0 0.478906 0.470703 0.095543 0.052770 1.538021
0 0.428906 0.602539 0.095312 0.052734 -1.570796
0 0.426563 0.452148 0.088379 0.048855 1.552941
0 0.148147 0.271782 0.091028 0.047271 -0.688145
0 0.374995 0.068968 0.095325 0.044916 1.554404
0 0.475781 0.173828 0.087500 0.048828 -1.570796
0 0.478914 0.307138 0.082827 0.050809 1.551931
0 0.376563 0.595703 0.089364 0.046915 1.535723
0 0.142969 0.629883 0.084391 0.048981 -0.422005
0 0.150901 0.202374 0.084505 0.048753 -0.588003
0 0.153414 0.412252 0.091018 0.044109 -0.532657
0 0.921875 0.190430 0.086155 0.047228 1.423718
0 0.150000 0.483398 0.091913 0.043880 -0.540419
0 0.155469 0.342773 0.086907 0.046069 -0.669043
0 0.011527 0.068650 0.075666 0.044118 0.688024
0 0.372656 0.249023 0.076563 0.048828 -1.570796
0 0.010096 0.302359 0.078871 0.046044 0.588003
0 0.146955 0.083660 0.083751 0.042196 -0.639770
0 0.478906 0.606445 0.067187 0.048828 -1.570796
0 0.153906 0.007812 0.072150 0.040051 -0.557374
0 0.001563 0.367188 0.059956 0.042234 0.558599
0 0.006130 0.143780 0.059804 0.042253 0.588003
