0 0.676189 0.542896 0.095428 0.060474 -0.049141
0 0.459416 0.531248 0.089117 0.058626 -0.035073
0 0.421094 0.236328 0.093248 0.052967 -0.051678
0 0.671875 0.611328 0.089199 0.052770 -0.035073
0 0.656301 0.200295 0.086447 0.052847 -0.108661
0 0.995312 0.188477 0.088184 0.051259 1.243396
0 0.697657 0.699219 0.081218 0.052847 -0.039196
0 0.204561 0.601206 0.074925 0.052728 0.008512
0 0.921303 0.203310 0.079211 0.047889 1.186627
0 0.264032 0.190886 0.079009 0.045596 1.147942
0 0.686365 0.246037 0.073852 0.045290 -0.105984
0 0.450000 0.166992 0.075732 0.042959 0.020830
