0 0.369191 0.860358 0.098374 0.058618 -0.016128
0 0.348438 0.791016 0.103125 0.054688 0.000000
0 0.489063 0.789062 0.093750 0.058594 0.000000
0 0.183142 0.783212 0.100012 0.052758 -0.015624
0 0.230469 0.858398 0.095312 0.052734 0.000000
0 0.632812 0.794922 0.090625 0.050781 0.000000
0 0.661388 0.865227 0.092201 0.048821 0.016948
0 0.689844 0.938477 0.090846 0.049006 -0.035699
0 0.494531 0.863281 0.085937 0.050781 -0.000000
0 0.010423 0.837971 0.076706 0.052994 0.061148
0 0.124219 0.855469 0.076563 0.046875 -0.000000
