0 0.174219 0.849609 0.125732 0.072260 0.012499
0 0.049218 0.632812 0.128125 0.066406 -0.000000
0 0.392188 0.758789 0.120495 0.068387 0.025968
0 0.570767 0.767583 0.123447 0.064448 -0.012658
0 0.185937 0.556641 0.112500 0.066406 0.000000
0 0.142969 0.957031 0.118984 0.062691 0.027390
0 0.549219 0.625977 0.120313 0.060547 0.000000
0 0.885938 0.762695 0.111005 0.064716 -0.029842
0 0.741406 0.761719 0.112677 0.062642 -0.028564
0 0.776563 0.852539 0.105502 0.066604 -0.045423
0 0.890625 0.631836 0.111095 0.062644 -0.028977
0 0.151563 0.105468 0.095312 0.060547 -1.570796
0 0.096707 0.124051 0.096981 0.054722 -1.535097
