0 0.285246 0.682054 0.110009 0.054392 -1.373401
0 0.285938 0.191406 0.105902 0.054205 -1.348714
0 0.189844 0.805664 0.102530 0.054690 -1.428899
0 0.110375 0.887735 0.099437 0.055795 -1.428899
0 0.233736 0.497978 0.096609 0.057150 -1.402900
0 0.129688 0.687500 0.106274 0.050250 -1.382575
0 0.213303 0.224372 0.096651 0.054999 -1.456542
0 0.176562 0.439453 0.098089 0.049375 -1.357428
0 0.035442 0.392660 0.092872 0.052116 -1.343997
0 0.509475 0.585824 0.095938 0.049400 -1.456542
0 0.297656 0.008789 0.068183 0.045962 -1.337053
