0 0.687953 0.508731 0.086484 0.053989 -1.499848
0 0.853907 0.504395 0.096426 0.049785 -1.570796
0 0.386719 0.623047 0.087500 0.052734 -1.570796
0 0.442048 0.624340 0.086741 0.050047 -1.485379
0 0.310982 0.490394 0.085831 0.043719 -0.953115
0 0.657799 0.634777 0.081273 0.049283 0.976770
0 0.850000 0.636719 0.079029 0.049780 1.291186
0 0.635749 0.508230 0.085678 0.045672 -1.363936
0 0.531793 0.503415 0.090994 0.044930 -1.006847
0 0.211079 0.312075 0.086968 0.047548 1.260409
0 0.492429 0.337211 0.086182 0.044450 1.188395
0 0.992517 0.634094 0.083237 0.046257 0.972249
0 0.229297 0.625488 0.085506 0.046865 -1.524632
0 0.579297 0.625000 0.075143 0.048584 1.203460
0 0.050781 0.306641 0.083584 0.048137 1.133005
0 0.582813 0.506836 0.087477 0.043628 -1.065434
0 0.995312 0.517090 0.080109 0.047866 -1.570796
0 0.978906 0.363281 0.082812 0.046875 0.000000
0 0.271056 0.324567 0.085735 0.039355 1.143748
0 0.440766 0.330421 0.085612 0.039757 1.095055
0 0.026472 0.487790 0.085748 0.043607 -0.948585
0 0.730201 0.635372 0.083361 0.040489 0.855708
0 0.900781 0.521484 0.084375 0.044922 -1.570796
0 0.816406 0.508301 0.082376 0.043941 -1.560993
0 0.198304 0.502768 0.084293 0.043789 -0.973128
0 0.796094 0.637695 0.086186 0.043825 1.243058
0 0.085368 0.487303 0.078693 0.045630 -1.004879
0 0.254223 0.499608 0.082451 0.043345 -1.022201
0 0.155365 0.311059 0.081833 0.044419 1.360784
0 0.100390 0.617676 0.081423 0.040096 -1.552286
0 0.732798 0.515585 0.078921 0.044967 1.550949
0 0.158594 0.616699 0.078906 0.044922 -1.570796
0 0.773438 0.513672 0.071875 0.050781 -1.570796
0 0.051562 0.619141 0.084375 0.042969 -1.570796
0 0.482639 0.488867 0.078425 0.043635 -1.053934
0 0.335938 0.620117 0.071875 0.048828 -1.570796
0 0.896371 0.636700 0.079088 0.042458 1.246047
0 0.141067 0.492821 0.082979 0.040458 -1.047392
0 0.945390 0.514568 0.081427 0.038359 -1.525466
0 0.592969 0.332031 0.082266 0.041200 1.030377
0 0.539646 0.331418 0.087625 0.038449 1.186979
0 0.417710 0.507549 0.078250 0.041225 -1.034271
0 0.384219 0.328711 0.083154 0.039306 1.107149
0 0.944403 0.637317 0.078773 0.041039 1.160524
0 0.362833 0.502003 0.078312 0.040995 -1.071450
0 0.325106 0.316730 0.082787 0.038522 1.039072
0 0.103420 0.306997 0.073391 0.042827 1.044462
0 0.013281 0.612305 0.073437 0.041016 -1.570796
0 0.280469 0.612305 0.067187 0.041016 -1.570796
