0 0.327101 0.945275 0.086065 0.047018 -0.054491
0 0.723438 0.053222 0.079247 0.046834 0.030574
0 0.575400 0.638417 0.084439 0.044898 0.023791
0 0.161835 0.389969 0.088457 0.044056 -0.622303
0 0.584375 0.699219 0.081249 0.046875 0.000000
0 0.554688 0.229003 0.082812 0.043945 0.000000
0 0.771510 0.715283 0.084811 0.043306 -0.120569
0 0.723828 0.171875 0.078906 0.046875 0.000000
0 0.442997 0.711717 0.086079 0.043110 1.516323
0 0.675241 0.835034 0.083838 0.044103 -0.103194
0 0.706251 0.946289 0.085183 0.043140 -0.073939
0 0.547827 0.326636 0.084038 0.041651 -0.142664
0 0.736377 0.303220 0.076040 0.043947 -0.041643
0 0.770012 0.594576 0.079690 0.042884 -0.204526
0 0.540762 0.081529 0.078139 0.043241 -0.091031
0 0.772002 0.655012 0.077226 0.043673 -0.196809
0 0.733446 0.246577 0.083136 0.040050 -0.018866
0 0.574193 0.523705 0.078257 0.043013 -0.045423
0 0.718750 0.114746 0.080959 0.041093 -0.009991
0 0.561998 0.415088 0.079932 0.041043 -0.078271
0 0.305468 0.584961 0.070405 0.039868 -0.520514
0 0.753670 0.461948 0.069926 0.042280 -0.100903
0 0.329826 0.997880 0.076626 0.039428 -0.040794
0 0.550781 0.177246 0.070312 0.040039 0.000000
0 0.568721 0.470012 0.076881 0.037160 -0.046689
0 0.773348 0.521451 0.072660 0.038314 -0.077612
0 0.702183 0.887190 0.072834 0.037215 -0.032593
0 0.755114 0.386218 0.067206 0.038121 -0.023252
0 0.575781 0.581543 0.069379 0.035246 -0.034038
