0 0.631971 0.650015 0.101406 0.052545 0.588003
0 0.748603 0.577181 0.092310 0.045930 -1.121753
0 0.798047 0.618652 0.090812 0.047449 -1.001212
0 0.126171 0.414133 0.082654 0.042071 0.560933
0 0.538765 0.743426 0.090023 0.041450 0.562657
0 0.609719 0.477129 0.077472 0.049870 -0.952171
0 0.750564 0.917174 0.087397 0.043371 0.598870
0 0.318653 0.553156 0.084097 0.042241 0.581452
0 0.560807 0.433644 0.073945 0.047329 -1.006563
0 0.113494 0.060882 0.078241 0.042624 -0.877447
0 0.332244 0.244868 0.075687 0.038928 -0.972484
0 0.147656 0.086914 0.071732 0.045488 -0.976583
0 0.417314 0.048881 0.077323 0.041671 1.430138
0 0.701563 0.534668 0.074442 0.039292 -1.096060
0 1.003192 0.335357 0.074543 0.043314 0.576375
0 0.157812 0.104492 0.076188 0.042227 -0.948126
0 0.129331 0.318721 0.078506 0.038502 0.605479
0 0.699219 0.249023 0.078067 0.038688 -1.024642
0 0.813281 0.303711 0.067635 0.043860 -0.969723
0 0.666484 0.498339 0.069358 0.041929 -1.102047
0 0.381337 0.281084 0.065113 0.041712 -0.982727
0 0.763672 0.276367 0.068760 0.038704 -0.776951
0 0.078952 0.021316 0.067199 0.038897 -0.819274
0 0.660288 0.221903 0.067499 0.037921 -0.997042
0 0.466386 0.048715 0.070292 0.035407 -1.502720
0 0.368809 0.011748 0.061739 0.035317 1.544986
