2 0.949610 0.592773 0.218256 0.074604 0.741657
2 0.619008 0.956169 0.231593 0.068324 0.719257
2 0.774045 0.799217 0.232000 0.063009 0.742005
2 0.876395 0.634715 0.227772 0.065880 0.714631
2 0.704687 0.881348 0.230867 0.061699 0.741259
2 0.825383 0.701728 0.216960 0.059546 0.717628
2 0.968001 0.501257 0.189192 0.070192 0.732815
2 0.983273 0.395751 0.166917 0.071414 0.665969
0 0.017850 0.888168 0.106650 0.049148 0.681513
1 0.333132 0.623044 0.099376 0.049996 0.689951
1 0.427310 0.492566 0.096250 0.045669 0.733621
1 0.454384 0.450826 0.096044 0.046906 0.738920
1 0.224153 0.590735 0.098002 0.044869 0.768433
1 0.315238 0.456027 0.098579 0.044924 0.762804
1 0.299299 0.674204 0.099505 0.044567 0.713105
0 0.469571 0.395134 0.084644 0.051243 0.725968
1 0.286649 0.502833 0.097840 0.044197 0.763039
1 0.514366 0.524967 0.099160 0.043567 -0.858173
1 0.351563 0.409180 0.100936 0.044192 0.774410
0 0.433216 0.280743 0.081126 0.046882 0.742703
1 0.380469 0.371094 0.096530 0.042805 0.715744
1 0.253484 0.547014 0.095839 0.042796 0.722896
0 0.500489 0.354595 0.081952 0.047032 0.737042
0 0.232477 0.857761 0.089051 0.043437 -0.892905
0 0.618847 0.191436 0.083039 0.047137 0.704494
0 0.643366 0.150053 0.084946 0.044937 0.687297
0 0.396118 0.173362 0.084532 0.041602 0.645446
0 0.711020 0.073361 0.083791 0.043417 0.765064
0 0.590446 0.005628 0.083464 0.043516 0.752254
0 0.558416 0.051526 0.083464 0.043516 0.752254
0 0.338026 0.257287 0.078825 0.044116 0.687124
0 0.558985 0.276367 0.082791 0.041981 0.679108
0 0.587343 0.236425 0.085153 0.043872 0.660604
0 0.402488 0.323397 0.080300 0.042908 0.715732
0 0.454225 0.089593 0.076748 0.045200 0.620286
0 0.366858 0.216708 0.082962 0.040722 0.678529
0 0.479240 -0.003944 0.081796 0.042187 0.772258
0 0.762942 0.038147 0.073305 0.039981 0.732030
0 0.649655 0.080619 0.076914 0.040715 0.693336
0 0.408985 0.119140 0.076432 0.039823 0.700992
0 0.450934 0.026384 0.070264 0.038695 0.725174
