2 0.004957 0.295736 0.180956 0.074571 -1.427312
2 0.072709 0.317920 0.200220 0.064657 -1.523956
2 0.558594 0.625000 0.132899 0.064499 0.108012
3 0.201290 0.562550 0.111416 0.063336 0.265006
2 0.370916 0.600857 0.109921 0.054416 0.099669
0 0.579730 0.525390 0.093056 0.052400 -0.945238
0 0.546511 0.326730 0.089405 0.049764 1.103308
0 0.788303 0.652623 0.092457 0.048356 0.117290
0 0.465483 0.510424 0.091819 0.044843 -1.042143
0 0.672657 0.657714 0.089851 0.048697 -1.419772
0 0.297720 0.493325 0.086115 0.048875 -0.929524
0 0.804784 0.550570 0.081283 0.048266 -1.022272
0 0.893359 0.687989 0.078906 0.047851 -1.570796
0 0.874323 0.376554 0.086718 0.047542 1.171634
0 0.786779 0.832956 0.090761 0.043880 0.042685
0 0.105859 0.077637 0.078338 0.045731 1.453688
0 0.695852 0.543959 0.087880 0.044925 -1.022287
0 0.250387 0.473983 0.082199 0.048119 -0.952690
0 0.923331 0.382850 0.085795 0.041369 1.184145
0 0.932085 0.695275 0.077551 0.046877 -1.509953
0 0.277360 0.279776 0.076139 0.042640 1.225318
0 0.706703 0.349581 0.077881 0.044925 1.195476
0 0.860937 0.554688 0.079763 0.043959 -1.047806
0 0.155860 0.413574 0.083594 0.040039 -0.000000
0 0.908210 0.564289 0.087556 0.041617 -0.962994
0 0.768615 0.362932 0.085113 0.041912 1.089810
0 0.965540 0.570688 0.080159 0.044703 -1.010278
0 0.599213 0.329084 0.081454 0.043348 1.138373
0 0.331306 0.291339 0.071546 0.040798 1.314393
0 0.436328 0.309570 0.078807 0.039231 1.079633
0 0.160937 0.219727 0.074889 0.040227 1.425984
0 0.983968 0.697753 0.071908 0.042012 -1.549975
0 0.752835 0.551350 0.081490 0.037899 -1.004067
0 0.488431 0.313398 0.081319 0.035574 1.126612
0 0.353125 0.503906 0.080835 0.032890 -0.943488
0 0.978464 0.397011 0.061269 0.036612 1.014933
0 0.823495 0.361461 0.065926 0.034515 1.058984
