0 0.069715 0.941589 0.094920 0.047921 1.131563
0 0.704457 0.381559 0.082282 0.047109 -0.948354
0 0.867543 0.426053 0.085298 0.048541 0.234644
0 0.570354 0.258995 0.093372 0.043947 0.029154
0 0.408643 0.130202 0.089219 0.047102 -0.583657
0 0.725390 0.459473 0.079509 0.046954 -0.813972
0 0.729205 0.673092 0.088405 0.044874 0.040561
0 0.753125 0.792480 0.088509 0.047068 0.097831
0 0.587500 0.821777 0.086295 0.044895 -0.798553
0 0.809393 0.630466 0.083058 0.042712 -1.129844
0 0.596514 0.373388 0.086054 0.047022 0.162251
0 0.642188 0.490234 0.087700 0.046941 0.147078
0 0.454636 0.453618 0.088896 0.045571 -0.868517
0 0.132031 0.193359 0.085728 0.047431 -0.226799
0 0.383399 0.269705 0.084263 0.045158 -1.269546
0 0.585547 0.316895 0.086053 0.042048 -0.018510
0 0.894531 0.858398 0.087053 0.045760 -0.887605
0 0.711930 0.616675 0.088329 0.043969 0.089667
0 0.793682 0.216918 0.088987 0.042953 0.321503
0 0.140067 0.109910 0.084265 0.044729 -0.434485
0 0.743712 0.732988 0.083175 0.047037 0.083141
0 0.432186 0.397165 0.086973 0.040129 -0.955996
0 0.942160 0.563475 0.082146 0.045757 0.280298
0 0.841879 0.358367 0.081166 0.044500 0.215569
0 0.637297 0.196953 0.079928 0.045963 -0.877461
0 0.974219 0.697266 0.082027 0.046794 0.058756
0 0.907969 0.497452 0.082177 0.042902 0.192657
0 0.578305 0.740873 0.083879 0.043351 -1.008153
0 0.836330 0.696117 0.087625 0.042211 -1.027319
0 0.681250 0.553223 0.085460 0.039890 0.074708
0 0.638588 0.436835 0.088188 0.039986 0.162199
0 0.657557 0.264612 0.078307 0.043960 -0.971273
0 0.777460 0.150950 0.083517 0.042601 0.321277
0 0.828899 0.293456 0.085859 0.041124 0.082684
0 0.500018 0.582420 0.080467 0.043470 -0.877942
0 0.517808 0.641237 0.077224 0.045144 -0.885523
0 0.545056 0.699201 0.082870 0.041974 -0.980410
0 0.953906 0.635254 0.083713 0.040801 0.209112
0 0.725782 0.074219 0.074447 0.045155 -0.064176
0 0.026563 0.392578 0.069175 0.049411 1.249046
0 0.409627 0.339913 0.080789 0.041988 -0.915735
0 0.551584 0.192291 0.081625 0.041388 0.095859
0 0.475407 0.515640 0.080816 0.038481 -0.936502
0 0.041324 0.728959 0.078562 0.039705 1.201429
0 0.552734 0.139160 0.082823 0.038530 0.135107
0 0.627344 0.863281 0.082381 0.039121 -1.010109
0 0.675781 0.332031 0.080774 0.038671 -0.854718
0 0.866029 0.816592 0.075422 0.042000 -0.873406
0 0.334577 0.011763 0.077765 0.040695 1.179096
0 0.755469 0.510742 0.075130 0.041432 -0.785398
0 0.841314 0.765544 0.074113 0.041768 -0.956133
0 0.110546 0.633301 0.069052 0.043658 1.132868
