0 0.711718 0.561523 0.092188 0.052735 0.000000
0 0.384077 0.483455 0.089699 0.049677 0.624748
0 0.596484 0.557617 0.092969 0.044922 0.000000
0 0.478687 0.324571 0.085282 0.043564 -0.831495
0 0.215003 0.606449 0.090632 0.047848 0.008474
0 0.683985 0.480469 0.086016 0.046246 0.624918
0 0.210156 0.474609 0.092188 0.042969 0.000000
0 0.449014 0.005462 0.076668 0.044145 -1.497509
0 0.759569 0.478169 0.086548 0.043715 0.512249
0 0.368509 0.126410 0.082387 0.042888 -0.264386
0 0.230469 0.321289 0.080743 0.047023 -0.702257
0 0.456262 0.476721 0.084808 0.041565 0.654571
0 0.407813 0.195312 0.084375 0.042969 -1.570796
0 0.544515 0.329453 0.077555 0.043901 -0.952171
0 0.300900 0.469928 0.081790 0.044901 0.833928
0 0.273438 0.137207 0.081891 0.041966 -0.056364
0 0.742188 0.146484 0.078125 0.046875 0.000000
0 0.638672 0.223632 0.070312 0.038086 -1.570796
0 0.076954 0.048828 0.071874 0.034180 -1.570796
0 0.767426 0.366162 0.077259 0.043967 -0.842924
0 0.299358 0.313646 0.080530 0.042418 -0.827686
0 0.449219 0.217773 0.079314 0.041560 -1.489877
0 0.261719 0.003907 0.079687 0.042969 -1.570796
0 0.605793 0.324456 0.074075 0.040437 -0.909729
0 0.540234 0.144532 0.077689 0.041988 -0.009802
0 0.394944 0.003168 0.071884 0.044873 -1.570796
0 0.153935 0.038896 0.076230 0.041236 1.486654
0 0.592187 0.229492 0.070312 0.046875 -1.570796
0 0.731250 0.224609 0.071138 0.045004 -1.570796
0 0.503125 0.218262 0.071093 0.042969 -1.570796
0 0.473438 0.567383 0.078125 0.041016 0.000000
0 0.685937 0.225586 0.073437 0.042969 -1.570796
0 0.641406 0.142578 0.073437 0.042969 -0.000000
0 0.813281 0.561523 0.073437 0.042969 -0.000000
0 0.355078 0.010742 0.065624 0.043945 -1.570796
0 0.415234 0.326660 0.073108 0.040449 -0.883309
0 0.599622 0.477171 0.070017 0.041133 0.682328
0 0.277344 0.214844 0.075000 0.041016 -1.570796
0 0.197657 0.018555 0.079687 0.037109 -1.570796
0 0.921094 0.559570 0.079687 0.037109 0.000000
0 0.031204 0.053767 0.068957 0.041986 -1.517804
0 0.115625 0.043945 0.076563 0.037109 -1.570796
0 0.542969 0.224609 0.064062 0.035156 -1.570796
0 0.316406 0.210938 0.071875 0.037109 -1.570796
0 0.363281 0.208008 0.067187 0.033203 -1.570796
