0 0.758740 0.716116 0.086929 0.049725 -0.791550
0 0.658042 0.897901 0.084563 0.046157 -1.289959
0 0.655209 0.309616 0.080470 0.047681 -0.955308
0 0.481250 0.190430 0.092026 0.041487 -0.761013
0 0.366115 0.261923 0.085088 0.043017 -0.529359
0 0.087232 0.242256 0.077394 0.045702 0.958076
0 0.902386 0.561229 0.081326 0.041429 -0.663446
0 0.030462 0.437481 0.078607 0.038877 1.138238
0 0.096484 0.578125 0.072535 0.042678 0.904703
0 0.374080 0.986464 0.069066 0.035981 0.904827
0 0.571155 0.191723 0.068597 0.036148 -0.647995
