1 0.998545 0.307211 0.099713 0.048198 1.203575
1 0.961402 0.183632 0.099589 0.048152 1.193079
1 1.002849 0.168403 0.098978 0.048221 1.210351
1 0.935053 0.089734 0.097843 0.049155 -0.289952
0 0.928425 0.221817 0.088561 0.048867 1.210371
0 0.944085 0.455443 0.087047 0.051610 1.229017
0 0.650000 0.493653 0.083544 0.050279 1.291880
0 0.902892 0.473464 0.087215 0.048756 1.198327
0 0.958381 0.331047 0.084035 0.048313 1.219617
0 0.481250 0.560547 0.075927 0.051315 1.282330
0 0.812585 0.509571 0.081362 0.051904 1.233397
0 0.986689 0.437851 0.088535 0.046046 1.209726
0 0.885937 0.243164 0.091276 0.046241 1.226578
0 0.671875 0.326172 0.088524 0.046613 1.286829
0 0.461854 0.666718 0.081498 0.050215 1.335251
0 0.911438 0.345539 0.084056 0.047534 1.220064
0 0.407618 0.597412 0.083710 0.042916 1.255456
0 0.787830 0.571764 0.081708 0.046643 1.324270
0 0.573082 0.351261 0.085520 0.044806 1.283926
0 0.711719 0.302734 0.086469 0.046322 1.249046
0 0.670067 0.602032 0.084233 0.045963 1.266695
0 0.747341 0.572531 0.086802 0.042971 1.220061
0 0.387109 0.495117 0.086413 0.041569 1.297019
0 0.867578 0.515137 0.081194 0.044177 1.220603
0 0.459884 0.467778 0.077643 0.046025 1.284452
0 0.695305 0.474757 0.081665 0.046683 1.295773
0 0.757299 0.287109 0.084112 0.045065 1.254926
0 0.633461 0.386128 0.081453 0.045085 1.273744
0 0.797266 0.270996 0.084167 0.042117 1.229938
0 0.513281 0.544922 0.077430 0.045434 1.297054
0 0.424610 0.485352 0.076220 0.044537 1.310961
0 0.510625 0.350503 0.075804 0.041217 1.312819
0 0.630452 0.623445 0.080665 0.039529 1.233397
0 0.608593 0.501953 0.080895 0.041869 1.142532
0 0.434125 0.706226 0.083409 0.037040 1.359033
0 0.502344 0.651855 0.073828 0.042609 1.273394
0 0.532560 0.438296 0.073180 0.044538 1.304544
0 0.317578 0.747558 0.077842 0.039115 -0.244594
0 0.323137 0.316970 0.075475 0.039278 1.361685
0 0.535156 0.633789 0.074432 0.042645 1.269177
0 0.442969 0.575195 0.073716 0.041716 1.320353
0 0.495243 0.447897 0.071718 0.038424 1.358381
0 0.523438 0.743164 0.076980 0.038359 1.229181
0 0.553530 0.532285 0.075910 0.035542 1.275355
0 0.286718 0.315918 0.073331 0.035625 1.375493
0 0.559692 0.724775 0.074072 0.032838 1.301346
