3 0.372266 0.989746 0.318110 0.089843 0.002475
2 0.880071 0.988284 0.140646 0.057622 -0.016407
3 0.940395 0.374428 0.118357 0.054645 0.309148
0 0.034375 0.992188 0.106250 0.058594 0.000000
1 0.322564 0.513635 0.111740 0.052671 -0.013695
0 0.593750 0.998047 0.103125 0.046875 0.000000
0 0.456250 0.520508 0.087806 0.043942 0.009090
0 0.390625 0.190430 0.089063 0.046875 -1.570796
0 0.666407 0.518555 0.081250 0.048828 0.000000
0 0.557813 0.525391 0.084375 0.046875 0.000000
0 0.781250 0.522461 0.087500 0.044922 0.000000
0 0.150000 1.001953 0.081250 0.046875 0.000000
0 0.430860 0.193359 0.081250 0.041993 -1.570796
0 0.473047 0.197266 0.071162 0.045920 -1.549070
0 0.339062 0.183594 0.071875 0.046875 -1.570796
0 0.516407 0.194336 0.073437 0.042969 -1.570796
0 0.294531 0.189453 0.075000 0.041016 -1.570796
0 0.196875 0.508789 0.075000 0.041016 0.000000
0 0.075781 0.179688 0.071875 0.041016 -1.570796
0 0.063281 0.166016 0.071875 0.041016 -1.570796
0 0.068750 0.509766 0.081250 0.035156 0.000000
0 0.962314 0.323192 0.067933 0.039832 0.211093
0 0.559375 0.195312 0.070312 0.039062 -1.570796
