3 0.677101 0.454581 0.306607 0.072296 0.022951
0 0.383593 0.458496 0.090625 0.045898 0.000000
0 0.344532 0.705567 0.093151 0.047871 -0.016661
0 0.020711 0.445294 0.089879 0.045997 0.043773
0 0.730860 0.705567 0.086719 0.047851 0.000000
0 0.241406 0.696777 0.084375 0.047851 0.000000
0 0.151953 0.462403 0.092691 0.041048 0.009090
0 0.850000 0.697266 0.087500 0.046875 0.000000
0 0.460938 0.701172 0.087200 0.042007 -0.008927
0 0.616407 0.693848 0.087500 0.041993 0.000000
0 0.266406 0.458008 0.089063 0.041016 -0.000000
0 0.924266 0.459744 0.082436 0.043827 0.034593
0 0.078906 0.698242 0.070312 0.041016 0.000000
