0 0.973047 0.600586 0.099887 0.055657 -1.554921
0 0.626562 0.357910 0.092687 0.052130 -1.475286
0 0.500803 0.835991 0.098203 0.053987 -1.513150
0 0.854663 0.585896 0.094900 0.051674 -1.538021
0 0.443750 0.222168 0.102351 0.048778 1.254911
0 0.614460 0.492541 0.092626 0.050873 -1.511389
0 0.776354 0.842144 0.093296 0.048014 -1.489311
0 0.558589 0.019167 0.090583 0.047881 -1.510267
0 0.682961 0.553171 0.088455 0.048170 -1.238409
0 0.909354 0.594139 0.093958 0.047031 -1.504228
0 0.494008 0.009887 0.083047 0.048088 -1.491745
0 0.130560 0.022118 0.082168 0.048991 0.369419
0 0.633536 0.236836 0.080908 0.047933 -1.482389
0 0.439327 0.014586 0.089563 0.045868 -1.479392
0 0.644922 0.893555 0.085413 0.049369 0.718876
0 0.654231 0.752983 0.090686 0.044133 0.768164
0 0.812500 0.354980 0.085532 0.047811 -1.561363
0 0.636902 0.963623 0.091761 0.045596 0.755104
0 0.523567 0.407650 0.085278 0.046963 -1.493912
0 0.650818 0.824844 0.087521 0.045749 0.677577
0 0.922652 0.386479 0.078914 0.047847 -1.560993
0 0.643278 0.115672 0.087138 0.044207 -1.482097
0 0.865584 0.381400 0.082761 0.044840 -1.474625
0 0.969532 0.389648 0.080070 0.045008 -1.533131
0 0.273438 0.032227 0.077937 0.043892 -0.739277
0 0.499252 0.232426 0.074417 0.045028 -1.506606
0 0.058594 0.036621 0.073362 0.043338 1.095870
0 0.653160 -0.003967 0.073504 0.043096 -1.528269
0 0.662109 0.696777 0.073583 0.039855 0.642192
0 0.459288 0.553934 0.067784 0.036693 -1.117458
