1 0.691381 0.293857 0.109431 0.051202 0.755104
0 0.322079 0.711996 0.087972 0.045842 0.851966
0 0.938291 0.468884 0.091446 0.044781 0.863699
0 0.540235 0.920411 0.087723 0.042158 0.803908
0 0.846056 0.755502 0.086011 0.045641 0.949407
0 0.366216 0.670601 0.080462 0.047121 0.897622
0 0.609453 0.807037 0.085088 0.043515 0.801522
0 0.272608 0.770603 0.083150 0.044170 0.926150
0 0.782393 0.629948 0.088149 0.042170 0.809299
0 0.912440 0.528226 0.083242 0.043897 0.887042
0 0.488429 0.538787 0.080703 0.043833 0.855705
1 0.962646 0.401560 0.084445 0.042846 0.838668
1 0.577025 0.863362 0.082331 0.040073 0.792791
0 0.776170 0.811579 0.084926 0.039943 0.712224
0 0.235911 0.814186 0.084117 0.039622 0.873027
0 0.661021 0.755480 0.080980 0.043509 0.799096
0 0.714063 0.047851 0.081514 0.042140 0.792440
0 0.572181 0.453036 0.080106 0.041459 0.792247
0 0.654297 0.356445 0.079696 0.038747 0.864012
0 0.614063 0.410156 0.079549 0.038670 0.785398
0 0.103778 0.947403 0.080789 0.037978 0.823784
0 0.754656 0.676607 0.081839 0.035512 0.860198
0 0.402355 0.622612 0.081304 0.037039 0.870189
0 0.598637 0.040678 0.073490 0.036468 0.770697
0 0.439707 0.990445 0.069091 0.037914 0.803908
0 0.610353 0.215885 0.067348 0.040569 0.510174
0 0.666016 0.121582 0.079484 0.035182 0.750160
0 0.894711 0.695019 0.066786 0.040753 0.768164
0 0.641797 0.158691 0.074089 0.036550 0.747190
0 0.687891 0.078614 0.074438 0.034455 0.769778
0 0.741797 0.018555 0.076702 0.035398 0.830144
0 0.625698 0.011642 0.073133 0.033163 0.785398
0 0.580078 0.090332 0.068677 0.035097 0.743126
0 0.783594 0.112793 0.062601 0.033889 0.821097
0 0.701172 0.228516 0.059284 0.032772 0.635149
