0 0.095070 0.516655 0.088387 0.044868 -0.033847
0 0.096093 0.620117 0.082813 0.046875 0.000000
0 0.938867 0.745600 0.071884 0.044938 -0.011362
0 0.789843 0.808594 0.068342 0.043983 -0.011110
0 0.869531 0.801758 0.071199 0.043038 -0.022712
0 0.867188 0.747070 0.078125 0.042969 0.000000
0 0.099219 0.460938 0.084375 0.039062 0.000000
0 0.104688 0.363281 0.081250 0.041016 0.000000
0 0.115625 0.250977 0.070322 0.047016 -0.113151
0 0.710157 0.813012 0.068007 0.042066 -0.024979
0 0.092579 0.566406 0.082589 0.037097 -0.017849
0 0.631250 0.817383 0.075000 0.042969 0.000000
0 0.467969 0.821777 0.071875 0.040039 0.000000
0 0.950781 0.800781 0.067188 0.044922 0.000000
0 0.717578 0.752442 0.064843 0.041992 0.000000
0 0.098828 0.673339 0.077731 0.039150 -0.050786
0 0.404687 0.754883 0.071875 0.041016 0.000000
0 0.109765 0.791992 0.066406 0.041015 0.000000
0 0.550000 0.821289 0.075000 0.039062 0.000000
0 0.109766 0.411621 0.057490 0.042962 -0.012497
0 0.387109 0.821289 0.070732 0.040058 0.011844
0 0.122656 0.733886 0.073810 0.037104 -0.011626
0 0.115228 0.269433 0.062206 0.043662 -0.202322
0 0.098047 0.316406 0.058593 0.041016 0.000000
0 0.476562 0.762695 0.064062 0.039062 -0.000000
0 0.790625 0.750000 0.060937 0.041016 0.000000
0 0.410156 0.770508 0.060937 0.041016 0.000000
0 0.584374 0.751460 0.057972 0.040087 -0.048771
0 0.109858 0.203809 0.061812 0.037585 -0.286051
0 0.652344 0.754883 0.059375 0.039062 0.000000
0 0.107031 0.220703 0.061286 0.036360 -0.304511
