0 0.361261 0.875136 0.095575 0.054694 0.581190
0 0.867579 0.789551 0.093332 0.052637 -0.043906
0 0.617930 0.791550 0.092994 0.051680 0.016123
0 0.744980 0.791990 0.092213 0.048846 -0.016387
0 0.532812 0.872070 0.092467 0.049527 0.513731
0 0.992546 0.867187 0.083984 0.050364 0.798908
0 0.956574 0.498008 0.087964 0.048323 1.390175
0 0.035547 0.250000 0.090563 0.049499 1.405951
0 0.607174 0.535807 0.086666 0.049369 -0.184581
0 0.520545 0.786062 0.089431 0.049690 0.111511
0 0.584362 0.352463 0.088695 0.049802 0.028149
0 0.857812 0.532715 0.083172 0.047938 -0.038386
0 0.442969 0.355469 0.090948 0.046914 0.034469
0 0.701563 0.519374 0.084036 0.047787 -0.102260
0 0.092813 0.401338 0.083535 0.045047 0.527346
0 0.281160 0.446763 0.085993 0.044948 -0.046467
0 0.244332 0.354488 0.082820 0.047866 -0.009802
0 0.133420 0.342404 0.093139 0.041985 0.482554
0 0.409669 0.470338 0.082751 0.042985 -0.030436
0 0.021386 0.030830 0.078218 0.047999 -1.473443
0 0.446537 0.873299 0.089365 0.041799 0.652847
0 0.164335 0.286626 0.076006 0.044499 0.316536
0 0.344068 0.352556 0.075303 0.045914 0.031265
0 0.280434 0.877481 0.082562 0.043839 0.514451
0 0.834766 0.351562 0.075781 0.044922 0.000000
0 0.551562 0.452148 0.084375 0.041016 0.000000
0 0.121286 1.001797 0.072381 0.046589 0.994421
0 0.932813 0.354492 0.081250 0.041016 0.000000
0 0.713281 0.350586 0.079687 0.041016 0.000000
0 0.696875 0.431641 0.075000 0.042969 0.000000
0 0.197363 0.889024 0.073592 0.042823 0.735991
0 0.173828 0.991699 0.071435 0.041074 1.003278
0 0.098569 0.225479 0.073029 0.040075 0.750929
0 0.053906 0.990234 0.068209 0.042584 1.234121
0 0.018893 0.144924 0.066559 0.039785 1.100677
