3 0.821875 0.652344 0.286267 0.074216 1.559986
3 0.813281 0.114258 0.096875 0.054688 -1.570796
0 0.256085 0.490677 0.081139 0.047813 0.959584
0 0.190625 0.513183 0.077608 0.046974 0.792644
0 0.444135 0.361876 0.076165 0.046149 -1.446441
0 0.050741 0.533421 0.074197 0.046065 1.014343
0 0.126172 0.538086 0.081656 0.040994 0.634045
0 0.513657 0.245165 0.077148 0.043264 -1.177336
0 0.375138 0.354291 0.073552 0.041550 1.039670
0 0.818750 0.376953 0.070312 0.044922 -1.570796
0 0.813282 0.264648 0.078125 0.041016 -1.570796
0 0.463282 0.155761 0.075782 0.039062 -1.570796
0 0.551558 0.299103 0.069539 0.040055 -1.560381
0 0.314844 0.423339 0.070614 0.039786 0.575215
0 0.011719 0.741211 0.067187 0.041016 -0.000000
0 0.461718 0.036133 0.064062 0.041016 -1.570796
