0 0.569523 0.507554 0.080700 0.051254 -0.648543
0 0.479547 0.578867 0.085496 0.045905 -0.647289
0 0.503281 0.677607 0.084555 0.046432 -0.621283
0 0.297561 0.763497 0.087926 0.042613 -0.646192
0 0.703245 0.509355 0.084401 0.044167 -0.702008
0 0.774781 0.292814 0.080302 0.043567 -0.663743
0 0.399856 0.662192 0.084346 0.040117 -0.663432
0 0.851737 0.205213 0.077620 0.044181 -0.721995
0 0.917813 0.129014 0.075063 0.042210 -0.692421
0 0.122266 0.936035 0.080086 0.037519 -0.645656
0 0.206250 0.851562 0.080265 0.038529 -0.699893
0 0.663823 0.400724 0.071512 0.039430 -0.650731
0 0.989647 0.059380 0.076224 0.037314 -0.748378
