1 0.867486 0.214510 0.278839 0.064525 0.142471
1 0.298047 0.285156 0.153906 0.058594 0.000000
1 0.638672 0.358398 0.115642 0.064525 0.042426
2 0.373046 0.371582 0.123775 0.053728 0.024672
0 0.014062 0.273926 0.080811 0.050801 0.030574
0 0.729281 0.291445 0.084580 0.051847 0.056289
0 0.035547 0.360840 0.090869 0.044026 -0.015620
0 0.176906 0.195747 0.084402 0.044067 0.017537
0 0.963903 0.297832 0.089395 0.044863 0.017732
0 0.878753 0.382281 0.085972 0.043072 -0.007621
0 0.027344 0.216309 0.082813 0.043945 0.000000
0 0.987521 0.384315 0.078415 0.043022 0.051422
0 0.150782 0.286133 0.082169 0.044944 0.019598
0 0.830405 0.295953 0.078187 0.044849 0.040043
0 0.513672 0.379395 0.083902 0.040994 0.009614
0 0.569683 0.295884 0.084382 0.042025 0.009258
0 0.141735 0.376483 0.075409 0.040953 0.032410
0 0.348504 0.908918 0.081781 0.041589 -1.094334
0 0.757812 0.370117 0.075000 0.044922 -0.000000
0 0.459381 0.294913 0.073454 0.041006 -0.001363
0 0.556250 0.730957 0.080936 0.041031 0.009802
3 0.236088 0.357427 0.079695 0.040055 -0.009614
