0 0.187923 0.204162 0.088678 0.052066 -0.114416
0 0.543750 0.389648 0.092842 0.046851 -1.553693
0 0.323411 0.760386 0.090803 0.041043 -1.518575
0 0.944921 0.156250 0.076143 0.041839 -1.370006
0 0.891908 0.901634 0.080397 0.041778 -1.363571
0 0.330078 0.625977 0.078445 0.042965 -1.560797
0 0.226954 0.356934 0.079498 0.041975 -1.510868
0 0.145270 0.133103 0.074176 0.040061 -0.022712
0 0.169922 0.352539 0.076563 0.040039 -1.570796
0 0.701562 0.510742 0.073437 0.037109 -1.570796
0 0.107813 0.621583 0.069531 0.039062 -1.570796
0 0.216239 0.074902 0.068814 0.040750 0.810829
3 0.842968 0.448731 0.077344 0.035156 -1.570796
0 0.845307 0.311261 0.061729 0.038106 -1.570796
0 0.046875 0.623047 0.068750 0.035156 -1.570796
0 0.144922 0.054200 0.061719 0.036132 0.000000
