0 0.208984 0.933594 0.093918 0.046741 0.531724
0 0.232758 0.235520 0.089662 0.046287 0.405823
0 0.509172 0.439083 0.078611 0.046751 0.574791
0 0.798275 0.687850 0.082329 0.044120 0.598797
0 0.383112 0.323167 0.087972 0.043877 0.588003
0 0.946094 0.533203 0.084838 0.048422 -1.293815
0 0.469531 0.202148 0.079576 0.045765 -0.974257
0 0.330727 0.847954 0.083568 0.042058 0.550631
0 0.548431 0.281803 0.082827 0.044914 1.551931
0 0.787373 0.410886 0.073554 0.048295 -1.356736
0 0.342640 0.610080 0.086252 0.040369 0.585667
0 0.889063 0.515625 0.075686 0.045957 -1.381597
0 0.598438 0.517090 0.074313 0.041365 0.606294
0 0.238488 0.746508 0.073414 0.043178 0.485373
0 0.515671 0.997300 0.075754 0.037496 0.583863
0 0.604687 0.279297 0.068876 0.035635 -1.386853
