3 0.540491 0.153794 0.281797 0.064705 -1.409488
3 0.471522 0.648245 0.306002 0.060509 -1.385876
3 0.621337 0.760054 0.162327 0.066308 -1.408409
1 0.877364 0.683895 0.107164 0.052597 -1.428447
3 0.966416 0.522897 0.095572 0.049734 -1.423031
0 0.930146 0.735911 0.085081 0.049039 -1.364103
0 0.860154 0.963165 0.082334 0.048806 -1.422504
0 0.908975 0.399998 0.086984 0.046246 -1.424926
0 0.011328 0.115723 0.076925 0.044505 0.221973
0 0.942350 0.131391 0.072369 0.044903 -1.403090
0 0.040261 -0.001843 0.083048 0.042149 0.208465
0 -0.003398 0.190967 0.073596 0.042048 0.388027
