0 0.662097 0.779293 0.092156 0.046943 0.213744
0 0.923480 0.942363 0.091066 0.046443 0.407076
0 0.245928 0.522485 0.090330 0.048770 -0.227297
0 0.898004 0.784557 0.090732 0.047841 0.532398
0 0.526758 0.126220 0.087829 0.043799 -0.835232
0 0.750226 0.808523 0.088519 0.045056 -0.838287
0 0.467969 0.748047 0.090142 0.041926 -1.107149
0 0.889845 0.714197 0.090108 0.041684 0.574000
0 0.671484 0.840332 0.088043 0.045116 0.174130
0 0.369323 0.169664 0.087190 0.047109 0.370924
0 0.756417 0.211492 0.081443 0.045006 -0.691105
0 0.923634 0.873612 0.090133 0.042017 0.198720
0 0.668992 0.905686 0.088206 0.045157 0.383691
0 0.501953 0.892090 0.088692 0.042667 -0.745900
0 0.513281 0.952636 0.091287 0.043275 -0.697077
0 0.742188 0.727051 0.084967 0.045144 -0.667546
0 0.372427 0.237408 0.083283 0.047332 0.339186
0 0.940201 0.487445 0.081661 0.046183 -0.247438
0 0.779338 0.936499 0.086619 0.045684 -0.753110
0 0.702875 0.979993 0.093006 0.040557 0.361941
0 0.605486 0.123774 0.077562 0.047541 0.848782
0 0.621130 0.387394 0.079210 0.044806 -0.725271
0 0.540234 0.183105 0.081387 0.043132 -0.702003
0 0.453628 0.460516 0.083759 0.045003 1.326125
0 0.505629 0.070073 0.081202 0.044268 -0.852453
0 0.661713 0.648081 0.081713 0.040794 0.285397
0 0.543403 0.255387 0.086994 0.042278 -0.830199
0 0.652243 0.703359 0.084757 0.043862 0.317587
0 0.770313 0.264648 0.083024 0.043265 -0.694847
0 0.743107 0.150519 0.083313 0.043729 -0.842025
0 0.617578 0.219238 0.081574 0.041402 0.757649
0 0.592578 0.050293 0.082987 0.043132 0.368106
0 0.594449 0.353114 0.084525 0.040032 -0.778905
0 0.798325 0.309559 0.073746 0.043696 -0.702381
0 0.757812 0.880371 0.086067 0.039476 -0.654483
0 -0.000119 0.342162 0.066529 0.050449 1.398605
0 0.574865 0.294645 0.070712 0.041793 -0.902838
0 0.484423 0.827601 0.076704 0.038718 -0.776223
0 0.341398 0.098044 0.076319 0.039896 0.082716
0 0.849342 0.622090 0.076274 0.040342 0.113321
0 0.727056 0.087100 0.076095 0.039580 -0.600731
0 0.062500 0.752930 0.075456 0.039446 1.289564
0 0.424219 0.341797 0.075455 0.037719 1.209593
0 0.331250 0.043945 0.072322 0.038204 0.300171
0 0.494531 0.012695 0.070214 0.037401 -0.802346
0 0.707812 -0.007812 0.059948 0.043145 -0.844154
0 0.028906 0.857422 0.072931 0.032175 1.373401
