3 0.850390 0.779297 0.307966 0.074218 -1.570796
3 0.609375 0.478028 0.288882 0.070526 1.516354
3 0.741406 0.236816 0.209700 0.081289 1.491962
3 0.660547 0.828614 0.225193 0.070317 1.409660
3 0.601050 0.069547 0.212552 0.072325 -1.539062
1 0.827344 0.034180 0.203029 0.064360 -1.570796
1 0.787786 0.610521 0.113255 0.051691 -1.381552
0 0.739478 0.026426 0.104828 0.050786 -1.534627
0 0.720693 0.828874 0.088092 0.049856 1.553557
0 0.785129 0.789569 0.079745 0.048845 1.535097
0 0.268287 0.086083 0.083853 0.043729 1.493034
0 0.831247 0.363971 0.083602 0.045894 -1.560993
0 0.829663 0.492256 0.086746 0.046827 1.536327
0 0.668360 0.357422 0.082813 0.047852 -1.570796
0 0.684765 0.643555 0.090602 0.042980 -1.570796
0 0.726174 0.493717 0.082842 0.047872 -1.570796
0 0.668000 0.189623 0.083662 0.045860 -1.570796
0 0.731636 0.660442 0.085164 0.044937 -1.561363
0 0.827734 0.237793 0.085156 0.043945 -1.570796
0 0.674591 0.508645 0.087604 0.046198 1.463372
0 0.774609 0.936523 0.084055 0.042983 -1.561707
0 0.787879 0.291207 0.084963 0.039043 1.542271
0 0.777599 0.155306 0.080876 0.042852 1.536203
0 0.782543 0.409061 0.077621 0.044131 -1.458470
