0 0.009375 0.145508 0.085456 0.053338 1.173168
0 0.712327 0.520651 0.087573 0.045440 -0.894947
0 0.961664 0.728925 0.083048 0.050104 0.075329
0 0.347144 0.051623 0.091923 0.045950 -0.398472
0 0.939844 0.612305 0.085055 0.044914 0.018516
0 0.837786 0.803082 0.088568 0.045599 -1.052177
0 0.338854 0.136572 0.087330 0.045109 -0.306518
0 0.362887 0.676525 0.091109 0.045353 1.183921
0 0.729890 0.580391 0.083131 0.043809 -0.891500
0 0.362969 0.704297 0.084551 0.047167 1.107149
0 0.920864 0.555969 0.086368 0.040891 0.099469
0 0.666258 0.395238 0.086409 0.043952 -0.927532
0 0.797725 0.758870 0.088129 0.042307 -0.828251
0 0.755027 0.637288 0.084185 0.043108 -0.945431
0 0.616517 0.072726 0.090907 0.041157 -0.502090
0 0.778515 0.199707 0.089605 0.041034 0.026162
0 0.952921 0.670992 0.084772 0.042078 0.120202
0 0.867188 0.208007 0.080207 0.046589 -0.993604
0 0.791585 0.680609 0.083306 0.043572 -1.014032
0 0.894563 0.493237 0.081776 0.042863 0.097310
0 0.848828 0.431641 0.083631 0.040395 0.193902
0 0.846875 0.376953 0.088304 0.041713 0.144442
0 0.027344 0.126953 0.085112 0.043228 1.231504
0 0.646486 0.333757 0.087525 0.040111 -0.942758
0 0.805468 0.313477 0.084449 0.042428 0.174672
0 0.595703 0.209961 0.081384 0.040704 -1.311465
0 0.847293 0.138754 0.078596 0.043507 -0.867159
0 0.759694 0.133550 0.080892 0.043254 0.157248
0 0.911719 0.319824 0.083303 0.041208 -0.961758
0 0.689672 0.453086 0.077505 0.040877 -0.913243
0 0.618930 0.282597 0.076127 0.037147 -0.944328
0 0.794922 0.255371 0.082968 0.040140 -0.019989
0 0.981250 0.094727 0.081160 0.040734 0.340382
0 0.233336 0.350806 0.079810 0.041029 1.168475
0 0.234899 0.327368 0.079810 0.041029 1.168475
0 0.960909 0.453292 0.072582 0.042068 -0.840726
0 0.879688 0.275391 0.076630 0.040395 -0.845930
0 0.932526 0.398640 0.074515 0.039999 -0.879112
0 0.759346 0.081946 0.077655 0.037411 0.161837
0 0.932031 0.020019 0.070457 0.040224 -0.047476
0 0.063664 0.072501 0.073408 0.035736 1.188241
0 0.992969 0.163086 0.069754 0.040219 0.350728
