2 0.763210 0.706840 0.134606 0.053642 -1.519793
3 0.754261 0.897805 0.112786 0.055789 -1.516096
3 0.291151 0.510623 0.113551 0.055799 0.712414
0 0.649246 0.811595 0.093052 0.049938 -1.513023
0 0.775391 0.534668 0.097658 0.043984 -1.538268
0 0.066225 0.871560 0.085740 0.047585 0.171950
0 0.045038 0.710541 0.074328 0.047083 0.616228
0 0.781590 0.396967 0.085633 0.042073 -1.517995
0 0.792864 0.179235 0.075489 0.045306 -1.463606
0 0.446203 0.090294 0.077412 0.043013 -1.524996
0 0.788281 0.281739 0.072232 0.045066 -1.505219
0 0.012815 0.960431 0.079810 0.042865 0.216060
0 0.281273 0.423833 0.078085 0.043592 0.957117
0 0.113671 0.696777 0.079575 0.040886 0.526827
0 0.173314 0.659171 0.077411 0.041657 0.351968
0 0.232756 0.591514 0.072976 0.041387 0.656456
0 0.654294 0.273147 0.074227 0.039058 -1.560159
0 0.274610 0.562989 0.072803 0.033773 0.714788
