1 0.905428 0.279372 0.234006 0.087451 0.338519
1 0.103179 0.289627 0.157226 0.061447 0.049859
2 0.178521 0.379209 0.123483 0.058610 0.017235
3 0.444507 0.364774 0.102876 0.070322 0.022393
0 0.933985 0.395020 0.093626 0.049791 0.017537
0 0.533199 0.293527 0.090882 0.053728 0.053190
0 0.772151 0.302370 0.087529 0.045613 0.054026
0 0.374610 0.302246 0.084474 0.045953 -0.018174
0 0.794381 0.391598 0.082820 0.041988 0.009614
0 0.636047 0.302016 0.081383 0.043022 0.052605
0 0.683989 0.389516 0.081653 0.043899 0.032325
0 0.317578 0.388672 0.077344 0.041015 0.000000
3 0.044532 0.363281 0.076930 0.041988 0.009999
0 0.906654 0.469688 0.083609 0.039146 0.000875
0 0.265422 0.298355 0.077016 0.043935 0.020413
0 -0.000781 0.203125 0.073000 0.039752 0.132552
