1 0.453125 0.960449 0.117543 0.066404 -0.006410
1 0.714453 0.491211 0.105173 0.047877 -0.007143
0 0.816366 0.969332 0.094880 0.050606 0.007649
0 0.586328 0.969727 0.095762 0.049851 -0.007649
0 0.587683 0.492205 0.096662 0.047879 -0.025348
0 0.324230 0.548606 0.085164 0.051736 1.552617
0 0.236336 0.968244 0.103820 0.048022 0.045986
0 0.619208 0.911618 0.098493 0.046894 -0.023420
0 0.865458 0.914066 0.087452 0.051771 -0.008927
0 0.447266 0.898438 0.095486 0.046901 0.016556
0 0.339379 0.972035 0.092710 0.045897 -0.100704
0 0.227059 0.910657 0.092665 0.047470 0.072090
0 0.394531 0.494629 0.086406 0.050813 0.027438
0 0.703125 0.973145 0.085200 0.045991 -0.018859
0 0.417051 0.569846 0.086765 0.045893 0.053650
0 0.140530 0.503595 0.087963 0.048139 0.092432
0 0.832507 0.562992 0.089428 0.044920 0.026200
0 0.124459 0.962853 0.082142 0.049786 0.047348
0 0.754378 0.916519 0.084316 0.047872 -0.018859
0 0.095192 0.904749 0.093263 0.043031 0.075236
0 0.366406 0.446290 0.088868 0.043155 -0.353836
0 0.705226 0.553938 0.087568 0.043848 0.013622
0 0.957813 0.567383 0.088167 0.044879 0.018180
0 0.828620 0.503445 0.085607 0.044910 -0.028575
0 0.977343 0.890136 0.076562 0.043945 0.000000
0 0.541407 0.554199 0.085318 0.043967 0.018859
0 0.609861 0.351045 0.090652 0.041946 0.017235
0 0.327903 0.906194 0.087571 0.041037 -0.035062
0 0.118360 0.560058 0.080703 0.044213 0.097764
0 0.930469 0.496582 0.081249 0.043945 0.000000
0 0.480231 0.493667 0.077350 0.043002 -0.009258
0 0.810937 0.155273 0.081866 0.039055 0.019228
1 0.936277 0.965832 0.071892 0.039096 -0.021736
0 0.434375 0.390625 0.069961 0.037427 0.069655
0 0.415577 0.318763 0.060354 0.032665 -0.370891
