0 0.841756 0.400510 0.078000 0.053452 -1.240737
0 0.822743 0.558012 0.085721 0.053641 -0.904151
0 0.907555 0.096778 0.076819 0.050275 1.053616
0 0.695704 0.730957 0.083661 0.048834 -0.622208
0 0.680658 0.052096 0.079347 0.051780 0.615055
0 0.308648 0.991450 0.083670 0.043610 -0.451223
0 0.481323 0.898916 0.087441 0.043640 -0.487654
0 0.506045 0.361490 0.082981 0.045029 1.517627
0 0.841312 0.764481 0.087481 0.044066 -0.487875
0 0.623047 0.094238 0.082387 0.042923 0.633820
0 0.538335 0.029349 0.073315 0.044077 0.643264
0 0.904297 0.262207 0.066406 0.045898 -1.570796
0 0.817969 -0.000000 0.065831 0.038765 0.700854
