2 0.632031 0.274414 0.186164 0.065428 1.562393
0 0.494541 0.774193 0.085945 0.049783 -1.561707
0 0.410547 0.754395 0.087016 0.047251 0.482869
0 0.412890 0.888183 0.086180 0.047663 0.496606
0 0.414968 0.821491 0.087385 0.045471 0.495788
0 0.410283 0.688301 0.082068 0.045045 0.497624
0 0.509618 0.912591 0.086775 0.043987 0.036023
0 0.837886 0.252154 0.085945 0.042983 1.552941
0 0.414438 0.628900 0.084610 0.044670 0.501761
0 0.515625 0.476562 0.078125 0.046875 0.000000
0 0.874301 0.862912 0.081253 0.044897 1.493801
0 0.281455 0.367988 0.090881 0.038312 -0.393343
0 0.514844 0.289550 0.076938 0.046870 -0.009802
0 0.514836 0.597188 0.077680 0.042944 -0.010398
0 0.264866 0.499016 0.083152 0.041466 -0.279684
0 0.252944 0.810697 0.084167 0.042690 -0.560856
0 0.259967 0.676741 0.086179 0.042282 -0.390607
0 0.516406 0.649414 0.081250 0.044922 0.000000
0 0.519140 0.400391 0.080468 0.042969 0.000000
0 0.427813 0.210295 0.079437 0.044982 0.503740
0 0.426172 0.264160 0.080110 0.043889 0.547628
0 0.300000 0.135253 0.080050 0.038941 -0.396584
0 0.415415 0.563326 0.075112 0.046101 0.553575
0 0.424907 0.093309 0.082218 0.041177 0.550215
0 0.848812 0.477004 0.078156 0.044004 1.531601
0 0.424543 0.439314 0.081127 0.043496 0.550466
0 0.272222 0.431266 0.083342 0.042350 -0.375422
0 0.250280 0.744934 0.079948 0.042975 -0.517597
0 0.252012 0.883049 0.078417 0.043020 -0.483880
0 0.420859 0.379483 0.078910 0.042840 0.478057
0 0.290868 0.187770 0.081009 0.040801 -0.382338
0 0.417173 0.142080 0.076060 0.042047 0.500830
0 0.516407 0.239746 0.079687 0.040039 0.000000
0 0.264062 0.555664 0.079924 0.039476 -0.474511
0 0.511719 0.539062 0.076563 0.042969 0.000000
0 0.516796 0.178223 0.077344 0.041993 0.000000
0 0.264048 0.615679 0.078194 0.040391 -0.435714
0 0.289180 0.244064 0.077299 0.038843 -0.459570
0 0.418750 0.500489 0.080895 0.036684 0.526754
0 0.509857 0.051822 0.072114 0.041084 -0.366483
0 0.844039 0.365530 0.067085 0.044149 1.430342
0 0.296094 0.028809 0.069108 0.040790 -0.425742
0 0.507812 0.350586 0.071059 0.040996 -0.021726
0 0.415917 0.313408 0.076871 0.038531 0.495788
0 0.428055 0.044005 0.077891 0.038112 0.503223
0 0.280694 0.306699 0.077645 0.036342 -0.472849
0 0.297170 0.086206 0.071690 0.035907 -0.413565
