2 0.904009 0.612182 0.201735 0.079311 0.910392
2 0.197348 0.308856 0.170377 0.058375 0.954811
0 0.596285 0.389140 0.097998 0.047653 0.910482
0 0.398275 0.422701 0.084099 0.050882 0.960070
0 0.597266 0.730957 0.089867 0.045675 0.918329
0 0.346875 0.712891 0.087700 0.046941 1.423718
0 0.072115 0.083998 0.079131 0.041860 0.937242
0 0.286355 0.101540 0.081905 0.045598 0.947920
0 0.324275 0.543579 0.084815 0.044716 1.036550
0 0.232813 0.007813 0.094192 0.040874 0.896055
0 0.430990 0.582537 0.083108 0.044340 0.918524
0 0.521770 0.726815 0.088290 0.039746 0.873618
