3 0.360156 0.528320 0.080010 0.044706 0.617756
3 0.472656 0.739258 0.072436 0.043710 -0.869942
0 0.508594 0.772461 0.072417 0.042699 -0.737815
0 0.428906 0.711914 0.070711 0.041432 -0.785398
0 0.744531 0.756836 0.076180 0.036273 0.576375
0 0.427344 0.625000 0.067634 0.040752 0.658806
3 0.162500 0.477539 0.067618 0.039654 -0.714091
3 0.302344 0.615234 0.069072 0.038809 -0.802940
0 0.181250 0.507812 0.070655 0.037018 -0.602287
0 0.857031 0.568359 0.075792 0.034504 0.504861
0 0.571094 0.736328 0.069859 0.036750 0.648332
0 0.668945 0.439053 0.068803 0.036749 -0.665969
0 0.398437 0.438477 0.068700 0.036635 -0.678662
0 0.645312 0.281250 0.065919 0.037680 0.558599
0 0.914063 0.476562 0.070743 0.034836 0.540420
3 0.241406 0.564453 0.063069 0.039050 -0.415492
0 0.340780 0.636015 0.068562 0.035144 -0.617191
0 0.847656 0.384766 0.063045 0.037920 -0.862170
3 0.296875 0.364258 0.061383 0.038554 -0.765793
0 0.791406 0.364258 0.069659 0.033969 0.561163
0 0.632813 0.406250 0.065141 0.036115 -0.683709
0 0.572656 0.581055 0.058091 0.040016 -0.765793
0 0.722656 0.323242 0.068444 0.033785 0.439843
0 0.567969 0.364258 0.066821 0.034338 -0.766533
0 0.878906 0.491211 0.064303 0.035607 0.394791
0 0.538281 0.342773 0.064750 0.035197 -0.844154
0 0.421253 0.275442 0.065632 0.034629 -0.530216
0 0.472656 0.318359 0.062375 0.036193 -0.806671
0 0.507166 0.326218 0.066102 0.034029 -0.841942
3 0.923126 0.410117 0.054710 0.041110 0.028564
0 0.278906 0.585937 0.062221 0.035762 -0.904827
0 0.932729 0.456455 0.071297 0.031082 0.430693
0 0.582854 0.239165 0.068007 0.032344 0.512389
3 0.100781 0.431641 0.063125 0.034766 -0.643501
0 0.515625 0.566406 0.058571 0.037204 -0.027771
0 0.132031 0.462891 0.064292 0.033824 -0.670522
0 0.217969 0.467773 0.061376 0.034224 0.726642
0 0.599219 0.382812 0.060926 0.034086 -0.705568
0 0.185437 0.110425 0.064312 0.031829 -0.580003
0 0.444531 0.187500 0.057518 0.035475 0.507099
0 0.520000 0.202930 0.063588 0.031445 0.463648
0 0.278906 0.514648 0.058105 0.034228 0.762147
0 0.640625 0.619141 0.055243 0.035908 -0.785398
0 0.111719 0.225586 0.060135 0.032729 -0.626743
0 0.025000 0.368164 0.061526 0.031644 -0.555494
0 0.089063 0.208984 0.065177 0.029748 -0.485622
0 0.207813 0.126953 0.059066 0.032153 -0.655696
3 0.232031 0.319336 0.050903 0.036887 -0.712358
0 0.327344 0.382812 0.055439 0.033723 -0.605545
0 0.413281 0.127930 0.059498 0.031251 0.519146
3 0.738281 0.484375 0.055769 0.033322 -0.807617
0 0.236228 0.148909 0.060971 0.030247 -0.655696
0 0.267969 0.171875 0.057476 0.031967 -0.669639
0 0.701562 0.458984 0.058003 0.031610 -0.764125
0 0.069531 0.416016 0.051147 0.035667 -0.669639
0 0.352539 0.092351 0.056687 0.030582 0.523278
0 0.446875 0.291992 0.058060 0.029765 -0.718830
0 0.142025 0.086078 0.059886 0.028411 -0.605545
0 0.207031 0.308594 0.053028 0.032045 -0.830821
0 0.171094 0.017578 0.052812 0.031648 -0.607802
0 0.326562 0.223633 0.052215 0.031509 -0.694738
0 0.171206 0.089070 0.059886 0.026188 -0.605545
0 0.295313 0.193359 0.049312 0.031492 -0.758378
4 0.646094 0.811523 0.048589 0.031914 0.569313
0 0.302344 0.057617 0.053593 0.028806 0.540420
0 0.124219 0.051758 0.057034 0.024521 -0.620250
