2 0.120717 0.775006 0.229395 0.093723 0.157310
2 0.734455 0.689321 0.223279 0.091520 0.815092
2 0.860614 0.713905 0.233713 0.085215 0.714428
2 0.794494 0.416734 0.209745 0.090035 0.065125
2 0.973438 0.722656 0.233605 0.080235 0.795299
2 0.320703 0.631348 0.211027 0.085626 0.785398
2 0.579306 0.390193 0.211053 0.085529 0.126192
2 0.896094 0.299805 0.212661 0.083734 0.136550
2 0.285938 0.155273 0.196092 0.088109 0.202120
2 0.427344 0.643555 0.215220 0.078062 0.849141
2 0.620790 0.672549 0.216957 0.074607 0.846546
2 0.529910 0.654208 0.222540 0.068333 0.849985
2 0.725000 0.035156 0.203173 0.070529 0.152043
2 0.720312 0.101562 0.203173 0.070529 0.152043
2 0.920312 0.142578 0.203173 0.070529 0.152043
2 0.714062 0.197266 0.203173 0.070529 0.152043
2 0.302344 0.093750 0.198540 0.069641 0.152043
2 0.677343 0.255231 0.204741 0.066747 0.176441
2 0.593758 0.311427 0.205693 0.058886 0.099669
2 0.808594 0.333008 0.212075 0.054824 0.081302
0 0.119945 0.139094 0.087080 0.042685 0.162199
