0 0.946875 0.287109 0.093750 0.048828 -0.000000
0 0.671093 0.333984 0.083668 0.054640 -0.019228
0 0.558594 0.618164 0.089734 0.046868 -0.017542
0 0.558265 0.959971 0.089076 0.046902 0.017542
0 0.268853 0.813109 0.089282 0.042727 -0.573441
0 0.156353 0.711546 0.089282 0.042727 -0.573441
0 0.186040 0.750609 0.089282 0.042727 -0.573441
0 0.231353 0.774046 0.089282 0.042727 -0.573441
0 0.665265 0.392587 0.081265 0.046866 -0.019228
0 0.563702 0.397470 0.081265 0.046866 -0.019228
0 0.566827 0.491220 0.081265 0.046866 -0.019228
0 0.555890 0.555673 0.081265 0.046866 -0.019228
0 0.562140 0.327157 0.081265 0.046866 -0.019228
0 0.354687 0.874023 0.082563 0.043008 -0.704494
0 0.318750 0.846680 0.082563 0.043008 -0.704494
0 0.563281 0.667969 0.079687 0.042969 0.000000
0 0.552344 0.722656 0.079687 0.042969 0.000000
0 0.557031 0.787109 0.079687 0.042969 0.000000
0 0.557031 0.835938 0.079687 0.042969 0.000000
0 0.555469 0.894531 0.079687 0.042969 0.000000
