1 0.570312 0.940430 0.293750 0.087891 -1.570796
1 0.651562 0.805664 0.319564 0.080436 1.497039
1 0.702344 0.173828 0.284117 0.058626 1.565210
1 0.631250 0.159179 0.253863 0.058620 1.552280
4 0.717974 0.392342 0.096831 0.068624 0.030294
0 0.243639 0.808123 0.100438 0.052686 -1.477320
0 0.248327 0.669451 0.100438 0.052686 -1.477320
0 0.268593 0.484329 0.092399 0.056379 -1.503103
0 0.302344 0.005860 0.095205 0.052747 -1.504228
0 0.231284 0.955517 0.090638 0.050875 -1.553557
0 0.281349 0.216966 0.080899 0.051379 -1.418147
0 0.769531 0.586914 0.087500 0.046875 -1.570796
