1 0.591406 0.755859 0.139689 0.073921 0.192971
1 0.755813 0.792872 0.137261 0.072503 0.080904
1 0.106250 0.937500 0.148014 0.065202 -1.293998
1 0.794913 0.569094 0.133143 0.069015 0.070471
1 0.766646 0.730950 0.135145 0.066592 0.186058
1 0.602344 0.683594 0.137721 0.064070 0.206874
1 0.637500 0.547852 0.131621 0.065512 0.257324
1 0.228125 0.798828 0.120562 0.069175 -1.249046
1 0.618750 0.631836 0.132293 0.062147 0.259814
1 0.806432 0.375526 0.126989 0.062531 0.031240
1 0.954688 0.365234 0.116724 0.067075 0.109153
1 0.648438 0.489258 0.131776 0.057154 0.165149
1 0.778125 0.667969 0.125457 0.057448 0.162926
1 0.673752 0.355413 0.117036 0.060643 0.095598
1 0.278125 0.161133 0.125517 0.056200 0.167254
1 0.180469 0.719726 0.113486 0.061725 -1.213662
1 0.268346 0.202374 0.121765 0.056867 0.154601
1 0.830469 0.210938 0.102163 0.066689 0.206683
1 0.036719 0.952149 0.116495 0.057784 -1.322506
1 0.470057 0.358660 0.114118 0.058886 0.099669
1 0.253906 0.985352 0.112009 0.059981 -1.262744
1 0.825924 0.272094 0.118225 0.056402 0.132552
1 0.819293 0.333734 0.113192 0.058451 0.110657
1 0.257196 0.238315 0.118178 0.055546 0.160763
1 0.180469 0.004883 0.119268 0.054389 0.113792
1 0.129688 0.134766 0.121929 0.052936 0.212938
1 0.659375 0.443359 0.123145 0.051988 0.156602
1 0.225781 0.575195 0.114644 0.055054 -1.296629
1 0.378125 0.284180 0.101821 0.058413 -1.304544
1 0.664023 0.400695 0.127133 0.045823 0.158655
1 0.169330 0.048393 0.129008 0.042911 0.195020
1 0.288281 0.115234 0.122974 0.044141 0.132552
1 0.298438 0.079102 0.122192 0.044078 0.095598
1 0.151562 0.083984 0.117483 0.044991 0.169778
1 0.488192 0.202469 0.085137 0.060478 -1.236851
1 0.478280 0.306847 0.107892 0.047180 0.174672
1 0.840114 0.155536 0.098058 0.048646 0.197396
1 0.968316 0.194475 0.095772 0.048785 0.098045
1 0.673438 0.304687 0.111798 0.041731 0.155868
1 0.300825 0.044531 0.120488 0.037782 0.139925
1 0.726493 0.018031 0.092834 0.048258 0.118092
1 0.696059 0.170208 0.094103 0.045874 0.148890
0 0.162500 0.570313 0.084033 0.049548 -1.273732
1 0.523437 0.216797 0.087019 0.047776 -1.176005
1 0.685937 0.219727 0.091397 0.045364 0.071307
1 0.503906 0.008789 0.081863 0.049759 -1.335251
1 0.964092 0.233527 0.086631 0.046993 0.126592
1 0.679034 0.266514 0.102150 0.039465 0.107279
1 0.463281 -0.000977 0.082429 0.048277 -1.320818
1 0.954091 0.309831 0.105431 0.036848 0.118840
1 0.847033 0.120723 0.098673 0.039031 0.191184
1 0.971321 0.156485 0.089555 0.042733 0.104877
1 0.546875 0.022461 0.082234 0.045850 -1.315614
0 0.616641 0.139746 0.074116 0.050028 -1.249046
1 0.430469 0.101562 0.082463 0.044524 -1.279340
1 0.603750 0.028906 0.072139 0.050646 -1.249046
1 0.472656 0.108398 0.078541 0.044337 -1.209593
1 0.961719 0.270508 0.087452 0.039327 0.055499
1 0.717106 0.057420 0.095428 0.035594 0.049141
1 0.973438 0.115234 0.083887 0.038947 0.076772
1 0.703125 0.128906 0.090091 0.034474 0.197396
1 0.709853 0.095863 0.091710 0.033276 0.153945
1 0.976563 0.067383 0.066683 0.039242 0.071307
