1 0.735567 0.694715 0.167156 0.080458 -0.097253
0 0.680469 0.149414 0.139299 0.066004 -0.140250
0 0.336088 0.012658 0.129314 0.070096 -0.197395
0 0.413281 0.937500 0.138885 0.064900 -0.148328
0 0.775000 0.994141 0.129164 0.066709 -0.211958
0 0.750000 0.811523 0.134337 0.063863 -0.155364
0 0.725781 0.575195 0.137242 0.061981 -0.119904
0 0.757031 0.902344 0.128359 0.063363 -0.100922
0 0.676264 0.071441 0.125789 0.063200 -0.112029
0 0.694078 0.274548 0.127034 0.058544 -0.086205
0 0.385938 0.450195 0.115935 0.063576 -0.205395
0 0.396094 0.616211 0.122534 0.056741 -0.103525
0 0.353906 0.117188 0.109597 0.060551 -0.205991
0 0.392188 0.536133 0.116288 0.052770 -0.138006
