0 0.263544 0.943878 0.074772 0.047059 1.381597
0 0.169636 0.743182 0.070934 0.043366 -1.435269
4 0.319531 0.585938 0.071094 0.042958 -1.548578
0 0.276172 0.833496 0.074218 0.037613 -0.817230
0 0.118103 0.972045 0.068913 0.040221 -1.258489
0 0.719476 0.563977 0.060222 0.044152 0.106150
3 0.753906 0.815918 0.055722 0.043074 -0.070111
0 0.057813 0.483398 0.059209 0.039505 0.057919
0 0.600779 0.863213 0.067260 0.039111 1.524318
0 0.142188 0.837891 0.064869 0.039710 -1.348062
0 0.600004 0.446340 0.058233 0.037111 1.465919
0 0.175781 0.657227 0.062142 0.040888 -1.492012
3 0.312569 0.671891 0.051430 0.048041 -1.390943
0 0.235547 0.597656 0.059105 0.039901 -1.487655
0 0.696093 0.760254 0.055203 0.039185 1.393074
0 0.604688 0.695312 0.058509 0.041053 1.543776
0 0.728906 0.656250 0.062818 0.037906 -0.177596
0 0.595312 0.594727 0.059375 0.039062 -1.570796
0 0.169156 0.505664 0.047500 0.043726 0.523278
3 0.304297 0.370605 0.047532 0.036453 -1.393873
3 0.714844 0.604492 0.059035 0.036303 -0.385883
0 0.163281 0.430664 0.057013 0.036985 -0.237836
0 0.614062 0.357422 0.051049 0.040996 1.539557
0 0.617208 0.033629 0.058086 0.031985 0.085069
0 0.616406 0.014648 0.062858 0.032659 0.232557
0 0.725781 0.640625 0.060705 0.033351 -0.186979
0 0.223144 0.315494 0.051033 0.037048 -1.486144
0 0.600339 0.348514 0.047119 0.041062 -1.523213
0 0.702037 0.462942 0.052872 0.036364 -1.239700
0 0.283594 0.593750 0.054400 0.034820 -1.477320
0 0.694531 0.450195 0.055600 0.034042 -1.276562
0 0.609375 0.092773 0.057188 0.031569 -0.390868
0 0.117969 0.592773 0.059634 0.030842 0.270947
0 0.596875 0.674805 0.044529 0.039102 -1.499489
0 0.614886 0.072140 0.053314 0.031311 -0.062419
0 0.246629 0.215193 0.047290 0.034848 -1.438245
0 0.602344 0.165039 0.040625 0.039062 -1.570796
0 0.683594 0.126953 0.049397 0.029735 -0.797560
0 0.602343 0.224609 0.043750 0.035156 -1.570796
0 0.335938 0.362305 0.048438 0.031250 -1.570796
0 0.373437 0.099609 0.046761 0.030843 -1.460139
0 0.272151 0.048426 0.045475 0.030791 -1.325818
3 0.330970 0.424017 0.048257 0.028838 1.076855
0 0.609375 0.061523 0.054410 0.025347 -0.058756
0 0.268750 0.028320 0.050008 0.026828 -1.292497
0 0.243750 0.142578 0.044614 0.029278 -1.535097
0 0.360254 0.201205 0.042071 0.030698 -1.310194
0 0.675781 0.171875 0.043545 0.029188 -0.813962
0 0.263773 0.101958 0.041103 0.030887 -1.418147
0 0.366407 0.150391 0.039623 0.031306 -1.490966
0 0.251563 0.156250 0.039374 0.027412 -1.490966
0 0.252344 0.089844 0.043044 0.023283 -1.455920
0 0.374219 0.043945 0.041133 0.019626 -1.455920
0 0.380469 0.053711 0.041133 0.019626 -1.455920
