4 0.386722 0.752293 0.143758 0.062496 1.559927
0 0.440625 0.762695 0.114062 0.054688 -1.570796
4 0.440625 0.762695 0.114062 0.054688 -1.570796
0 0.439844 0.190430 0.095312 0.064453 -1.570796
4 0.441406 0.180664 0.095312 0.064453 -1.570796
4 0.323481 0.045702 0.107133 0.056943 -1.467715
4 0.385899 0.046308 0.107824 0.056550 -1.556305
0 0.384336 0.173261 0.107824 0.056550 -1.556305
4 0.384336 0.173261 0.107824 0.056550 -1.556305
0 0.252344 0.895508 0.107868 0.055658 0.721655
0 0.328125 0.178711 0.100146 0.058626 1.539557
4 0.328125 0.178711 0.100146 0.058626 1.539557
0 0.262500 0.170898 0.100146 0.058626 1.539557
4 0.264062 0.166992 0.100146 0.058626 1.539557
0 0.848444 0.831326 0.112543 0.050816 1.543026
4 0.848444 0.831326 0.112543 0.050816 1.543026
0 0.506430 0.128080 0.093768 0.059754 1.373401
4 0.506430 0.128080 0.093768 0.059754 1.373401
0 0.256250 0.796875 0.101975 0.054008 0.686818
0 0.467991 0.446434 0.096772 0.056674 -1.538021
4 0.467991 0.446434 0.096772 0.056674 -1.538021
0 0.322880 0.052965 0.095450 0.056943 -1.467715
0 0.810156 0.058594 0.097593 0.054680 1.554669
4 0.810156 0.058594 0.097593 0.054680 1.554669
0 0.822656 0.189453 0.097593 0.054680 1.554669
4 0.822656 0.189453 0.097593 0.054680 1.554669
0 0.892188 0.657227 0.102608 0.051989 -0.229232
4 0.892188 0.657227 0.102608 0.051989 -0.229232
4 0.395293 0.599197 0.100012 0.052789 -1.555173
0 0.828906 0.457031 0.103771 0.050714 1.555173
4 0.828906 0.457031 0.103771 0.050714 1.555173
4 0.271072 0.048118 0.090680 0.056943 -1.467715
0 0.383594 0.055664 0.090623 0.056814 1.535097
4 0.355647 0.396755 0.094218 0.054416 -0.099669
0 0.355647 0.402615 0.094218 0.054416 -0.099669
3 0.458564 0.607522 0.088956 0.056674 -1.536327
4 0.460127 0.607522 0.088956 0.056674 -1.536327
0 0.268690 0.054057 0.082945 0.056881 -1.514253
0 0.289063 0.638672 0.096372 0.048469 0.914095
4 0.289063 0.638672 0.096372 0.048469 0.914095
