3 0.526563 0.023438 0.135689 0.069840 -0.073041
0 0.159440 0.806370 0.128211 0.068242 -1.534227
3 0.537866 0.881938 0.119606 0.070013 -0.401229
3 0.534741 0.846782 0.119606 0.070013 -0.401229
0 0.725000 0.125977 0.127209 0.064448 -1.558451
0 0.574602 0.442125 0.128905 0.063258 -0.154997
0 0.558594 0.338867 0.114181 0.069217 -0.278300
0 0.562757 0.531287 0.137509 0.056570 0.011363
0 0.565394 0.738196 0.132849 0.058440 -0.023525
0 0.565394 0.712806 0.132849 0.058440 -0.023525
0 0.544531 0.091797 0.123438 0.062500 0.000000
0 0.532031 0.061523 0.120989 0.062442 -0.013333
0 0.164060 0.397569 0.112543 0.062530 -1.543026
0 0.571733 0.657841 0.118880 0.059170 -0.076772
0 0.567045 0.624638 0.118880 0.059170 -0.076772
0 0.539844 0.229493 0.109524 0.063728 -0.345002
3 0.172560 0.221753 0.115907 0.058469 -1.530818
0 0.174219 0.065918 0.108093 0.050572 -1.510715
0 0.535937 0.173828 0.099043 0.053059 -0.110657
0 0.529687 0.152344 0.099043 0.053059 -0.110657
