0 0.946875 0.875977 0.103869 0.058526 0.015624
0 0.120313 0.831055 0.099217 0.056772 -1.491597
0 0.841646 0.835353 0.093998 0.057424 1.241604
0 0.926649 0.789908 0.104302 0.053602 0.150371
0 0.843750 0.016602 0.092373 0.052770 -0.033885
0 0.112037 0.670811 0.098636 0.049101 -0.063407
0 0.039844 0.953125 0.085156 0.052799 0.018866
0 0.084375 0.418945 0.085149 0.049651 0.369906
0 0.271094 0.494141 0.078125 0.041016 -1.570796
0 0.152390 0.107652 0.078824 0.040265 -0.244979
0 0.275781 0.164062 0.071040 0.039008 -1.548073
