4 0.859375 0.417969 0.147797 0.072470 0.257865
0 0.889062 0.939453 0.145024 0.072486 -0.033321
0 0.879687 0.854492 0.130482 0.072643 -0.073041
0 0.439063 0.723633 0.126873 0.074419 -1.520838
0 0.859111 0.695289 0.129772 0.072360 -0.036129
4 0.085938 0.343750 0.134472 0.068703 0.059454
0 0.546094 0.764648 0.126951 0.072468 -1.520838
0 0.038281 0.958008 0.126519 0.072173 -0.050590
0 0.751577 0.826543 0.131399 0.066517 1.523213
0 0.298491 0.892855 0.130289 0.066849 -1.474708
0 0.690284 0.941419 0.123572 0.066374 1.539557
0 0.061824 0.697987 0.123685 0.066027 -0.063207
0 0.245736 0.703903 0.120839 0.066521 -1.512041
0 0.877344 0.769531 0.131146 0.060648 -0.036129
0 0.880246 0.999994 0.131287 0.058624 0.023805
0 0.874219 0.525391 0.127178 0.060518 0.012499
0 0.045312 0.864258 0.111333 0.068777 0.085505
0 0.229625 0.909988 0.114586 0.064905 -1.475198
0 0.127256 0.101094 0.122114 0.060578 -0.032247
0 0.410960 0.339204 0.106703 0.068378 -1.526050
0 0.846094 0.280273 0.120313 0.060547 -0.000000
0 0.621094 0.944336 0.104688 0.068359 -1.570796
3 0.329682 0.490752 0.104604 0.068381 1.555646
3 0.617953 0.759217 0.114073 0.062467 -1.557099
0 0.054687 0.779297 0.119470 0.059040 0.054740
0 0.062500 0.625000 0.127397 0.054416 -0.051237
0 0.084375 0.422852 0.106250 0.064453 0.000000
0 0.328089 0.696840 0.116004 0.058876 -1.489892
0 0.682031 0.757812 0.112500 0.060547 -1.570796
0 0.271094 0.328125 0.112500 0.060547 -1.570796
0 0.746385 0.531476 0.112599 0.059626 -0.551655
0 0.835938 0.014648 0.109375 0.060547 -0.000000
0 0.079102 0.486381 0.108095 0.060812 -0.072337
0 0.671840 0.451875 0.104490 0.062742 -1.509335
0 0.119531 0.171875 0.117141 0.054982 -0.080904
0 0.840071 0.210031 0.118791 0.052613 -0.026310
0 0.116807 0.233533 0.114234 0.053083 0.054740
0 0.838281 0.147461 0.115477 0.051378 0.149560
0 0.132812 0.041992 0.111355 0.052768 0.028162
0 0.257812 0.498047 0.099667 0.058439 -1.405648
0 0.340625 0.181641 0.102417 0.056730 -1.461854
0 0.283594 0.055664 0.099657 0.057874 -1.484802
0 0.074219 0.557617 0.122047 0.047070 0.039453
0 0.607031 0.226562 0.100000 0.056641 -1.570796
0 0.853090 0.345888 0.112554 0.050215 0.235545
0 0.280741 0.194292 0.098742 0.056775 -1.501940
0 0.346094 0.053711 0.090846 0.060439 -1.535097
0 0.107294 0.292282 0.114330 0.047566 0.068386
0 0.673672 0.247020 0.092397 0.054971 -1.496857
0 0.670285 0.115218 0.089117 0.054791 1.535723
0 0.830663 0.076134 0.100049 0.046974 -0.031240
0 0.604625 0.033661 0.086065 0.052656 -1.516305
