0 0.085033 0.792944 0.103252 0.064564 -1.410883
0 0.288281 0.679688 0.099475 0.062252 1.290260
0 0.125781 0.799805 0.099536 0.054962 -1.426642
0 0.483416 0.634533 0.097875 0.055572 1.272297
0 0.427684 0.645068 0.099239 0.053631 1.387686
0 0.167188 0.470703 0.091185 0.058145 -1.496857
0 0.530469 0.622070 0.099699 0.053081 1.228847
0 0.089844 0.692383 0.086570 0.057817 0.249587
0 0.037462 0.764231 0.091109 0.054732 -1.183921
0 0.333793 0.665555 0.093125 0.051712 1.380808
0 0.381250 0.656250 0.090002 0.051010 1.390943
3 0.984133 0.171694 0.085081 0.053696 0.798384
0 0.720313 0.464844 0.094869 0.048061 0.930708
0 0.759721 0.430290 0.088457 0.051543 0.948493
0 0.305288 0.478947 0.082834 0.053310 1.423718
0 0.455469 0.443359 0.087809 0.048271 1.369842
0 0.348232 0.475099 0.089555 0.046617 1.465919
0 0.418756 0.453213 0.087848 0.045268 1.480136
0 0.923438 0.244141 0.086996 0.044538 0.657889
0 0.677791 0.492916 0.084693 0.045726 0.916225
0 0.615625 0.555664 0.088327 0.042855 0.967567
0 0.269554 0.489836 0.084389 0.043034 1.552280
0 0.892315 0.285228 0.082930 0.042724 0.745419
0 0.384375 0.467773 0.085511 0.041429 1.441885
3 0.591406 0.291992 0.074677 0.045463 0.739277
3 0.947851 0.201686 0.074527 0.044037 0.681298
0 0.569531 0.573242 0.073062 0.040194 1.097440
3 0.649219 0.202148 0.065312 0.044141 0.643501
