4 0.067950 0.394155 0.096984 0.050819 0.038443
0 0.426079 0.836067 0.084505 0.048645 0.055499
0 0.431174 0.882883 0.082871 0.046768 0.037718
0 0.650000 0.980469 0.079188 0.045196 -0.061148
0 0.649219 0.930664 0.084113 0.039839 -0.062419
0 0.429667 0.448366 0.073504 0.044715 0.042528
0 0.633367 0.797908 0.076817 0.041039 0.081452
0 0.601562 0.385742 0.069567 0.042912 0.023252
0 0.426920 0.789030 0.071892 0.041091 0.021736
0 0.425382 0.581089 0.067206 0.042912 -0.023252
0 0.638281 0.883789 0.080323 0.035768 -0.101689
0 0.621875 0.684570 0.076354 0.036905 0.043451
0 0.067433 0.204382 0.070469 0.038586 0.066568
0 0.005511 0.832206 0.062648 0.043013 -0.045423
0 0.020313 0.656250 0.072537 0.037101 0.021736
0 0.017969 0.738281 0.064882 0.041003 0.024385
0 0.629350 0.734385 0.068768 0.037100 -0.022723
0 0.035937 0.577148 0.062500 0.037109 -0.000000
0 0.589497 0.189260 0.058002 0.037619 0.080904
0 0.078906 0.153320 0.061678 0.035145 0.025635
0 0.538281 0.259766 0.051170 0.041179 1.508378
0 0.580645 0.066059 0.061436 0.034175 0.127510
0 0.477344 0.196289 0.049504 0.038976 -1.537475
0 0.432008 0.111888 0.059335 0.031588 -0.071307
0 0.430445 0.004466 0.059335 0.031588 -0.071307
0 0.023438 0.614258 0.062500 0.029297 0.000000
0 0.585393 0.134750 0.067206 0.025429 0.023252
0 0.587500 0.157227 0.061510 0.025561 0.052583
0 0.588281 0.105469 0.061506 0.025276 -0.027020
0 0.111400 0.067547 0.066088 0.023273 -0.118490
0 0.113866 0.042930 0.068768 0.021568 -0.022723
0 0.100781 0.092773 0.055936 0.025349 -0.057081
0 0.115625 0.021484 0.056250 0.019531 0.000000
