2 0.057031 0.283203 0.172499 0.077068 -0.154717
2 0.368670 0.730072 0.179648 0.072476 1.323699
2 0.434307 0.709637 0.178627 0.070582 1.313025
2 0.306250 0.747070 0.181331 0.068693 1.309083
2 0.786007 0.485144 0.164063 0.072566 -1.176005
2 0.672656 0.173828 0.159078 0.073695 -1.055551
2 0.532361 0.376790 0.161664 0.072035 1.215419
2 0.947656 0.586914 0.173578 0.066435 1.143423
2 0.363047 0.334082 0.166514 0.069175 1.249046
2 0.485156 0.699219 0.177777 0.062491 1.282741
2 0.299219 0.357422 0.157379 0.067769 1.337983
2 0.039197 0.154543 0.157439 0.065998 -0.231717
2 0.749104 0.403254 0.162826 0.063015 -1.136126
2 0.721579 0.327859 0.165632 0.060305 -1.090273
2 0.483594 0.383789 0.164590 0.060577 1.200890
2 0.243390 0.371015 0.161445 0.061472 1.316428
2 0.419799 0.340124 0.162094 0.060699 1.267337
2 0.696875 0.255859 0.163419 0.059283 -1.080839
2 0.047656 0.214844 0.160680 0.058265 -0.244979
2 0.439844 0.210938 0.140788 0.064133 1.230866
2 0.645312 0.089844 0.152512 0.057699 -1.134791
2 0.376562 0.168945 0.142719 0.055723 1.273952
2 0.485156 0.203125 0.151875 0.050675 1.180189
2 0.261719 0.179688 0.139426 0.054775 1.373401
2 0.612145 0.018366 0.143418 0.052558 -1.058407
0 0.249070 0.808026 0.081794 0.048926 1.456722
0 0.517578 0.886719 0.083314 0.045434 1.236851
0 0.894531 0.141602 0.080393 0.039196 -0.281232
0 0.964062 0.323242 0.074068 0.034605 -0.301619
