4 0.028125 0.880859 0.132169 0.080169 -0.059454
4 0.110183 0.780200 0.113279 0.070961 0.426627
0 0.546179 0.765946 0.105928 0.064246 0.340979
0 0.077591 0.965985 0.094218 0.052667 -0.099669
0 0.546963 0.901499 0.095772 0.049072 0.492836
0 0.545372 0.317549 0.085928 0.053014 0.041643
0 0.717631 0.594646 0.092240 0.047874 0.187429
0 0.712500 0.535156 0.091285 0.047312 -0.071307
0 0.543750 0.601562 0.084375 0.050781 0.000000
0 0.712404 0.240345 0.085994 0.047128 -0.036348
0 0.706250 0.044922 0.094104 0.043002 -0.288055
0 0.713281 0.432617 0.079137 0.051112 -0.099669
0 0.540726 0.537043 0.085994 0.046773 0.036348
0 0.543737 0.653667 0.080237 0.049863 -0.117109
0 0.716406 0.295898 0.081310 0.048711 -0.039979
0 0.735724 1.003879 0.091109 0.043143 0.103082
0 0.545312 0.472656 0.082963 0.047069 -0.039196
0 0.539011 0.968181 0.084075 0.046425 0.255182
0 0.549765 0.408504 0.080837 0.045302 0.129703
0 0.727103 0.918494 0.070313 0.050781 -1.176005
0 0.719531 0.386719 0.082812 0.042969 0.000000
0 0.569026 0.832606 0.077308 0.045475 0.244979
0 0.549219 0.162109 0.085321 0.041121 -0.019228
0 0.717969 0.344727 0.074252 0.046864 -0.021273
0 0.552344 0.715820 0.069415 0.049885 -0.224711
0 0.533822 0.223494 0.079309 0.043366 0.135528
0 0.550675 0.125772 0.080070 0.042764 0.097727
0 0.545527 0.366836 0.083532 0.040663 0.131315
0 0.541386 0.040393 0.077843 0.042967 0.181649
0 0.546697 0.086065 0.079825 0.040830 -0.058756
0 0.542188 0.002930 0.071470 0.043181 0.272146
0 0.541406 0.273437 0.074167 0.039253 0.084902
0 0.714183 0.098407 0.077834 0.032941 -0.197395
0 0.714914 0.148800 0.074033 0.032235 -0.126973
0 0.717969 0.194336 0.060937 0.037109 0.000000
0 0.702817 0.477418 0.061118 0.035502 -0.076772
