0 0.877606 0.797909 0.162370 0.074971 -0.399515
0 0.898437 0.900391 0.146852 0.077407 -0.399061
0 0.750000 0.987305 0.142831 0.079213 -0.427581
4 0.073638 0.637638 0.136785 0.082147 -0.314232
0 0.290606 0.933968 0.138344 0.076017 1.239700
0 0.667969 0.730469 0.139585 0.074229 -0.443448
0 0.929687 0.580078 0.138340 0.072898 -0.357309
0 0.760865 0.768810 0.135677 0.073057 -0.504861
0 0.267662 0.638831 0.132923 0.074180 -0.310598
0 0.125781 0.694336 0.140543 0.069203 -0.307567
0 0.223482 0.959149 0.131927 0.072265 1.245300
0 0.803125 0.649414 0.136072 0.069136 -0.396709
0 0.369803 0.903067 0.143291 0.065490 1.131534
0 0.734375 0.884766 0.140912 0.066145 -0.442374
0 0.890625 0.701172 0.128505 0.071392 -0.418224
0 0.576818 0.672581 0.137716 0.066435 -0.424194
0 0.546875 0.603516 0.129438 0.068708 -0.401580
0 0.146094 1.001953 0.119827 0.074110 1.236598
0 0.306228 0.736896 0.128562 0.068815 1.210603
0 0.177438 0.804924 0.133911 0.064312 1.237976
0 0.242990 0.768300 0.128928 0.066750 1.212026
0 0.218750 0.566406 0.122840 0.069856 -0.334198
0 0.103906 0.830078 0.127956 0.066485 1.301207
0 0.491406 0.467773 0.129273 0.065510 -0.463648
0 0.513281 0.536133 0.136871 0.061290 -0.376242
0 0.391406 0.208984 0.117928 0.069238 -0.343024
0 1.008594 0.641602 0.112820 0.072358 -0.412410
0 0.467357 0.397172 0.136081 0.057321 -0.376242
0 0.371875 0.145508 0.117352 0.064549 -0.377968
0 0.444531 0.334961 0.131174 0.057747 -0.349856
0 0.420182 0.268446 0.122733 0.059079 -0.378142
0 0.313281 0.045898 0.128387 0.055876 -0.346539
0 0.334375 0.096680 0.130938 0.052499 -0.321751
0 0.994531 0.738281 0.106560 0.060956 -0.429179
