0 0.748562 0.807500 0.095871 0.057299 1.390943
0 0.760156 0.931641 0.104946 0.050698 1.463517
0 0.209375 0.772461 0.099079 0.052558 -1.489012
0 0.732812 0.548828 0.074924 0.054989 1.443824
0 0.233537 0.533145 0.082871 0.048720 -1.533078
0 0.736105 0.657090 0.078864 0.051118 1.455920
0 0.225000 0.649414 0.079687 0.046875 -1.570796
0 0.252399 0.228692 0.072146 0.049152 -1.484058
0 0.714062 0.332031 0.075326 0.046872 1.485895
0 0.272274 0.140626 0.074033 0.046250 -1.443824
0 0.688291 0.019075 0.071996 0.046863 1.548578
0 0.271094 0.057617 0.066190 0.050912 1.545801
0 0.702374 0.227351 0.065699 0.048959 1.523213
0 0.698298 0.123982 0.064989 0.045925 1.401695
