0 0.492969 0.921875 0.083052 0.056599 -1.532354
0 0.686719 0.971680 0.089063 0.052734 0.000000
0 0.702344 0.834961 0.082812 0.052734 0.000000
0 0.707031 0.919922 0.092188 0.042969 -0.000000
0 0.282193 0.794458 0.080431 0.048984 0.410127
0 0.268750 0.743164 0.084029 0.044575 0.281232
0 0.312064 0.418140 0.074309 0.048956 0.376490
0 0.350000 0.606445 0.076563 0.046875 -1.570796
0 0.279821 0.451202 0.082871 0.042938 -0.037718
0 0.694531 0.785156 0.086548 0.041009 -0.018180
0 0.689844 0.739258 0.085938 0.041016 -0.000000
0 0.220312 0.889648 0.071404 0.046901 -0.066568
0 0.310937 0.946289 0.078088 0.042764 -1.528269
0 0.697455 0.609330 0.084433 0.039180 0.037020
0 0.691406 0.694336 0.079687 0.041016 0.000000
0 0.697656 0.651367 0.079687 0.041016 0.000000
0 0.664062 0.361328 0.075459 0.043311 -0.084902
0 0.707031 0.878906 0.082812 0.039062 0.000000
0 0.596884 0.738692 0.078141 0.041046 -1.550799
0 0.301046 0.216106 0.066669 0.047240 0.124355
0 0.354607 0.251793 0.074248 0.041144 0.147849
0 0.380469 0.374023 0.077549 0.039195 -1.382575
0 0.317969 0.313477 0.067187 0.044922 0.000000
0 0.310937 0.612305 0.066881 0.042469 -1.418147
0 0.442915 0.477979 0.061654 0.045587 -1.418147
0 0.665625 0.416016 0.071875 0.039062 0.000000
0 0.680469 0.250000 0.070312 0.039062 -0.000000
0 0.673438 0.057617 0.073803 0.037159 0.042528
0 0.382031 0.118164 0.065775 0.041245 -0.401229
0 0.664063 0.458008 0.075473 0.035795 -0.108271
0 0.664062 0.320312 0.075989 0.035526 -0.084902
0 0.671094 0.535156 0.067626 0.039442 -0.094952
0 0.395375 0.197695 0.066562 0.039062 -0.643501
0 0.589844 0.985352 0.057813 0.044922 -1.570796
0 0.686719 0.568359 0.071155 0.035542 -0.090660
0 0.667187 0.496094 0.070572 0.035590 -0.048742
0 0.384375 0.154297 0.073319 0.033947 -0.314758
0 0.390616 0.483478 0.056790 0.041432 -1.432790
0 0.675958 0.180674 0.068821 0.033258 0.045423
0 0.599219 0.108398 0.053038 0.040678 -1.442473
0 0.606317 0.024775 0.050098 0.042885 1.508378
0 0.677344 0.213867 0.062378 0.033160 0.051237
0 0.678125 0.289062 0.062500 0.031250 0.000000
0 0.591406 0.161133 0.049692 0.038203 -0.685729
0 0.670807 0.011758 0.064082 0.029383 0.024385
0 0.410938 0.041992 0.048723 0.035623 -1.373401
