1 0.922564 0.817045 0.145271 0.076593 1.242243
1 0.796250 0.837500 0.148232 0.071645 1.249046
1 0.669268 0.854784 0.139362 0.074629 1.465919
1 0.857941 0.832373 0.150723 0.067242 1.265438
1 0.724806 0.851189 0.133484 0.070987 1.432790
1 0.352344 0.875977 0.129688 0.072266 -1.570796
4 0.431544 0.467670 0.122235 0.073701 1.494024
4 0.649466 0.452291 0.125361 0.068796 1.395402
4 0.543826 0.453970 0.120475 0.070218 1.518895
4 0.921094 0.433594 0.128313 0.065634 1.261597
4 0.873437 0.436523 0.123598 0.067876 1.338932
4 0.484663 0.462020 0.122365 0.067911 1.481293
1 0.421820 0.877720 0.136162 0.060783 1.513388
4 0.316401 0.473202 0.120323 0.066426 -1.557810
1 0.606250 0.865234 0.134550 0.058877 1.453688
1 0.546045 0.858548 0.136259 0.057784 1.496857
4 0.377344 0.466797 0.117379 0.064589 1.543406
4 0.263281 0.480469 0.120082 0.060473 -1.544136
4 0.603334 0.462572 0.121426 0.058886 1.471128
4 0.706638 0.449238 0.122015 0.058426 1.403542
4 0.766220 0.447290 0.111635 0.058685 1.467715
4 0.818750 0.439453 0.117952 0.055290 1.410421
