0 0.871078 0.830477 0.092085 0.054109 0.384260
0 0.830469 0.567383 0.068705 0.050158 -0.188222
0 0.194531 0.603516 0.075000 0.041016 -0.000000
0 0.600000 0.977539 0.072651 0.040925 1.504228
0 0.818750 0.021484 0.069513 0.041005 0.022723
0 0.818750 0.045898 0.069513 0.041005 0.022723
0 0.051562 0.481445 0.080163 0.035366 0.040794
0 0.074219 0.377930 0.080163 0.035366 0.040794
0 0.068750 0.421875 0.080163 0.035366 0.040794
0 0.041406 0.559570 0.080163 0.035366 0.040794
0 0.550774 0.619315 0.061018 0.044963 -1.519559
0 0.711719 0.511719 0.065625 0.041016 -1.570796
0 0.082353 0.319387 0.071892 0.037016 0.021736
0 0.101884 0.282277 0.071892 0.037016 0.021736
0 0.847813 0.351172 0.060094 0.038432 0.463648
0 0.797555 0.221199 0.058374 0.038373 -0.257324
0 0.272656 0.096680 0.063895 0.033705 0.148890
0 0.277344 0.110352 0.063895 0.033705 0.148890
0 0.267969 0.153320 0.063895 0.033705 0.148890
0 0.267969 0.137695 0.063895 0.033705 0.148890
0 0.745761 0.041404 0.046428 0.045091 -1.484058
0 0.701383 0.298721 0.050773 0.038346 1.428899
