0 0.717607 0.904464 0.070034 0.046364 0.896055
0 0.374219 0.843750 0.075451 0.042666 -0.424832
0 0.344395 0.794699 0.076944 0.040772 -0.509071
4 0.166406 0.279297 0.072812 0.041406 0.927295
0 0.767969 0.981445 0.067941 0.039028 0.885067
0 0.313997 0.754585 0.065046 0.037862 -0.420663
0 0.339844 0.214844 0.068218 0.031665 -0.094952
0 0.412500 0.425781 0.061104 0.033981 1.071450
0 0.662499 0.665039 0.060576 0.033715 -1.388628
0 0.462500 0.495117 0.053700 0.035792 0.999459
0 0.275000 0.481445 0.049371 0.038403 1.092444
0 0.369620 0.327129 0.047791 0.035300 1.396124
0 0.024142 0.023279 0.036220 0.043516 1.022247
0 0.340353 0.032285 0.055788 0.026998 -0.551655
0 0.081250 0.134766 0.044726 0.032485 0.962994
0 0.320533 0.009086 0.055070 0.026359 -0.400241
0 0.157812 0.016602 0.039980 0.033507 0.819867
0 0.269531 0.186523 0.045754 0.029267 0.813962
0 0.047656 0.070312 0.044138 0.030197 0.950547
0 0.385938 0.090820 0.056792 0.023428 0.027771
0 0.385156 0.125977 0.057813 0.021484 0.000000
0 0.185938 0.069336 0.036460 0.026240 0.785398
