0 0.003717 0.744164 0.064367 0.035369 -0.097253
0 0.030280 0.595726 0.064367 0.035369 -0.097253
0 -0.007220 0.933617 0.064367 0.035369 -0.097253
0 0.020905 0.787132 0.064367 0.035369 -0.097253
0 0.000592 0.699242 0.064367 0.035369 -0.097253
0 0.025592 0.521507 0.064367 0.035369 -0.097253
0 0.020905 0.548851 0.064367 0.035369 -0.097253
0 0.041217 0.636742 0.064367 0.035369 -0.097253
0 -0.000970 0.839867 0.064367 0.035369 -0.097253
0 -0.008783 0.982445 0.064367 0.035369 -0.097253
0 0.566217 0.541039 0.064367 0.035369 -0.097253
0 0.566217 0.576195 0.064367 0.035369 -0.097253
0 0.574030 0.621117 0.064367 0.035369 -0.097253
0 0.597467 0.753929 0.064367 0.035369 -0.097253
0 0.578717 0.654320 0.064367 0.035369 -0.097253
0 0.572467 0.701195 0.064367 0.035369 -0.097253
0 0.570905 0.830101 0.064367 0.035369 -0.097253
0 0.567780 0.884789 0.064367 0.035369 -0.097253
0 0.564655 0.941429 0.064367 0.035369 -0.097253
0 0.599030 0.998070 0.064367 0.035369 -0.097253
0 0.030280 0.478539 0.064367 0.035369 -0.097253
0 0.556842 0.490257 0.064367 0.035369 -0.097253
0 0.575000 0.441406 0.051344 0.035598 -0.066568
0 0.623495 0.385409 0.047279 0.035373 -0.110657
0 0.636681 0.917711 0.052408 0.029872 1.390943
0 0.982031 0.347656 0.049242 0.029992 -0.510488
0 1.003906 0.460938 0.049242 0.029992 -0.510488
0 0.989844 0.416016 0.049242 0.029992 -0.510488
