0 0.901563 0.888672 0.132161 0.065415 1.365920
0 0.285156 0.956055 0.101562 0.072266 -1.570796
0 0.888281 0.736328 0.111041 0.061347 1.431088
0 0.347656 0.685547 0.124016 0.054632 -1.557810
0 0.289844 0.603516 0.124462 0.052806 1.557810
0 0.866406 0.573242 0.104565 0.062118 1.460139
0 0.282032 0.777344 0.110056 0.058588 -1.556512
0 0.840625 0.218750 0.094358 0.064457 1.450688
0 0.861403 0.363537 0.098804 0.059971 1.458398
0 0.308594 0.241211 0.096900 0.060642 -1.538021
0 0.306166 0.125439 0.089495 0.062505 -1.519522
1 0.307031 0.249023 0.097002 0.056738 -1.538021
0 0.303125 0.403320 0.098437 0.054688 -1.570796
0 0.843359 0.114258 0.069584 0.048929 1.443768
