2 0.112500 0.258789 0.200628 0.081890 -1.306626
2 0.067969 0.151367 0.187059 0.082811 -1.259798
2 0.168900 0.336952 0.195810 0.078906 -1.373401
2 0.701149 0.446212 0.198659 0.071878 -1.436686
2 0.580594 0.423524 0.196441 0.072503 -1.489892
1 0.466921 0.496165 0.117130 0.062531 1.539557
0 0.364787 0.915682 0.113192 0.064706 -1.460139
1 0.961678 0.501218 0.112598 0.058543 -1.529154
0 0.946075 0.833584 0.106434 0.052873 1.512041
0 0.130469 0.717773 0.104427 0.051501 0.222082
0 0.428572 0.945287 0.095925 0.055102 -1.357428
0 0.278373 0.550850 0.095924 0.054021 -1.352127
0 0.552344 0.882812 0.102594 0.048856 -1.509335
0 0.482031 0.953125 0.102594 0.048856 -1.509335
0 0.406775 0.528489 0.091109 0.053660 -1.467715
0 0.346828 0.484785 0.087725 0.055243 -1.428899
0 0.029067 0.582130 0.088747 0.054160 0.455774
0 0.739600 0.793487 0.083745 0.056775 -1.501940
0 0.681283 0.781826 0.095325 0.048918 1.554404
0 0.777337 0.473171 0.085952 0.050808 -1.552617
0 0.864609 0.795996 0.070585 0.054526 1.494024
0 0.608718 0.910169 0.078375 0.048673 -1.490966
0 0.657820 0.890137 0.078141 0.048818 -1.550799
0 0.305347 0.433963 0.083341 0.045516 -1.458069
0 0.393758 0.416797 0.068820 0.047304 -1.520838
