4 0.883155 0.708297 0.257547 0.058228 0.755364
4 0.494531 0.946289 0.222786 0.064427 0.915964
4 0.720842 0.818093 0.220002 0.055209 0.820560
4 0.655228 0.857171 0.215585 0.055207 0.821280
4 0.610156 0.893555 0.200603 0.058431 0.852712
4 0.101562 0.479492 0.189057 0.059782 0.833554
4 1.008870 0.580601 0.203918 0.054964 0.769006
4 0.560937 0.928711 0.189808 0.057555 0.881487
4 0.791845 0.172110 0.172526 0.061665 0.636508
4 0.587151 0.283387 0.191509 0.055504 0.708626
4 0.917188 0.126953 0.148742 0.068163 0.610726
4 0.229002 0.490355 0.180095 0.055242 0.791533
4 0.770313 0.789091 0.240984 0.040017 0.780567
4 0.806383 0.757510 0.232099 0.039432 0.684730
4 0.472346 0.330593 0.183459 0.049837 0.761306
4 0.186719 0.505859 0.166769 0.052889 0.846546
4 0.441373 0.361203 0.181161 0.043961 0.703819
4 0.402379 0.381759 0.174916 0.044455 0.722191
4 0.557031 0.314453 0.168103 0.045315 0.704494
4 0.526682 0.344375 0.168918 0.044734 0.692144
4 0.363281 0.404297 0.174922 0.042619 0.746457
4 0.309956 0.465504 0.174775 0.042183 0.738453
4 0.684375 0.254883 0.147922 0.049509 0.761780
4 0.718750 0.221680 0.133547 0.054822 0.741179
4 0.641456 0.272385 0.145603 0.046679 0.690446
4 0.275781 0.481445 0.165514 0.040078 0.792201
4 0.141016 0.332520 0.155784 0.041432 0.785398
4 0.931172 0.640729 0.173473 0.037029 0.750929
4 0.310275 0.227851 0.152956 0.039985 0.676456
4 0.234370 0.255853 0.165907 0.034478 0.778502
4 0.225890 0.305659 0.164422 0.034071 0.750447
4 0.185601 0.307018 0.149258 0.035679 0.748378
4 0.528358 0.126756 0.130464 0.038569 0.542579
4 0.332031 0.207031 0.141766 0.034553 0.738557
4 0.368010 0.189434 0.123823 0.037413 0.749699
4 0.489062 0.134766 0.122415 0.037158 0.757368
4 0.629148 0.058755 0.144196 0.030230 0.490668
4 0.268360 0.076687 0.131101 0.032910 0.758378
4 0.310493 0.072147 0.123921 0.033812 0.731878
4 0.607673 0.079409 0.138023 0.029277 0.517649
4 0.091778 0.338643 0.110832 0.035760 0.876058
4 0.571445 0.087580 0.128402 0.028904 0.524180
4 0.265970 0.245165 0.117974 0.029547 0.698241
4 0.396547 0.173472 0.117669 0.028443 0.714808
4 0.422528 0.147653 0.108631 0.029759 0.694738
4 0.547553 0.096284 0.128949 0.024730 0.553294
4 0.462500 0.153320 0.110657 0.027443 0.733897
0 0.034375 0.687500 0.062548 0.035883 -0.475695
0 0.951634 0.607857 0.055945 0.030275 0.626743
0 0.781464 0.682019 0.053125 0.031595 1.080839
0 0.071491 0.734108 0.067784 0.024492 -0.453339
0 0.194003 0.898040 0.051087 0.031063 -0.408908
0 0.150000 0.802735 0.054829 0.028749 -0.449760
0 0.048828 0.711712 0.073822 0.019670 -0.393058
0 0.898942 0.686358 0.055090 0.022269 0.909753
