0 0.365909 0.156713 0.057897 0.042423 -0.429219
0 0.394531 0.893555 0.070159 0.044010 -1.080858
0 0.386827 0.490856 0.067987 0.038999 -0.380321
3 0.728906 0.742188 0.065765 0.041592 -0.553294
0 0.697197 0.576674 0.066849 0.037850 1.350831
0 0.689844 0.281250 0.064123 0.036269 -0.380506
0 0.391477 0.421849 0.059506 0.038314 -0.065179
0 0.743934 0.467446 0.053946 0.042315 -0.174672
0 0.735938 0.406250 0.062615 0.030889 -0.142134
4 0.378125 0.692383 0.066575 0.030356 -0.594759
0 0.432867 0.212591 0.050763 0.034293 1.394685
0 0.724764 0.377874 0.058002 0.031463 -0.080904
0 0.398135 0.345643 0.055561 0.031515 -1.570796
0 0.711342 0.351884 0.057622 0.031353 -0.218669
0 0.657758 0.168137 0.043767 0.033978 1.163286
0 0.675781 0.229492 0.051296 0.033388 -0.507098
0 0.617188 0.009766 0.051127 0.031574 -0.624023
0 0.745312 0.437500 0.053961 0.027850 -0.120624
0 0.628906 0.027344 0.050312 0.027077 -0.463648
