0 0.992003 0.930899 0.100207 0.060117 -1.382575
0 0.268750 0.962891 0.108263 0.049377 -1.212026
0 0.891433 0.900399 0.095511 0.055878 -1.317122
0 0.148438 0.686523 0.095362 0.054969 -1.249046
0 0.125757 0.922935 0.103326 0.050062 -1.215565
0 0.176563 0.933594 0.100464 0.051150 -1.233340
0 0.945830 0.917384 0.093228 0.054928 -1.333948
0 0.003324 0.647900 0.086635 0.058756 -1.301629
0 0.987022 0.690742 0.086547 0.058264 -1.343997
0 0.073438 0.916992 0.093674 0.053233 -1.265804
0 0.966634 0.802172 0.088313 0.053631 -1.387685
0 0.102344 0.666992 0.093364 0.050314 -1.214176
0 0.744531 0.855469 0.093280 0.050215 -1.333948
0 0.462500 0.773438 0.091310 0.051117 -1.317122
0 0.911776 0.783877 0.089024 0.052115 -1.338692
0 0.620732 0.706633 0.089500 0.051795 -1.287701
0 0.696816 0.841097 0.090585 0.050703 -1.309083
0 0.935937 0.674805 0.087728 0.052139 -1.321209
0 0.330469 0.736328 0.092852 0.048697 -1.237552
0 0.113281 0.454102 0.088220 0.051162 -1.197070
0 0.647345 0.825345 0.090921 0.048770 -1.238177
0 0.551312 0.804277 0.089946 0.048729 -1.262744
0 0.789770 0.635179 0.086433 0.050208 -1.352127
0 0.250781 0.487305 0.083186 0.052102 -1.321209
0 0.842187 0.647461 0.087681 0.049410 -1.243396
0 0.317969 0.971680 0.098641 0.043874 -1.254227
0 0.225269 0.946424 0.102423 0.042072 -1.190290
0 0.740051 0.621474 0.085009 0.050546 -1.272297
0 0.385684 0.528158 0.090921 0.046857 -1.238177
0 0.509139 0.787347 0.088932 0.047562 -1.236060
0 0.285609 0.714198 0.083517 0.049987 -1.266795
0 0.417188 0.991211 0.079239 0.052013 -1.281293
0 0.765625 0.740234 0.087983 0.046763 -1.366155
0 0.312500 0.611328 0.084229 0.048714 -1.218752
0 0.377344 0.750000 0.089411 0.045827 -1.277609
0 0.159617 0.463581 0.082236 0.049764 -1.321209
0 0.513853 0.560952 0.086065 0.047231 -1.294990
0 0.605462 0.580112 0.087165 0.046425 -1.317122
0 0.081748 0.556835 0.085476 0.047199 -1.144169
0 0.204687 0.472656 0.084754 0.047591 -1.255181
0 0.294531 0.501953 0.088128 0.045547 -1.352127
0 0.367969 0.980469 0.086820 0.045785 -1.266795
0 0.715625 0.730469 0.089586 0.044050 -1.321544
0 0.647986 0.600514 0.081565 0.048078 -1.279340
0 0.692969 0.606445 0.085540 0.045761 -1.261093
0 0.226875 0.593555 0.084492 0.046322 -1.249046
0 0.400663 0.641267 0.083385 0.046407 -1.343997
0 0.579688 0.691406 0.083456 0.045687 -1.261093
0 0.468864 0.542261 0.085009 0.044659 -1.272297
0 0.668750 0.715820 0.085480 0.043852 -1.249046
0 0.443622 0.648686 0.079615 0.046956 -1.275355
0 0.070312 0.438477 0.090636 0.041162 -1.214176
0 0.565153 0.574115 0.080722 0.045530 -1.313473
0 0.177344 0.576172 0.082463 0.044524 -1.279340
0 0.051177 0.658866 0.083063 0.043758 -1.284745
0 0.536719 0.677734 0.080466 0.045089 -1.273732
0 0.360156 0.627930 0.084356 0.042761 -1.267911
0 0.024549 0.420254 0.088056 0.040895 -1.091277
0 0.038209 0.540285 0.081565 0.043888 -1.218752
0 0.337392 0.512451 0.077843 0.045947 -1.389148
0 0.421816 0.759047 0.079626 0.044535 -1.292497
0 0.130469 0.561523 0.078283 0.045044 -1.216799
0 0.489063 0.665039 0.081418 0.042153 -1.316428
0 0.424584 0.535586 0.084109 0.040782 -1.279340
