0 0.736958 0.934565 0.100334 0.052590 1.307802
0 0.879687 0.898438 0.097748 0.051764 1.227772
0 0.926562 0.888672 0.097748 0.051764 1.227772
0 0.973437 0.867188 0.097748 0.051764 1.227772
0 0.297902 0.809037 0.088263 0.052590 1.307802
0 0.601892 0.598705 0.088898 0.051446 1.279340
0 0.618594 0.695703 0.091410 0.050028 1.249046
0 0.432812 0.775391 0.095014 0.048092 1.299850
0 0.484375 0.750000 0.095014 0.048092 1.299850
0 0.825000 0.916992 0.093508 0.048615 1.299850
0 0.531163 0.727569 0.087570 0.050706 1.297788
0 0.188295 0.916477 0.091707 0.046957 1.337053
0 0.853125 0.619141 0.089241 0.048238 1.193547
0 0.901563 0.617188 0.089241 0.048238 1.193547
0 0.164512 0.779117 0.086785 0.049310 1.337053
0 0.472817 0.425776 0.086504 0.047344 1.277609
0 0.691201 0.566533 0.085980 0.046994 1.237552
0 0.724013 0.662236 0.085980 0.046994 1.237552
0 0.767763 0.640751 0.085980 0.046994 1.237552
0 0.731826 0.550908 0.085980 0.046994 1.237552
0 0.647373 0.576595 0.089472 0.045091 1.262744
0 0.771875 0.539062 0.081784 0.048803 1.255181
0 0.275000 0.694336 0.087463 0.044522 1.277609
0 0.250890 0.589423 0.085267 0.044523 1.330262
0 0.477632 0.530420 0.083745 0.044605 1.337053
0 0.339096 0.783354 0.087570 0.042656 1.299850
0 0.387534 0.773589 0.087570 0.042656 1.299850
0 0.869531 0.417969 0.081915 0.045577 1.142532
0 0.838281 0.326172 0.081915 0.045577 1.142532
0 0.950781 0.476562 0.081915 0.045577 1.142532
0 0.903906 0.500000 0.081915 0.045577 1.142532
0 0.864844 0.515625 0.081915 0.045577 1.142532
0 0.939844 0.593750 0.081915 0.045577 1.142532
0 0.980469 0.576172 0.081915 0.045577 1.142532
0 0.299730 0.590107 0.074463 0.049795 1.373401
0 0.819141 0.525879 0.079057 0.046322 1.249046
0 0.503125 0.625000 0.083998 0.043234 1.249046
0 0.367188 0.673828 0.078048 0.046423 1.306308
0 0.878906 0.296875 0.079303 0.045598 1.229181
0 0.959345 0.079963 0.078022 0.046342 1.255582
0 0.849970 0.019416 0.078022 0.046342 1.255582
0 0.920283 0.093635 0.078022 0.046342 1.255582
0 0.910228 0.383994 0.081864 0.042833 1.158386
0 0.792811 0.119355 0.079890 0.043891 1.206817
0 0.834999 0.109590 0.079890 0.043891 1.206817
0 0.665123 0.470931 0.076091 0.045721 1.222025
0 0.640123 0.379134 0.076091 0.045721 1.222025
0 0.343750 0.566406 0.078952 0.043968 1.281293
0 0.392188 0.570313 0.078952 0.043968 1.281293
0 0.457813 0.638672 0.078952 0.043968 1.281293
0 0.410938 0.669922 0.078952 0.043968 1.281293
0 0.370313 0.466797 0.078952 0.043968 1.281293
0 0.437500 0.542969 0.078952 0.043968 1.281293
0 0.412500 0.449219 0.078952 0.043968 1.281293
0 0.703227 0.455530 0.074690 0.046416 1.295370
0 0.599434 0.391521 0.083061 0.040782 1.279340
0 0.515625 0.417969 0.082295 0.040690 1.212026
0 0.531250 0.515625 0.082295 0.040690 1.212026
0 0.575000 0.500000 0.082295 0.040690 1.212026
0 0.970313 0.282227 0.075282 0.043831 1.154732
0 0.962500 0.374023 0.075282 0.043831 1.154732
0 0.450587 0.236784 0.075130 0.043382 1.275355
0 0.408399 0.248503 0.075130 0.043382 1.275355
0 0.366212 0.262175 0.075130 0.043382 1.275355
0 0.491212 0.225066 0.075130 0.043382 1.275355
0 0.672656 0.167969 0.081597 0.039349 1.216799
0 0.711719 0.154297 0.081597 0.039349 1.216799
0 0.621875 0.481445 0.078772 0.040755 1.242677
0 0.556250 0.405273 0.078772 0.040755 1.242677
0 0.576548 0.214765 0.075422 0.042162 1.340892
0 0.749219 0.446289 0.074650 0.042046 1.262744
0 0.785156 0.436523 0.074650 0.042046 1.262744
0 0.760156 0.346680 0.074650 0.042046 1.262744
0 0.281961 0.490806 0.073554 0.042154 1.356736
0 0.235086 0.494712 0.073554 0.042154 1.356736
0 0.203304 0.315313 0.080722 0.037881 1.316428
0 0.226040 0.222013 0.074558 0.039150 1.302166
0 0.325000 0.283203 0.072083 0.040769 1.304544
0 0.645469 0.078711 0.074116 0.039528 1.249046
0 0.284935 0.301711 0.077702 0.036997 1.306308
0 0.269310 0.211867 0.077702 0.036997 1.306308
0 0.595613 0.096755 0.069685 0.040203 1.227772
0 0.558113 0.128005 0.069685 0.040203 1.227772
0 0.241925 0.302424 0.075793 0.036963 1.320818
0 0.639062 0.184570 0.072312 0.038232 1.227772
0 0.489063 0.055664 0.063602 0.041894 1.224258
0 0.373437 0.088867 0.063602 0.041894 1.224258
0 0.412500 0.079102 0.063602 0.041894 1.224258
0 0.571875 0.026367 0.063602 0.041894 1.224258
0 0.531250 0.049805 0.063602 0.041894 1.224258
0 0.450000 0.071289 0.063602 0.041894 1.224258
0 0.763281 0.039062 0.069907 0.038039 1.181480
0 0.728906 0.064453 0.069907 0.038039 1.181480
0 0.805469 0.027344 0.069907 0.038039 1.181480
0 0.688281 0.068359 0.069907 0.038039 1.181480
0 0.310156 0.198242 0.068183 0.038362 1.337053
0 0.294531 0.116211 0.068183 0.038362 1.337053
0 0.390427 0.164154 0.069755 0.037012 1.298651
0 0.429490 0.152435 0.069755 0.037012 1.298651
0 0.466990 0.142670 0.069755 0.037012 1.298651
0 0.239063 0.052734 0.064056 0.036816 1.363300
0 0.212500 0.142578 0.064056 0.036816 1.363300
0 0.171875 0.156250 0.064056 0.036816 1.363300
0 0.200000 0.064453 0.064056 0.036816 1.363300
0 0.157813 0.076172 0.064056 0.036816 1.363300
0 0.187500 0.224609 0.064056 0.036816 1.363300
0 0.252536 0.129820 0.061397 0.037876 1.313473
