0 0.042223 0.719254 0.092284 0.044882 -0.042349
3 0.732031 0.048828 0.072537 0.052764 -0.021736
0 0.041406 0.997070 0.084227 0.044890 -0.037718
0 0.051172 0.862305 0.077043 0.042029 0.010415
0 0.036719 0.966797 0.082812 0.042969 0.000000
0 0.039062 0.767578 0.085937 0.041016 0.000000
0 0.036328 0.813477 0.086303 0.037084 -0.036684
0 0.048438 0.949219 0.065625 0.046875 0.000000
0 0.042188 0.916016 0.087500 0.035156 0.000000
0 0.799219 0.655273 0.081250 0.037109 0.000000
0 0.051562 0.900391 0.077522 0.037183 0.020830
0 0.731383 0.234899 0.066086 0.039039 -0.110657
0 0.798125 0.602548 0.070330 0.035148 -0.022219
0 0.780267 0.473287 0.063315 0.037837 0.274910
0 0.809864 0.445906 0.067439 0.034539 0.073045
0 0.836766 0.230661 0.056414 0.039111 -0.049958
0 0.075464 0.081887 0.053651 0.037314 -1.465919
0 0.089844 0.094727 0.051562 0.037109 -1.570796
0 0.764063 0.374023 0.058030 0.031533 -0.057081
