1 0.262640 0.680171 0.286987 0.081592 1.504597
0 0.352706 0.127285 0.143376 0.072624 -0.287281
0 0.163281 0.452148 0.132091 0.072641 -0.072164
0 0.346797 0.220410 0.133409 0.067322 -0.321750
0 0.590625 0.189453 0.122419 0.071750 0.149560
0 0.350781 0.309570 0.133685 0.065649 -0.516231
0 0.387160 0.876810 0.134928 0.064031 -0.494726
1 0.361982 0.393509 0.111807 0.073427 -0.564569
3 0.593750 0.508789 0.124457 0.065378 0.527146
0 0.383667 0.772885 0.123556 0.065849 -0.559940
0 0.371094 0.609375 0.126845 0.062824 -0.678662
4 0.586732 0.686849 0.128009 0.060577 -1.546110
0 0.360894 0.501989 0.117448 0.060673 -0.576933
0 0.332031 0.040039 0.105755 0.063858 -0.410717
0 0.581742 0.399983 0.114805 0.055875 0.566729
0 0.582766 0.021551 0.097076 0.062496 -0.064427
0 0.586719 0.284180 0.103815 0.055912 0.456845
