3 0.694531 0.162109 0.117188 0.070312 0.000000
0 0.250781 0.896484 0.114607 0.071629 -0.192048
0 0.645312 0.902344 0.113787 0.071942 0.169778
0 0.360740 0.847307 0.117879 0.069357 -1.401018
0 0.443750 0.545898 0.111774 0.072230 -1.556512
0 0.295313 0.785156 0.116660 0.068037 -1.231504
0 0.180469 0.771484 0.122405 0.064424 -1.325818
0 0.104688 0.508789 0.122664 0.061823 0.132552
0 0.097656 0.811523 0.117017 0.064465 -1.516795
0 0.232813 0.982422 0.104851 0.070339 0.029842
0 0.558587 0.795986 0.106804 0.068255 -1.480136
0 0.496936 0.834438 0.118441 0.061040 -1.425168
0 0.516406 0.618164 0.104688 0.068359 -1.570796
0 0.339062 0.998047 0.094543 0.071357 -1.465919
0 0.703818 0.304466 0.107631 0.061499 -0.692880
0 0.358138 0.026373 0.112511 0.058588 0.013888
0 0.535664 0.948007 0.107617 0.060428 -1.394087
0 0.242969 0.772461 0.106818 0.060277 -1.160079
0 0.837500 0.075195 0.101562 0.062500 -1.570796
0 0.242188 0.155273 0.094040 0.066368 -1.536911
0 0.031237 0.751052 0.099870 0.062064 -1.364113
0 0.585059 0.459055 0.100094 0.060673 1.506370
0 0.607812 0.207031 0.098267 0.061041 -1.458369
0 0.818579 0.301734 0.100049 0.059480 0.896055
0 0.072656 0.996094 0.096875 0.060547 -1.570796
0 0.520143 0.363316 0.098982 0.057439 -1.364113
0 0.774192 0.185693 0.091349 0.060167 -1.346562
0 0.480137 1.016738 0.081348 0.066664 -1.482789
0 0.447656 0.041016 0.093108 0.058140 -1.408597
0 0.717188 0.105469 0.087387 0.061889 -0.422005
0 0.693617 0.237357 0.104769 0.051266 -0.302885
0 0.320266 0.218611 0.090840 0.058455 0.068856
0 0.835938 0.201172 0.095468 0.054787 -1.537475
0 0.350471 0.085902 0.101994 0.050925 0.092047
0 0.616406 0.093750 0.086027 0.058518 -1.476735
0 0.434542 0.146436 0.086108 0.058230 -1.369842
0 0.268750 0.033203 0.087106 0.056477 -1.399417
0 0.587500 0.585938 0.087500 0.054688 -1.570796
0 0.205983 0.054119 0.086786 0.054927 -1.334551
3 0.335938 0.140625 0.082983 0.055223 0.114877
3 0.413430 0.221341 0.078125 0.050156 -0.283794
0 0.621875 -0.007812 0.059375 0.054688 -1.570796
