1 0.482862 0.753054 0.290828 0.083178 -0.925817
4 0.117187 0.585938 0.218677 0.099072 -0.883528
1 0.181250 0.604492 0.200824 0.100443 -0.902374
1 0.368750 0.783203 0.209093 0.096719 -0.899653
1 0.290625 0.657227 0.201239 0.098072 -0.861276
1 0.532813 0.794922 0.208765 0.094246 -0.961920
1 0.042969 0.506836 0.226517 0.071856 -0.805004
1 0.768750 0.193359 0.178849 0.070479 0.288730
1 0.085938 0.532227 0.189368 0.077553 -0.815329
1 0.981250 0.664062 0.148642 0.078005 -0.982794
1 0.796875 0.146484 0.167536 0.049379 0.286051
