4 0.295614 0.379042 0.157029 0.070935 0.099669
0 0.335484 0.250055 0.130406 0.069051 0.133350
0 0.617984 0.061890 0.134505 0.066313 0.031240
0 0.207813 0.142578 0.128468 0.061763 0.321751
0 0.145313 0.373047 0.125000 0.062500 0.000000
0 0.611719 0.141602 0.125375 0.060626 -0.025311
0 0.600781 0.279297 0.129688 0.058594 0.000000
0 0.588740 0.438431 0.124236 0.058880 0.113435
0 0.198368 0.224503 0.123913 0.058886 0.099669
0 0.339751 0.168081 0.121323 0.058860 0.129147
3 0.215625 0.071289 0.117135 0.060168 0.228799
0 0.581250 0.523438 0.123305 0.056753 0.305223
3 0.150107 0.281398 0.109423 0.061329 0.159913
0 0.339844 0.097656 0.118395 0.056048 0.138006
0 0.588281 0.359375 0.120313 0.054688 0.000000
0 0.606931 0.211841 0.117448 0.054956 0.066568
0 0.579159 0.614136 0.111501 0.057476 -0.170735
