0 0.786719 0.053711 0.098169 0.049358 -0.098045
0 0.750425 0.932539 0.090162 0.053310 1.423718
0 0.899472 0.931588 0.094786 0.050090 1.405648
0 0.835476 0.817552 0.097678 0.048427 1.442473
0 0.851101 0.936692 0.097678 0.048427 1.442473
0 0.801101 0.952317 0.097678 0.048427 1.442473
0 0.787039 0.817552 0.097678 0.048427 1.442473
0 0.935156 0.809570 0.093641 0.050115 1.408597
0 0.953906 0.926758 0.093641 0.050115 1.408597
0 0.596875 0.839844 0.092764 0.048763 1.519118
0 0.646875 0.832031 0.092764 0.048763 1.519118
0 0.700104 0.941268 0.091710 0.049149 1.416852
0 0.653229 0.943221 0.091710 0.049149 1.416852
0 0.556354 0.962753 0.091710 0.049149 1.416852
0 0.512604 0.966659 0.091710 0.049149 1.416852
0 0.603229 0.958846 0.091710 0.049149 1.416852
0 0.456354 0.958846 0.091710 0.049149 1.416852
0 0.886884 0.030363 0.094386 0.047012 -0.116142
0 0.503125 0.845703 0.093750 0.046875 -1.570796
0 0.546875 0.841797 0.093750 0.046875 -1.570796
0 0.740263 0.821899 0.085296 0.048301 1.423718
0 0.651563 0.250000 0.078274 0.051619 -1.320818
0 0.691740 0.831817 0.082206 0.048557 1.418147
0 0.972656 0.228516 0.079212 0.046831 1.469108
0 0.451563 0.838867 0.084168 0.042938 1.533078
0 0.022656 0.080078 0.078125 0.044922 -1.570796
0 0.071094 0.070312 0.078125 0.044922 -1.570796
0 0.107031 0.203125 0.078125 0.044922 -1.570796
0 0.794531 0.688477 0.077319 0.045274 1.405648
0 0.839844 0.686524 0.077319 0.045274 1.405648
0 0.883594 0.686523 0.077319 0.045274 1.405648
0 0.932031 0.678711 0.077319 0.045274 1.405648
0 0.978906 0.674805 0.077319 0.045274 1.405648
0 0.985156 0.803711 0.077319 0.045274 1.405648
0 0.700063 0.250740 0.073852 0.041405 1.464812
0 0.886719 0.815430 0.070511 0.043038 1.409421
0 0.113281 0.729492 0.077024 0.039257 -0.101689
0 0.566104 0.705021 0.072292 0.041201 1.475845
0 0.609854 0.706974 0.072292 0.041201 1.475845
0 0.658292 0.695256 0.072292 0.041201 1.475845
0 0.698917 0.695255 0.072292 0.041201 1.475845
0 0.745792 0.691349 0.072292 0.041201 1.475845
0 0.159489 0.198552 0.070745 0.040980 1.460139
0 0.408594 0.717773 0.068293 0.039240 1.501142
0 0.472656 0.713867 0.068293 0.039240 1.501142
0 0.521094 0.708008 0.068293 0.039240 1.501142
0 0.157281 0.030508 0.062756 0.041432 1.428899
0 0.157281 0.110586 0.062756 0.041432 1.428899
