0 0.858594 0.865234 0.104350 0.049599 1.178456
0 0.910156 0.854492 0.100450 0.050822 1.129204
0 0.664844 0.946289 0.101262 0.048237 1.190290
0 0.924219 0.250977 0.096400 0.049550 1.090621
0 0.910156 1.000000 0.095135 0.049016 1.122651
0 0.973438 0.240234 0.087625 0.052952 1.190290
0 0.510156 0.975586 0.091607 0.049591 1.282741
0 0.814063 0.882813 0.097290 0.046176 1.212026
0 0.610156 0.951172 0.090314 0.049567 1.277609
0 0.958594 0.134766 0.090343 0.048550 1.180189
0 0.982031 0.121094 0.090343 0.048550 1.180189
0 0.551563 0.709961 0.093635 0.046294 1.107149
0 0.965625 0.983398 0.087882 0.049162 1.148791
0 0.757031 0.903320 0.095661 0.045124 1.254510
0 0.457031 0.741211 0.090720 0.045845 1.282741
0 0.107503 0.244955 0.091109 0.045487 -0.103082
0 0.563281 0.964844 0.089411 0.045827 1.277609
0 0.905469 0.470703 0.086023 0.047118 1.186627
0 0.360938 0.767578 0.088335 0.045883 1.294990
0 0.307812 0.776367 0.084205 0.047870 1.343997
0 0.928907 0.139648 0.087962 0.044998 1.150600
0 0.460156 0.997070 0.085329 0.046370 1.266795
0 0.261677 0.792741 0.085599 0.045969 1.348135
0 0.332813 0.646484 0.086403 0.045475 1.325818
0 0.886719 0.148437 0.085407 0.045732 1.142532
0 0.841406 0.164062 0.080832 0.048031 1.216799
0 0.610938 0.563477 0.087843 0.043337 1.266795
0 0.953125 0.458008 0.084643 0.044126 1.168475
0 0.974219 0.588867 0.086402 0.043156 1.236851
0 0.628906 0.235352 0.081704 0.042240 1.152572
3 0.355469 0.161133 0.073204 0.046835 0.223477
0 0.147656 0.171875 0.074481 0.045921 1.310194
0 0.119710 0.491312 0.084577 0.039438 1.366155
0 0.182215 0.696232 0.083751 0.039791 1.325818
0 0.283594 0.130859 0.075434 0.043421 1.283515
0 0.555469 0.070312 0.076139 0.041454 1.262744
0 0.710938 0.015625 0.075792 0.040738 1.325818
0 0.122656 0.384766 0.074570 0.041310 1.352127
0 0.418750 0.116211 0.071275 0.042800 1.107149
0 0.757031 0.004883 0.072247 0.041709 1.190290
0 0.190625 0.159180 0.074961 0.039228 1.304544
0 0.673438 0.224609 0.072851 0.039940 1.198729
0 0.622656 0.041992 0.070919 0.038961 1.256564
