0 0.250000 0.973633 0.079346 0.041626 0.909753
0 0.134376 0.957031 0.074230 0.042435 0.524796
0 0.768732 0.696958 0.068657 0.044538 0.909753
0 0.896949 0.841788 0.069181 0.042960 1.475845
0 0.657812 0.614258 0.069478 0.039052 -0.022723
0 0.695001 0.725781 0.073371 0.036685 -0.463648
0 0.654564 0.523401 0.070382 0.037073 -0.044415
0 0.660156 0.457031 0.067187 0.035156 0.000000
0 0.658903 0.407241 0.067206 0.033240 -0.023252
0 0.763281 0.263671 0.055053 0.036983 1.420425
0 0.653906 0.375977 0.067187 0.029297 -0.000000
0 0.085938 0.291016 0.050000 0.037109 -1.570796
0 0.741406 0.073242 0.063588 0.028824 -0.463648
0 0.746094 0.057617 0.063588 0.028824 -0.463648
0 0.240625 0.282227 0.051799 0.035210 -1.510264
0 0.032031 0.294922 0.053636 0.033696 -1.361773
3 0.613281 0.061523 0.050903 0.035139 0.031240
0 0.018089 0.942608 0.050270 0.035210 0.982794
0 0.416780 0.273516 0.043936 0.037161 1.518213
0 0.325000 0.263672 0.048438 0.033203 -1.570796
0 0.287487 0.259023 0.045420 0.035207 -1.501940
0 0.715625 0.268555 0.054662 0.029045 1.019141
0 0.203125 0.273438 0.045836 0.033458 -1.272297
0 0.030469 0.117188 0.041474 0.035612 1.051650
0 0.561719 0.249023 0.043449 0.033417 1.423718
0 0.471875 0.248047 0.040218 0.035128 1.530818
0 0.115881 0.113324 0.041301 0.033170 -1.438245
0 0.506250 0.077148 0.046120 0.027466 1.535097
0 0.339760 0.073378 0.039148 0.031493 1.446441
