1 0.182812 0.043945 0.167187 0.070312 -1.570796
1 0.170313 0.348633 0.186804 0.062491 -1.553991
1 0.260938 0.560547 0.159862 0.060525 -1.560896
1 0.260135 0.213232 0.143886 0.060659 1.527345
1 0.057977 0.557345 0.104454 0.051128 -0.383284
1 0.057977 0.533908 0.104454 0.051128 -0.383284
0 0.611739 0.720231 0.090638 0.054747 1.553557
0 0.968750 0.818359 0.089451 0.051214 -0.072599
0 0.932813 0.508789 0.092217 0.049324 -0.087495
0 0.057163 0.658484 0.095862 0.046925 -0.332059
0 0.100781 0.172852 0.088636 0.050631 -0.218669
0 0.983594 0.926758 0.079412 0.055310 -0.083141
0 0.096094 0.083496 0.092972 0.043199 -0.141351
0 0.098047 0.038086 0.088012 0.042337 -0.115769
0 0.100001 0.223633 0.086405 0.049487 -0.264488
0 0.090625 0.285156 0.094583 0.043486 -0.228103
0 0.079687 0.269531 0.094583 0.043486 -0.228103
0 0.060156 0.494141 0.095755 0.042495 -0.310387
0 0.098438 0.115234 0.096576 0.037858 -0.148890
0 0.393811 0.001019 0.078187 0.046759 -1.530818
0 0.078846 0.320913 0.087639 0.040602 -0.197395
0 0.068750 0.384766 0.081375 0.041875 -0.283794
0 0.071875 0.361328 0.081375 0.041875 -0.283794
0 0.075134 0.442861 0.078090 0.041386 -0.336675
0 0.095594 0.137823 0.086108 0.035618 -0.200954
0 0.076563 0.424805 0.078765 0.038268 -0.315215
0 0.902344 0.268555 0.067987 0.041097 -0.023805
0 0.910156 0.341797 0.064695 0.041829 -0.080904
0 0.910156 0.322266 0.064695 0.041829 -0.080904
0 0.078125 0.601562 0.065252 0.040782 -0.291457
0 0.075000 0.580078 0.065252 0.040782 -0.291457
