0 0.857656 0.830055 0.142881 0.078899 1.472216
0 0.225781 0.909180 0.151877 0.072473 1.518760
0 0.225214 0.478840 0.132118 0.073271 1.509297
3 0.842187 0.375000 0.143151 0.068399 1.559686
3 0.862743 0.622122 0.122235 0.075049 1.494024
3 0.780424 0.891801 0.127473 0.064763 1.379612
3 0.225879 0.711882 0.123685 0.062869 1.507589
3 0.228035 0.083825 0.105323 0.070382 1.544487
0 0.767969 0.274414 0.113652 0.066271 1.471128
0 0.222446 0.246781 0.118519 0.062622 1.508378
3 0.756166 0.082120 0.111113 0.066301 1.514518
3 0.771848 0.450755 0.117198 0.062573 -1.557464
0 0.818750 0.024414 0.107054 0.064504 1.555872
