4 0.372656 0.309570 0.176196 0.054615 0.967567
4 0.701562 0.154297 0.176937 0.045421 0.728136
4 0.469531 0.279297 0.151832 0.051618 0.831519
4 0.636680 0.196778 0.160923 0.047419 0.686485
4 0.265625 0.934570 0.141185 0.053144 0.995372
4 0.563281 0.234375 0.147263 0.049652 0.777524
4 0.848137 0.071364 0.189378 0.037919 0.588003
4 0.764636 0.121833 0.146962 0.047367 0.601654
4 0.429353 0.300445 0.147282 0.045564 0.852964
4 0.504310 0.260285 0.150767 0.042610 0.769527
4 0.330485 0.930980 0.115000 0.051216 0.930013
4 0.202344 0.953125 0.094364 0.057201 0.948493
4 0.614844 0.227539 0.116309 0.037313 0.756834
0 0.319531 0.314453 0.045420 0.034939 1.107149
0 0.349149 0.411942 0.043426 0.035762 1.089909
0 0.142500 0.258594 0.048914 0.024457 -0.463648
0 0.111719 0.207031 0.047814 0.024441 -0.448723
0 0.048438 0.156250 0.050817 0.020878 -0.434670
0 0.884043 0.045008 0.041014 0.022843 0.704494
0 0.035926 0.138643 0.048703 0.018431 -0.478352
0 0.022656 0.119141 0.038089 0.022672 -0.444419
0 0.782031 0.094727 0.039288 0.020832 0.815692
0 0.625000 0.138672 0.038411 0.021006 0.876058
0 0.726586 0.145299 0.042216 0.015614 0.680521
