0 0.881899 0.973785 0.075858 0.044333 1.005647
0 0.902850 0.851096 0.073753 0.044523 0.935770
0 0.171875 0.787598 0.070064 0.045414 1.102047
0 0.671093 0.488281 0.065156 0.046840 0.883125
0 0.429688 0.635742 0.062933 0.045962 1.069192
0 0.519531 0.585938 0.060950 0.044512 1.012197
0 0.779688 0.424805 0.066737 0.040627 0.982794
0 0.129320 0.805421 0.067778 0.036696 1.130954
0 0.615625 0.525391 0.060000 0.041406 0.927295
0 0.831250 0.388672 0.062197 0.039473 0.741947
0 0.204275 0.765478 0.064348 0.036803 1.063698
0 0.465625 0.614258 0.062837 0.036836 0.982794
0 0.750781 0.451172 0.063294 0.034942 0.859337
0 0.905892 0.345014 0.064120 0.033507 0.819867
0 0.860938 0.366211 0.056589 0.034296 0.915101
0 0.242968 0.746094 0.058060 0.032988 0.967047
0 0.714063 0.460938 0.051986 0.036175 1.030377
0 0.989733 0.300889 0.053079 0.034209 0.743756
0 0.995983 0.283311 0.053079 0.034209 0.743756
0 0.932031 0.327148 0.051104 0.032406 0.920926
0 0.968750 0.325195 0.047823 0.026797 0.885067
0 0.964063 0.303711 0.047823 0.026797 0.885067
