0 0.615642 0.935750 0.060194 0.039257 1.465919
0 0.604688 0.836914 0.068037 0.029552 1.455037
0 0.512332 0.653078 0.047624 0.030502 0.855053
0 0.664062 0.282227 0.055597 0.026125 -0.385883
0 0.601274 0.752975 0.045738 0.031493 1.446441
0 0.233594 0.335938 0.049988 0.027999 0.478352
0 0.646094 0.094727 0.051030 0.026448 -0.534955
0 0.955558 0.353310 0.051003 0.026343 0.499347
0 0.912339 0.359691 0.049853 0.026514 0.566729
0 0.666484 0.311816 0.054352 0.024088 -0.321751
0 0.760970 0.365171 0.049853 0.025915 0.566729
0 0.994531 0.347656 0.051426 0.024531 0.478352
0 0.807031 0.357422 0.049246 0.024987 0.809784
0 0.639844 0.010742 0.047294 0.025751 -0.380506
0 0.698694 0.363499 0.047238 0.025454 0.597177
0 0.668482 0.468817 0.045955 0.025966 -1.259798
0 0.660156 0.223633 0.047933 0.024467 -0.478352
0 0.230469 0.365234 0.052633 0.021951 0.491809
0 0.718227 0.679661 0.045545 0.025303 1.487655
0 0.660937 0.253906 0.046338 0.024744 -0.528074
0 0.509390 0.706838 0.044415 0.025286 0.885067
0 0.240625 0.227539 0.043914 0.024635 0.651077
0 0.642762 0.069716 0.040437 0.026565 -0.298499
0 0.862500 0.363281 0.045759 0.023303 0.708626
0 0.650588 0.145678 0.045497 0.022823 -0.291457
0 0.225000 0.393555 0.043531 0.023828 0.577902
0 0.642187 0.037109 0.043535 0.023082 -0.533708
0 0.237500 0.259766 0.046265 0.021687 0.680521
0 0.656250 0.177734 0.039426 0.024961 -0.610726
0 0.237377 0.299725 0.044028 0.021834 0.479519
0 0.681250 0.672852 0.035889 0.025422 1.435269
0 0.680469 0.407227 0.038598 0.023420 0.635027
0 0.246875 0.158203 0.039829 0.022630 0.426627
0 0.648438 0.123047 0.044164 0.020023 -0.414507
0 0.248438 0.065430 0.036406 0.022620 0.422854
0 0.239063 0.185547 0.042165 0.016547 0.446106
0 0.252344 0.028320 0.036486 0.018397 0.502843
