1 0.142969 0.736328 0.320312 0.103516 0.000000
1 0.096382 0.821272 0.242193 0.111364 0.006452
1 0.167187 0.472656 0.290021 0.089666 -0.032955
1 0.435937 0.188477 0.304687 0.082031 -1.570796
1 0.168750 0.657227 0.250474 0.093748 -0.006250
1 0.073438 0.917969 0.159466 0.095546 -0.040382
1 0.176428 0.558495 0.197179 0.076488 -0.055499
1 0.978165 0.060045 0.148164 0.072223 1.407797
1 0.214063 0.320313 0.146875 0.078125 0.000000
0 0.225277 0.408225 0.100801 0.060796 0.063407
1 0.207812 0.111328 0.114586 0.060576 -1.529724
0 0.240625 0.042969 0.093145 0.055871 0.386876
0 0.243750 0.019531 0.093145 0.055871 0.386876
0 0.261694 0.172418 0.081385 0.048972 -1.513168
