3 0.535156 0.250000 0.066172 0.033115 0.073041
0 0.355469 0.274414 0.051580 0.039074 -1.477320
0 0.604688 0.209961 0.060891 0.033049 0.054001
3 0.431250 0.285156 0.054807 0.036311 -1.201463
0 0.217188 0.170898 0.058433 0.033056 -0.169778
0 0.088281 0.239258 0.054173 0.034936 -0.450661
0 0.280469 0.267578 0.050376 0.037547 -1.379612
0 0.588047 0.229395 0.059787 0.030882 0.321751
0 0.604036 0.144386 0.059457 0.031002 0.052583
0 0.589063 0.024414 0.056966 0.031238 0.027771
0 0.318594 0.267969 0.048215 0.034939 -1.107149
0 0.398438 0.277344 0.048806 0.033394 -1.405648
0 0.207031 0.259766 0.047064 0.033702 -1.366778
0 0.463245 0.090328 0.050219 0.031478 -1.477320
0 0.367095 0.078624 0.045089 0.031328 -1.343997
0 0.332901 0.077183 0.042504 0.032740 -1.267911
0 0.457477 0.147559 0.041093 0.033716 -1.396124
0 0.390251 0.133777 0.043582 0.031230 -1.317122
0 0.241178 0.264583 0.047783 0.028400 -1.343997
0 0.328688 0.130953 0.043986 0.029556 -1.438245
0 0.435156 0.088867 0.043262 0.028929 -1.412141
0 0.402813 0.083789 0.043217 0.028811 -1.352127
0 0.020313 0.167969 0.045458 0.027176 0.321751
0 0.499219 0.093750 0.042903 0.027556 -1.530818
0 0.251606 0.077676 0.040655 0.027474 -1.532354
0 0.265778 0.013697 0.037791 0.029556 -1.438245
0 0.426563 0.138672 0.037347 0.027943 -1.398606
