4 0.173074 0.229454 0.081222 0.050799 -0.018510
0 0.715575 0.737790 0.074657 0.044923 0.073621
0 0.715235 0.650879 0.072246 0.040946 0.033317
0 0.737500 0.908692 0.069894 0.039019 0.032563
0 0.045638 0.649583 0.065792 0.043416 0.071307
0 0.734014 0.993199 0.064082 0.043051 -0.024385
0 0.719532 0.696289 0.062847 0.040601 -0.092414
0 0.709375 0.542969 0.063235 0.041070 -0.212938
0 0.339873 0.151828 0.060197 0.041965 -0.025618
0 0.700894 0.465864 0.061707 0.035827 0.297427
0 0.056250 0.539062 0.056585 0.041731 0.090660
0 0.078906 0.429688 0.052697 0.043126 0.060532
0 0.319141 0.190918 0.054778 0.036220 0.029378
0 0.710938 0.616211 0.062509 0.035616 0.127510
0 0.692184 0.331800 0.066088 0.032970 -0.118490
0 0.658594 0.806641 0.057984 0.037052 1.515298
0 0.047656 0.575195 0.058946 0.035950 -0.237836
0 0.398047 0.339844 0.053836 0.037819 -0.664796
0 0.733919 0.941434 0.065395 0.031308 -0.048742
0 0.053516 0.225586 0.053980 0.033412 0.058373
0 0.351949 0.087861 0.052781 0.027746 0.318285
0 0.109375 0.166016 0.048024 0.032624 0.030968
0 0.045312 0.151367 0.055281 0.032286 0.669639
0 0.468750 0.384766 0.047890 0.037089 -1.537475
0 0.225976 0.146477 0.054366 0.031323 0.029403
0 0.696551 0.216858 0.052151 0.033706 -0.150371
0 0.340224 0.112384 0.057026 0.029862 0.165149
0 0.257299 0.182169 0.054527 0.028464 0.115640
0 0.359258 0.063428 0.052344 0.027291 0.259573
0 0.377344 0.035156 0.050791 0.031332 0.885067
0 0.657259 0.043637 0.049446 0.027288 0.551171
0 0.684375 0.140625 0.052227 0.026113 -0.380506
0 0.694532 0.165039 0.046456 0.029035 -0.343024
0 0.678906 0.120117 0.050579 0.026070 -0.362544
0 0.682031 0.108398 0.050579 0.026070 -0.362544
