0 0.353906 0.870117 0.076563 0.044922 0.000000
0 0.347174 0.920870 0.081490 0.041194 -0.076772
0 0.873723 0.866497 0.070745 0.040549 1.460139
0 0.847656 0.663086 0.070152 0.039943 1.452306
0 0.932774 0.058596 0.064217 0.042915 -0.049958
0 0.992080 0.345247 0.077576 0.034697 -0.161837
0 0.994531 0.773438 0.070312 0.035156 0.000000
0 0.348083 0.964808 0.065644 0.037192 -0.023805
0 0.811531 0.462763 0.055535 0.043655 1.361773
0 0.990964 0.381620 0.069034 0.033774 -0.090660
0 0.993750 0.724609 0.062894 0.036002 -0.107690
0 0.988281 0.420898 0.057813 0.037109 0.000000
0 0.541406 0.414062 0.060406 0.035503 0.724250
0 0.861719 0.104492 0.060937 0.033203 -0.000000
0 0.873438 0.161133 0.060030 0.033430 -0.104877
0 0.878221 0.183513 0.060093 0.029556 -0.132552
0 0.809375 0.400391 0.050854 0.033187 1.539557
0 0.867969 0.133789 0.055487 0.029551 -0.113792
0 0.801551 0.308153 0.048463 0.033249 1.538549
0 0.938281 0.212891 0.054368 0.028856 1.318242
0 0.970313 0.213867 0.050866 0.030584 1.292497
0 0.430899 0.112389 0.043683 0.035210 -1.515298
0 0.402344 0.095703 0.043750 0.033203 -1.570796
0 0.494531 0.250000 0.046009 0.031370 1.535097
0 0.238281 0.424805 0.042188 0.033203 0.000000
0 0.701562 0.052734 0.050000 0.027344 0.000000
0 0.428906 0.168945 0.040093 0.031225 -1.530818
0 0.425845 0.296978 0.042303 0.029217 1.496857
0 0.428080 0.226126 0.042216 0.029205 -1.533776
0 0.500000 0.093750 0.033084 0.033357 1.520838
