0 0.541406 0.886719 0.126813 0.068387 1.546110
0 0.902439 0.928610 0.119253 0.066485 -0.091846
0 0.893784 0.845163 0.124068 0.062398 -0.096474
0 0.091971 0.955085 0.129725 0.058624 -0.024092
0 0.106856 0.784210 0.125039 0.060626 -0.024995
0 0.324219 0.956055 0.124380 0.059028 -0.947597
0 0.892173 0.767012 0.117278 0.060578 -0.032247
0 0.877344 0.546875 0.120313 0.058594 0.000000
0 0.627361 0.628472 0.112511 0.062548 1.556908
0 0.891406 0.690430 0.108129 0.064571 -0.057906
0 0.711719 0.804687 0.108657 0.064218 1.405648
0 0.867969 0.618164 0.110224 0.062550 -0.014492
0 0.725139 0.977080 0.111751 0.059104 1.455370
0 0.846932 0.362164 0.112771 0.058453 -0.069333
0 0.643921 0.802240 0.111823 0.058409 1.451367
0 0.297377 0.721702 0.115663 0.054722 -1.535097
0 0.686737 0.519042 0.100110 0.062523 1.523956
0 0.647690 0.999522 0.109776 0.056934 1.485291
0 0.310450 0.873082 0.121855 0.050664 -0.857998
0 0.627627 0.165055 0.103231 0.058622 0.045423
0 0.127344 0.500000 0.118327 0.050710 -0.027020
0 0.105469 0.871094 0.116487 0.050595 -0.055499
0 0.698346 0.666145 0.100195 0.058480 1.508378
0 0.112500 0.715820 0.119819 0.048811 -0.026310
0 0.840625 0.291992 0.112548 0.050652 -0.071307
0 0.925000 0.282227 0.096900 0.058562 1.538021
0 0.367969 0.306641 0.103810 0.054651 -1.555413
0 0.142187 0.245117 0.115625 0.048828 0.000000
0 0.827933 0.244176 0.107858 0.050873 -0.028977
0 0.136684 0.362225 0.115655 0.046916 -0.041643
0 0.810156 0.053711 0.110937 0.048828 0.000000
0 0.116406 0.632813 0.109587 0.048867 -0.042831
0 0.799522 0.004906 0.104699 0.050834 -0.014924
0 0.841835 0.416999 0.096888 0.054680 -0.016128
0 0.131285 0.432658 0.111036 0.047170 -0.043451
0 0.820325 0.180705 0.111036 0.046998 -0.042229
0 0.296844 0.571391 0.106353 0.048953 1.526707
0 0.130469 0.311523 0.116227 0.044744 -0.055499
0 0.609434 0.372922 0.093958 0.054956 -1.504228
0 0.853085 0.480751 0.094068 0.054827 -0.071307
0 0.298924 0.294856 0.101670 0.050656 1.529154
0 0.367296 0.151477 0.093634 0.054722 -1.535097
0 0.141406 0.182617 0.108367 0.046870 -0.014492
0 0.742187 0.288086 0.085937 0.058594 -1.570796
0 0.135156 0.559570 0.110937 0.044922 0.000000
0 0.301563 0.418945 0.096705 0.050724 1.471128
0 0.151562 0.064453 0.100000 0.046875 0.000000
0 0.671094 0.276367 0.094995 0.049169 1.471128
0 0.597656 0.027344 0.098801 0.046820 1.522447
0 0.653125 0.019531 0.090625 0.050781 -1.570796
0 0.147656 0.112305 0.092188 0.048828 0.000000
0 0.306476 0.061618 0.074896 0.054722 1.535097
0 0.362500 0.005859 0.084375 0.046875 -1.570796
0 0.303035 0.181645 0.076626 0.050819 1.532354
0 0.151114 0.012649 0.103172 0.037033 0.030294
0 0.677344 0.396484 0.078125 0.044922 -1.570796
