1 0.615625 0.884766 0.248542 0.070684 -1.087208
1 0.729688 0.606445 0.216575 0.071625 -1.129799
1 0.822656 0.374023 0.186876 0.067253 -1.137215
1 0.950000 0.015625 0.134597 0.077132 -1.230180
1 0.895312 0.180664 0.146768 0.065652 -1.164502
4 0.340982 0.636515 0.128601 0.068804 -0.969143
0 0.367730 1.000395 0.068160 0.046469 -0.922464
0 0.605061 0.395498 0.071892 0.042959 -0.021736
0 0.484375 0.866211 0.073799 0.040697 -1.214577
0 0.565000 0.678125 0.061269 0.046940 -1.249046
0 0.632813 0.509766 0.071275 0.038432 -1.107149
3 0.527969 0.765039 0.066383 0.041053 -1.107149
0 0.664566 0.249975 0.065792 0.037154 0.071307
0 0.160938 0.725586 0.059661 0.037421 0.823841
0 0.660937 0.278320 0.065625 0.033203 0.000000
0 0.600000 0.595703 0.062781 0.034365 -1.165905
0 0.801797 0.127078 0.043324 0.043355 -1.412141
0 0.823383 0.075408 0.041014 0.037055 -1.261093
0 0.775396 0.189229 0.046159 0.032330 -1.134169
0 0.845701 0.027042 0.040740 0.031732 -1.019141
