0 0.826563 0.500977 0.097134 0.054979 1.033512
0 0.937500 0.476562 0.086054 0.057636 1.186627
0 0.985938 0.461914 0.088359 0.056036 1.131937
0 0.576562 0.774414 0.085481 0.057810 1.133005
0 0.637500 0.747070 0.085481 0.057810 1.133005
0 0.700000 0.727539 0.085481 0.057810 1.133005
0 0.765625 0.706055 0.085481 0.057810 1.133005
0 0.832813 0.696289 0.085481 0.057810 1.133005
0 0.893750 0.682617 0.085481 0.057810 1.133005
0 0.950000 0.668945 0.085481 0.057810 1.133005
0 0.969531 0.249023 0.090857 0.053159 1.090621
0 0.600000 0.553711 0.085439 0.056439 1.168475
0 0.484375 0.586914 0.085221 0.056006 1.212026
0 0.810937 0.298828 0.088779 0.052249 1.089909
0 0.857812 0.273438 0.088779 0.052249 1.089909
0 0.228046 0.925497 0.082064 0.055583 1.236851
0 0.459296 0.843465 0.082064 0.055583 1.236851
0 0.404608 0.866903 0.082064 0.055583 1.236851
0 0.293671 0.904012 0.082064 0.055583 1.236851
0 0.345233 0.884481 0.082064 0.055583 1.236851
0 0.713281 0.535156 0.084931 0.053217 1.098299
0 0.761719 0.306641 0.092848 0.048237 1.190290
0 0.660156 0.552734 0.087045 0.051139 1.190290
0 0.767969 0.520508 0.088835 0.050084 1.141034
0 0.039844 0.990235 0.081625 0.053702 1.273732
0 0.107812 0.972656 0.081521 0.051892 1.236851
0 0.170312 0.953125 0.081521 0.051892 1.236851
0 0.306953 0.713574 0.086469 0.048175 1.249046
0 0.708594 0.316406 0.080394 0.049630 1.182478
0 0.653906 0.324219 0.080394 0.049630 1.182478
0 0.100419 0.783141 0.076195 0.051747 1.300947
0 0.200419 0.744079 0.076195 0.051747 1.300947
0 0.067606 0.683532 0.076195 0.051747 1.300947
0 0.256669 0.732360 0.076195 0.051747 1.300947
0 0.150419 0.767516 0.076195 0.051747 1.300947
0 0.412500 0.395508 0.077579 0.050474 1.202100
0 0.324431 0.603423 0.076099 0.048123 1.236060
0 0.224431 0.632720 0.076099 0.048123 1.236060
0 0.382031 0.305664 0.068958 0.051464 1.185639
0 0.028628 0.531224 0.080541 0.043878 1.255181
0 0.081753 0.513646 0.080541 0.043878 1.255181
0 0.953906 0.068359 0.071885 0.047377 1.147942
0 0.608594 0.252930 0.075290 0.043154 1.054566
0 0.657031 0.241211 0.075290 0.043154 1.054566
0 0.711719 0.227539 0.075290 0.043154 1.054566
0 0.767969 0.209961 0.075290 0.043154 1.054566
0 0.817969 0.200195 0.075290 0.043154 1.054566
0 0.869531 0.180664 0.075290 0.043154 1.054566
0 0.178484 0.484576 0.070226 0.045021 1.206817
0 0.323796 0.457232 0.070226 0.045021 1.206817
0 0.220671 0.463092 0.070226 0.045021 1.206817
