0 0.984375 0.897461 0.109885 0.057912 1.418147
0 0.004536 0.889164 0.110275 0.053549 -1.442926
0 0.922656 0.880859 0.109401 0.052213 1.388237
0 0.968750 0.758789 0.106599 0.052646 1.465131
0 0.274219 0.909180 0.105993 0.052711 -1.540954
0 0.864562 0.881791 0.101750 0.054827 1.499489
0 0.631250 0.912109 0.105119 0.052769 1.526050
0 0.734317 0.763004 0.103369 0.053059 1.463517
0 0.747656 0.891602 0.101442 0.052806 1.444488
0 0.693750 0.909180 0.104190 0.050878 1.448335
0 0.078906 0.750977 0.096212 0.054492 -1.486253
0 0.125781 0.870117 0.103530 0.050471 -1.460139
0 0.388281 0.766602 0.098437 0.052734 -1.570796
0 0.789844 0.756836 0.105608 0.048854 1.418147
0 0.496895 0.766418 0.100049 0.050756 1.539557
0 0.953125 0.639648 0.096746 0.052089 1.414194
0 0.448408 0.903034 0.106296 0.046970 1.541393
0 0.803125 0.888672 0.098194 0.050729 1.472751
0 0.443750 0.769531 0.101939 0.048775 1.523956
0 0.332031 0.907227 0.101562 0.048828 -1.570796
0 0.508594 0.904297 0.097543 0.050775 1.554669
0 0.677341 0.776270 0.093802 0.052770 1.537475
0 0.331250 0.771484 0.096875 0.050781 -1.570796
0 0.846054 0.757706 0.096117 0.051118 1.455920
0 0.906250 0.754883 0.102139 0.047998 1.421906
0 0.142188 0.741211 0.100391 0.048510 -1.456542
0 0.388281 0.899414 0.098437 0.048828 -1.570796
0 0.824219 0.319336 0.090942 0.052642 1.464061
0 0.560156 0.774414 0.098073 0.048723 1.505316
0 0.717187 0.315430 0.090044 0.052699 1.481747
0 0.030637 0.257949 0.086625 0.054775 -1.455920
0 0.622649 0.778048 0.097079 0.048802 1.538021
0 0.894531 0.628906 0.089015 0.051061 1.408597
0 0.088034 0.631979 0.089540 0.050421 -1.484058
0 0.707749 0.523304 0.087723 0.051070 1.499489
0 0.770835 0.517605 0.084992 0.052552 1.487655
0 0.150005 0.619958 0.087726 0.050748 -1.534449
0 0.662500 0.315430 0.087471 0.050748 1.534449
0 0.333300 0.649439 0.090677 0.048948 -1.529154
0 0.282904 0.527311 0.086054 0.050819 -1.532354
0 0.032813 0.613281 0.089753 0.048649 -1.516305
0 0.437492 0.645936 0.089076 0.048855 1.553254
0 0.275781 0.768555 0.092847 0.046834 -1.553557
0 0.020312 0.749023 0.092145 0.046680 -1.428899
0 0.493723 0.641935 0.087625 0.048967 1.517276
0 0.278125 0.649414 0.084403 0.050745 -1.533078
0 0.614574 0.323299 0.087621 0.048697 1.527345
0 0.718750 0.639648 0.086716 0.048981 1.480136
0 0.709375 0.205078 0.083341 0.050894 1.455920
0 0.968998 0.206198 0.086291 0.048814 1.484058
0 0.503906 0.223633 0.085937 0.048828 -1.570796
0 0.600781 0.649414 0.085988 0.048690 1.495467
0 0.189062 0.166992 0.089062 0.046875 -1.570796
0 0.835938 0.632812 0.085226 0.048980 1.478467
0 0.663023 0.644558 0.087847 0.047037 1.487655
0 0.774219 0.630859 0.088131 0.046859 1.480136
0 0.874219 0.318359 0.084430 0.048837 1.495467
0 0.544661 0.653313 0.084497 0.048704 1.529154
0 0.894531 0.017578 0.077716 0.052812 1.446441
0 0.490625 0.527344 0.087500 0.046875 -1.570796
0 0.928293 0.320550 0.083742 0.048380 1.435269
0 0.092969 0.502930 0.082987 0.048679 -1.492525
0 0.652268 0.520138 0.089282 0.045222 1.500736
0 0.455518 0.327934 0.089117 0.044826 1.535723
0 0.383204 0.637673 0.087623 0.044876 -1.525373
0 0.302680 0.320748 0.082754 0.047240 1.446441
0 0.813309 0.218398 0.082945 0.047021 1.514253
0 0.350781 0.217773 0.079687 0.048828 -1.570796
0 0.563281 0.320312 0.086617 0.044878 1.552280
0 0.082706 0.162892 0.083048 0.046742 -1.495467
0 0.301563 0.024414 0.082812 0.046875 -1.570796
0 0.767187 0.313477 0.086556 0.044723 1.476735
0 0.349219 0.321289 0.085937 0.044922 -1.570796
0 0.760938 0.203125 0.078922 0.048818 1.550799
0 0.335156 0.531250 0.081986 0.046866 -1.551568
0 0.599219 0.219727 0.078187 0.048867 1.530818
0 0.400000 0.324219 0.081250 0.046875 -1.570796
0 0.545340 0.534103 0.081310 0.046840 1.532354
0 0.127663 0.264667 0.084501 0.044876 -1.525373
0 0.801097 0.118982 0.073670 0.051118 1.455920
0 0.651509 0.210081 0.079932 0.046884 1.492525
0 0.389062 0.512695 0.079687 0.046875 -1.570796
0 0.600000 0.541992 0.079687 0.046875 -1.570796
0 0.748621 0.107042 0.075793 0.048881 1.425984
0 0.144531 0.058594 0.075830 0.048818 -1.549966
0 0.821875 0.510742 0.084627 0.043302 1.380808
0 0.436719 0.515625 0.085026 0.042961 -1.552280
0 0.139837 0.158635 0.081265 0.044914 -1.551568
0 0.348438 0.119141 0.071875 0.050781 -1.570796
0 0.509412 0.328556 0.081265 0.044838 1.551568
0 0.917112 0.219572 0.077077 0.047037 1.487655
0 0.452167 0.037912 0.073951 0.048984 -1.490966
0 0.453125 0.223633 0.076563 0.046875 -1.570796
0 0.349970 0.019448 0.076496 0.046916 -1.529154
0 0.995240 0.513085 0.082206 0.043657 1.418147
0 0.550781 0.215820 0.083476 0.042961 1.551931
0 0.089062 0.066407 0.073437 0.048828 -1.570796
0 0.398438 0.223633 0.078954 0.045034 1.549966
0 0.543750 0.019531 0.072666 0.048835 1.413028
0 0.737500 0.013672 0.069685 0.050744 1.478040
0 0.595312 0.123047 0.075326 0.046872 1.485895
0 0.036719 0.062500 0.074468 0.046776 -1.505671
0 0.061719 0.068359 0.074468 0.046776 -1.505671
0 0.400000 0.020508 0.079687 0.042969 -1.570796
0 0.909375 0.125977 0.076564 0.044704 1.419781
0 0.696875 0.108398 0.072793 0.046980 1.438245
0 0.188281 0.068359 0.072707 0.046864 -1.549061
0 0.639844 0.011719 0.074136 0.044786 1.438245
0 0.792969 0.018555 0.077488 0.042728 1.464812
0 0.175177 0.265635 0.076625 0.043013 -1.525373
0 0.498412 0.129395 0.071892 0.044996 1.549061
0 0.866122 0.216834 0.081785 0.039052 1.465919
0 0.396875 0.129883 0.073437 0.042969 -1.570796
0 0.546094 0.117187 0.076849 0.041061 1.530003
0 0.592969 0.020508 0.072755 0.042874 1.504228
0 0.449157 0.133933 0.067478 0.045271 1.478040
0 0.646094 0.109375 0.073629 0.041176 1.441094
0 0.499219 0.032227 0.071839 0.040975 1.526381
0 0.032786 0.150959 0.075016 0.039135 -1.549966
0 0.689063 0.017578 0.071142 0.040921 1.502720
