4 0.936719 0.467773 0.080464 0.058139 0.813962
0 0.984637 0.553012 0.067622 0.040256 0.703614
4 0.761719 0.126953 0.063615 0.040189 0.921801
0 0.869531 0.536133 0.061859 0.039192 0.862170
0 0.159375 0.016601 0.058845 0.036557 -0.439287
0 0.318057 0.804560 0.066121 0.035908 -1.180189
0 0.099375 0.938867 0.062889 0.037559 1.107149
0 0.090625 0.045898 0.065214 0.035589 -0.257324
0 0.670312 0.459961 0.057058 0.040004 1.212026
0 0.202344 0.867188 0.066680 0.034044 -1.096396
0 0.879577 0.401626 0.055205 0.037002 0.722110
0 0.920312 0.596680 0.064562 0.032780 0.728855
0 0.769531 0.415039 0.054545 0.037435 0.999459
0 0.260302 0.839421 0.062986 0.032317 -1.162647
0 0.479475 0.881344 0.058107 0.034587 0.965252
0 0.937500 0.811523 0.055772 0.035957 0.805804
0 0.594531 0.482422 0.051917 0.037921 0.957589
0 0.816406 0.469727 0.063185 0.030680 0.823841
0 0.214844 0.080078 0.058365 0.033073 -0.401229
0 0.468750 0.705078 0.063875 0.030055 -0.638320
0 0.716406 0.521484 0.055241 0.034669 0.827041
0 0.065625 0.971680 0.056124 0.033535 0.887087
0 0.380469 0.676758 0.060164 0.030718 0.862170
0 0.441199 0.887264 0.053861 0.034166 1.030377
3 0.806250 0.241211 0.051674 0.032873 0.715744
0 0.400781 0.118164 0.046643 0.034525 1.114833
0 0.722656 0.362305 0.051486 0.031506 0.759763
0 0.605469 0.385742 0.046091 0.034711 0.992894
0 0.023218 0.060157 0.055221 0.028904 -0.438337
0 0.834766 0.351562 0.045194 0.030189 0.865706
0 0.512500 0.105469 0.044277 0.030382 1.020912
0 0.677344 0.304688 0.046456 0.025986 0.732815
0 0.588282 0.154297 0.041328 0.027992 0.870903
