0 0.107031 0.500000 0.099364 0.052297 -0.398522
0 0.075781 0.404297 0.100231 0.049643 -0.377249
0 0.159310 0.720158 0.106949 0.046483 -0.437510
0 0.041430 0.738556 0.104874 0.046675 -0.430327
0 0.067993 0.777618 0.104874 0.046675 -0.430327
0 0.046875 0.365234 0.094722 0.051116 -0.377249
0 0.962351 0.764023 0.106663 0.045149 -0.555494
0 0.692410 0.726042 0.091443 0.052563 -0.578524
0 0.715847 0.769011 0.091443 0.052563 -0.578524
0 0.715538 0.939891 0.095772 0.049996 -0.492836
0 0.029687 0.311523 0.110566 0.042689 -0.340097
0 0.550728 0.887640 0.094399 0.049107 -0.500668
0 0.474165 0.967718 0.094399 0.049107 -0.500668
0 0.924688 0.726758 0.101322 0.045420 -0.463648
0 0.121875 0.545898 0.091801 0.049608 -0.423669
0 0.667249 0.894759 0.097290 0.046769 -0.521138
0 0.746936 0.816634 0.097290 0.046769 -0.521138
0 0.585999 0.953352 0.097290 0.046769 -0.521138
0 0.509375 0.784180 0.093323 0.048226 -0.531724
0 0.621875 0.582031 0.096714 0.046253 -0.456072
0 0.180332 0.781896 0.094593 0.047167 -0.389709
0 0.089707 0.838536 0.094593 0.047167 -0.389709
0 0.403906 0.800781 0.095033 0.046294 -0.463648
0 0.430469 0.859375 0.095033 0.046294 -0.463648
0 0.482031 0.734375 0.095033 0.046294 -0.463648
0 0.609341 0.777371 0.091443 0.046589 -0.578524
0 0.802047 0.890582 0.087972 0.048391 -0.348771
0 0.464062 0.325195 0.089016 0.047817 -0.422005
0 0.113544 0.887038 0.099228 0.042811 -0.456605
0 0.132695 0.691057 0.097469 0.043581 -0.398522
0 0.125469 0.935742 0.098527 0.042800 -0.463648
0 0.150469 0.984570 0.098527 0.042800 -0.463648
0 0.546094 0.635742 0.091363 0.045847 -0.397628
0 0.597656 0.729492 0.087818 0.047328 -0.488852
0 0.290625 0.417969 0.090562 0.045749 -0.512389
0 0.371875 0.378906 0.090562 0.045749 -0.512389
0 0.840625 0.539062 0.094489 0.043806 -0.479519
0 0.183594 0.174805 0.087658 0.047144 -0.455451
0 0.902813 0.673047 0.090840 0.045420 -0.463648
0 0.636152 0.829489 0.094399 0.043643 -0.500668
0 0.200781 0.825195 0.095925 0.042835 -0.419880
0 0.642969 0.634766 0.088045 0.046294 -0.463648
0 0.561719 0.683594 0.088045 0.046294 -0.463648
0 0.240625 0.928711 0.094594 0.042785 -0.471166
0 0.260937 0.983398 0.094594 0.042785 -0.471166
0 0.803906 0.499023 0.096211 0.041824 -0.411456
0 0.477344 0.156250 0.084168 0.047009 -0.420197
0 0.516406 0.242187 0.084168 0.047009 -0.420197
0 0.497656 0.201172 0.084168 0.047009 -0.420197
0 0.455469 0.121094 0.080065 0.049383 -0.388319
0 0.283287 0.366887 0.081249 0.047654 -0.398522
0 0.320313 0.464844 0.091716 0.042004 -0.479519
0 0.498561 0.539527 0.090907 0.041862 -0.425205
0 0.356374 0.687964 0.090907 0.041862 -0.425205
0 0.340749 0.639136 0.090907 0.041862 -0.425205
0 0.418874 0.586402 0.090907 0.041862 -0.425205
0 0.337500 0.092773 0.083035 0.045424 -0.429762
0 0.409375 0.040039 0.083035 0.045424 -0.429762
0 0.364844 0.331055 0.085962 0.043817 -0.422005
0 0.215772 0.877390 0.087616 0.042823 -0.398522
0 0.435156 0.076172 0.081248 0.045768 -0.388319
0 0.700000 0.250000 0.088045 0.041926 -0.463648
0 0.587500 0.491211 0.091484 0.040262 -0.386876
0 0.616406 0.098633 0.085949 0.042800 -0.463648
0 0.042188 0.590820 0.074943 0.048809 -0.424832
0 0.464063 0.683594 0.089443 0.040179 -0.463648
0 0.222656 0.254883 0.082058 0.043672 -0.455101
0 0.382031 0.166992 0.082058 0.043672 -0.455101
0 0.296094 0.208008 0.082058 0.043672 -0.455101
0 0.327344 0.248047 0.081951 0.043591 -0.402321
0 0.367969 0.126953 0.081951 0.043591 -0.402321
0 0.249219 0.289063 0.081951 0.043591 -0.402321
0 0.282031 0.169922 0.081951 0.043591 -0.402321
0 0.199219 0.210938 0.081951 0.043591 -0.402321
0 0.144121 0.096126 0.087052 0.040946 -0.367174
0 0.220683 0.049251 0.087052 0.040946 -0.367174
0 0.131621 0.047298 0.087052 0.040946 -0.367174
0 0.565625 0.448242 0.088062 0.040245 -0.367174
0 0.401562 0.541992 0.088062 0.040245 -0.367174
0 0.318750 0.588867 0.088062 0.040245 -0.367174
0 0.482813 0.487305 0.088062 0.040245 -0.367174
0 0.260937 0.131836 0.080247 0.043646 -0.428264
0 0.538281 0.282227 0.078230 0.044507 -0.445301
0 0.970202 0.576900 0.086050 0.040217 -0.507098
0 0.892077 0.623775 0.086050 0.040217 -0.507098
0 0.920202 0.492915 0.086050 0.040217 -0.507098
0 0.766912 0.401044 0.085952 0.040192 -0.471778
0 0.845037 0.352216 0.085952 0.040192 -0.471778
0 0.920037 0.307294 0.085952 0.040192 -0.471778
0 0.946600 0.348310 0.085952 0.040192 -0.471778
0 0.859100 0.399091 0.085952 0.040192 -0.471778
0 0.882537 0.451826 0.085952 0.040192 -0.471778
0 0.960662 0.395185 0.085952 0.040192 -0.471778
0 0.523169 0.584654 0.085952 0.040157 -0.471778
0 0.438794 0.633482 0.085952 0.040157 -0.471778
0 0.683594 0.208008 0.088025 0.038485 -0.487836
0 0.652344 0.174805 0.088025 0.038485 -0.487836
0 0.635156 0.139648 0.088025 0.038485 -0.487836
0 0.734531 0.128320 0.085949 0.039306 -0.463648
0 0.759531 0.163477 0.085949 0.039306 -0.463648
0 0.778281 0.202539 0.085949 0.039306 -0.463648
0 0.857969 0.159570 0.085949 0.039306 -0.463648
0 0.884531 0.034570 0.085949 0.039306 -0.463648
0 0.790781 0.042383 0.085949 0.039306 -0.463648
0 0.931406 0.114648 0.085949 0.039306 -0.463648
0 0.914219 0.071680 0.085949 0.039306 -0.463648
0 0.809531 0.081445 0.085949 0.039306 -0.463648
0 0.972031 0.218164 0.085949 0.039306 -0.463648
0 0.889219 0.266992 0.085949 0.039306 -0.463648
0 0.832969 0.118555 0.085949 0.039306 -0.463648
0 0.814219 0.308008 0.085949 0.039306 -0.463648
0 0.690625 0.050781 0.077188 0.042773 -0.454302
0 0.714063 0.085938 0.077188 0.042773 -0.454302
0 0.604688 0.058594 0.077188 0.042773 -0.454302
0 0.444590 0.286307 0.079809 0.040265 -0.398522
0 0.271153 0.325370 0.079809 0.040265 -0.398522
0 0.425840 0.241386 0.079809 0.040265 -0.398522
0 0.403965 0.200370 0.079809 0.040265 -0.398522
0 0.352287 0.284210 0.079810 0.040264 -0.402321
0 0.314109 0.047704 0.081864 0.038695 -0.412410
0 0.165671 0.135595 0.081864 0.038695 -0.412410
0 0.239109 0.092626 0.081864 0.038695 -0.412410
0 0.553256 0.318603 0.083341 0.037936 -0.530773
