0 0.980658 0.463842 0.118266 0.062472 -0.813428
0 0.842969 0.825195 0.103901 0.063834 -0.829813
0 0.933274 0.229978 0.112577 0.056891 -0.815692
0 0.814063 0.982422 0.110797 0.056328 -0.732815
0 0.822656 0.655273 0.101691 0.061215 -0.831876
0 0.514844 0.649414 0.103418 0.060176 -0.844154
0 0.889453 0.883301 0.099437 0.062148 -0.785398
0 0.963281 0.787109 0.106478 0.057976 -0.816967
0 0.807813 0.281250 0.108768 0.056546 -0.774646
0 0.937500 0.414062 0.105102 0.058050 -0.806671
0 0.671094 0.144531 0.107197 0.055457 -0.837981
0 0.681250 0.834961 0.102733 0.057345 -0.896055
0 0.181250 0.115234 0.101642 0.057820 -0.739975
0 0.937949 0.938034 0.098384 0.059335 -0.809784
0 0.618401 0.092101 0.110508 0.052304 -0.765401
0 0.302511 0.078240 0.103231 0.055961 -0.688924
0 0.068750 0.158203 0.106122 0.054238 -0.692642
0 0.853906 0.323242 0.112685 0.050965 -0.734936
0 0.022309 0.110639 0.100693 0.056917 -0.730508
0 0.788281 0.598633 0.105608 0.053903 -0.796150
0 0.889063 0.185547 0.108276 0.052481 -0.785398
0 0.768750 0.926758 0.101779 0.055722 -0.863888
0 0.892414 0.369386 0.105012 0.053730 -0.758378
0 0.710156 0.689453 0.101282 0.055495 -0.819867
0 0.146094 0.073242 0.105395 0.053134 -0.705111
0 0.548438 0.503906 0.104268 0.053377 -0.727990
0 0.660563 0.468405 0.098222 0.056641 -0.761013
0 0.257812 0.029297 0.096762 0.056774 -0.705111
0 0.728906 0.180664 0.102007 0.053699 -0.729277
0 0.387500 0.341797 0.098409 0.055424 -0.809203
0 0.750781 0.049805 0.106502 0.051082 -0.774872
0 0.471164 0.599082 0.107450 0.050470 -0.713358
0 0.354881 0.473169 0.097404 0.055518 -0.685729
0 0.143283 0.251411 0.090816 0.059105 -0.735440
0 0.314844 0.427734 0.105661 0.050634 -0.674741
0 0.227344 0.331055 0.100073 0.053417 -0.679909
0 0.976562 0.276367 0.104115 0.051117 -0.764125
0 0.728609 0.878345 0.098487 0.054009 -0.841519
0 0.225781 0.163086 0.097708 0.053688 -0.726642
0 0.964087 0.088835 0.103802 0.049782 -0.817645
0 0.556117 0.692595 0.102757 0.049656 -0.796150
0 0.525781 0.008789 0.094423 0.053777 -0.749269
0 0.104687 0.202148 0.096484 0.052553 -0.727990
0 0.506250 0.471680 0.099286 0.051055 -0.762675
0 0.104688 0.027344 0.093590 0.053994 -0.677386
0 0.502344 0.302734 0.099196 0.050879 -0.715744
0 0.703125 0.510742 0.095610 0.052579 -0.797743
0 0.601315 0.738009 0.098326 0.051118 -0.758378
0 0.587828 0.557234 0.100596 0.049782 -0.752443
0 0.580469 0.037109 0.103616 0.048296 -0.763662
0 0.460635 0.248451 0.099461 0.049768 -0.763180
0 0.469095 0.424313 0.099655 0.049308 -0.726642
0 0.671875 0.645508 0.099547 0.049025 -0.878155
0 0.625734 0.419971 0.099829 0.048514 -0.696742
0 0.639063 0.784180 0.094935 0.050983 -0.761013
0 0.429688 0.558594 0.097227 0.049718 -0.785398
0 0.585938 0.378906 0.103155 0.046772 -0.696742
0 0.425781 0.386719 0.097980 0.048350 -0.739975
0 0.753588 0.743517 0.091869 0.051256 -0.725230
0 0.267187 0.382812 0.093815 0.049373 -0.710538
0 0.807468 0.091223 0.098388 0.047023 -0.751703
0 0.343750 0.299805 0.095856 0.048217 -0.737815
0 0.628906 0.602539 0.095113 0.048497 -0.726642
0 0.417660 0.209313 0.096433 0.047027 -0.705111
0 0.395312 0.512695 0.094482 0.045745 -0.666908
0 0.740625 0.551758 0.094806 0.045529 -0.761593
0 0.692188 0.009766 0.086353 0.049165 -0.728317
0 0.874219 0.011719 0.079061 0.052435 -0.770906
