2 0.320528 0.083854 0.105783 0.049998 -0.308053
4 0.790366 0.953930 0.100742 0.045197 -0.415075
4 0.788281 0.221680 0.073699 0.049148 -0.358771
0 0.639062 0.931641 0.077781 0.041061 -0.436627
0 0.623899 0.879095 0.064443 0.046262 -0.441179
0 0.450990 0.983896 0.066309 0.041664 -0.286051
0 0.948507 0.744519 0.067910 0.039501 -0.401871
0 0.944337 0.438214 0.071541 0.036895 -0.284730
0 0.478906 0.601562 0.070590 0.037261 -0.358771
3 0.517969 0.689453 0.066883 0.038109 -0.385158
4 0.460938 0.564453 0.065283 0.038390 -0.352990
0 0.414827 0.476631 0.063685 0.037569 -0.486899
0 0.585156 0.814453 0.064123 0.036269 -0.380506
0 0.900000 0.386719 0.066243 0.034864 -0.398522
0 0.350286 0.360572 0.069685 0.032714 -0.343024
0 0.362560 0.391001 0.062837 0.035210 -0.339293
0 0.829567 0.281445 0.063695 0.033323 -0.355636
0 0.882031 0.356445 0.069502 0.030222 -0.398522
0 0.145478 0.160941 0.058568 0.034026 -0.160763
0 0.322005 0.307248 0.057974 0.032711 -0.260602
0 0.746875 0.157227 0.057998 0.029698 -0.463648
4 0.437500 0.505859 0.062647 0.027095 -0.475011
0 0.221875 0.130859 0.056919 0.029556 -0.138006
