0 0.528672 0.208095 0.092244 0.058756 -1.301629
0 0.589063 0.578125 0.106250 0.050781 0.000000
0 0.714063 0.582031 0.106250 0.050781 0.000000
0 0.850000 0.574219 0.106250 0.050781 0.000000
0 0.973437 0.574219 0.106250 0.050781 0.000000
0 0.646875 0.475586 0.103948 0.051201 1.210230
0 0.175781 0.145508 0.104370 0.050299 -0.579074
0 0.176562 0.060547 0.099677 0.051097 -0.729277
0 0.653705 0.220206 0.087196 0.056943 -1.467715
0 0.424882 0.267526 0.101671 0.048776 0.046121
0 0.507378 0.442566 0.093607 0.052522 0.987423
0 0.431037 0.460176 0.100305 0.048771 1.253972
0 0.594531 0.211914 0.092188 0.052734 -1.570796
0 0.184375 0.296875 0.099002 0.048843 -0.434670
0 0.432822 0.196573 0.101670 0.046916 -0.041643
0 0.366250 0.458594 0.104816 0.045420 1.107149
0 0.303906 0.443359 0.086888 0.054713 1.516305
0 0.172620 0.223567 0.092292 0.049922 -0.610726
0 0.333784 0.085370 0.090315 0.041190 1.045213
0 0.575613 0.449684 0.083180 0.043769 1.081944
