0 0.212504 0.923926 0.090595 0.055312 0.735440
0 0.707812 0.520508 0.071875 0.041016 0.000000
0 0.117969 0.720703 0.073923 0.037400 -0.581905
0 0.783594 0.294922 0.064010 0.036369 -0.426627
0 0.750781 0.214844 0.057813 0.035156 0.000000
0 0.745762 0.149454 0.065922 0.029350 -0.094952
0 0.212500 0.461914 0.052983 0.034674 0.828849
0 0.746875 0.100586 0.059375 0.029297 -0.000000
0 0.086973 0.472766 0.049063 0.035143 0.920926
0 0.165625 0.026367 0.051946 0.032198 -0.215358
0 0.122656 0.460938 0.043474 0.038216 1.037088
0 0.278906 0.584961 0.054688 0.029297 -1.570796
0 0.815625 0.223633 0.046771 0.034109 -1.333948
0 0.168750 0.466797 0.048234 0.032156 1.030377
0 0.739063 0.042969 0.058086 0.025465 0.080904
0 0.742470 0.068350 0.056272 0.025381 -0.027771
