3 0.028125 0.742187 0.078042 0.051426 0.084902
3 0.487050 0.481501 0.070330 0.050682 -0.022219
0 0.480469 0.952148 0.083680 0.039875 -0.259332
0 0.688282 0.807617 0.083300 0.039444 0.095859
0 0.690687 0.853431 0.075065 0.043175 -0.041643
0 0.477983 0.900986 0.076960 0.041993 -0.101689
0 0.670694 0.676747 0.070330 0.042958 -0.022219
0 0.047656 0.613281 0.077229 0.039013 -0.020830
0 0.480453 0.747272 0.076960 0.038861 -0.101689
0 0.678125 0.898437 0.075000 0.039062 -0.000000
0 0.667187 0.634766 0.075000 0.039062 0.000000
0 0.671369 0.599730 0.071438 0.039256 0.090660
3 0.012481 0.944335 0.067260 0.041062 0.046478
0 0.486743 0.680228 0.073584 0.037052 -0.055499
0 0.485156 0.832031 0.074791 0.035739 -0.068077
0 0.642135 0.289990 0.067260 0.039202 0.046478
0 0.486594 0.788166 0.070382 0.036986 0.044415
3 0.063281 0.505859 0.069370 0.037156 0.068076
0 0.647147 0.454163 0.065467 0.039257 -0.097253
0 0.046875 0.652344 0.071875 0.035156 -0.000000
0 0.087344 0.312491 0.070382 0.035208 0.044415
0 0.057500 0.577135 0.070330 0.035191 -0.022219
0 0.023438 0.822266 0.065625 0.037109 0.000000
0 0.492188 0.526367 0.071875 0.033203 0.000000
0 0.056250 0.541992 0.071875 0.033203 -0.000000
0 0.492968 0.644531 0.069698 0.033333 -0.023805
0 0.679862 0.766389 0.064367 0.035749 -0.097253
0 0.025000 0.782227 0.071875 0.031250 0.000000
0 0.073500 0.414849 0.070469 0.031700 0.066568
0 0.487500 0.588867 0.068173 0.031334 -0.023805
0 0.652344 0.491211 0.067787 0.031242 0.023252
0 0.070312 0.471680 0.066058 0.031167 0.073041
0 0.472216 0.296861 0.060958 0.033242 0.025635
0 0.115937 0.083018 0.062520 0.031240 0.024995
0 0.478070 0.114339 0.064113 0.029510 -0.076772
0 0.092969 0.285156 0.062388 0.029667 0.078784
0 0.094789 0.253937 0.065922 0.027406 0.094952
0 0.626562 0.189453 0.053929 0.033189 -0.029403
0 0.914165 0.201155 0.050800 0.034848 -0.132552
0 0.479706 0.263673 0.064234 0.027413 0.073041
0 0.477503 0.083871 0.059457 0.029564 -0.052583
0 0.917960 0.144382 0.059320 0.029510 -0.076772
0 0.108594 0.133789 0.058667 0.029765 -0.110657
0 0.103906 0.193359 0.057637 0.029252 -0.055499
0 0.629688 0.140625 0.055602 0.029341 -0.028564
0 0.917069 0.255531 0.052408 0.031095 -0.179854
0 0.477616 0.238265 0.062578 0.025456 -0.049958
0 0.099219 0.226562 0.062500 0.025391 -0.000000
0 0.631250 0.112305 0.062500 0.025391 0.000000
0 0.478125 0.186523 0.060937 0.025391 0.000000
0 0.074219 0.081055 0.050229 0.030796 -1.400061
0 0.067969 0.059570 0.050229 0.030796 -1.400061
0 0.004044 0.541303 0.051539 0.029843 -1.325818
0 0.474733 0.210929 0.059396 0.025382 0.026310
3 0.052920 0.201262 0.047094 0.031493 -1.446441
0 0.465688 0.045038 0.048839 0.029306 -0.128323
0 0.206410 0.180231 0.044743 0.028919 0.432408
0 0.209375 0.149414 0.037719 0.029378 0.380506
0 0.889844 0.099609 0.032813 0.031250 0.000000
0 0.882849 0.070519 0.032201 0.019490 -0.218669
