2 0.698438 0.777344 0.202576 0.088632 -0.056392
2 0.703125 0.938476 0.203125 0.080078 0.000000
2 0.681254 0.611421 0.197098 0.081938 -0.047583
2 0.703125 0.854492 0.201318 0.076257 -0.031240
2 0.626563 0.454102 0.190111 0.078155 -0.008333
2 0.622916 0.382769 0.187604 0.078082 -0.033321
2 0.628125 0.527344 0.192193 0.076100 -0.024788
2 0.184877 0.789224 0.206398 0.070040 -0.037861
2 0.615625 0.301758 0.188313 0.074317 -0.041643
2 0.444650 0.072261 0.198536 0.064483 1.540503
2 0.691677 0.691356 0.162530 0.066319 0.019228
3 0.517969 0.208007 0.097826 0.044825 -0.768164
