0 0.118689 0.906921 0.104566 0.059107 0.812546
0 0.645313 0.944336 0.107171 0.059386 -0.785398
0 0.170407 0.867756 0.092657 0.060466 0.870903
0 0.601562 0.695313 0.100466 0.055166 -0.762675
0 0.329688 0.700195 0.102751 0.053862 0.785398
0 0.607031 0.895508 0.095095 0.056641 -0.808650
0 0.375781 0.984375 0.099835 0.052354 -0.750929
0 0.584375 0.446289 0.090653 0.056572 0.760403
0 0.513997 0.513682 0.092834 0.053748 0.809203
0 0.922656 0.604492 0.102975 0.048266 -0.752443
0 0.774219 0.232422 0.093442 0.052286 0.699193
0 0.403125 0.618164 0.091703 0.051100 0.785398
0 0.937500 0.066406 0.090042 0.050899 0.746457
0 0.473437 0.551758 0.092337 0.048385 0.773053
0 0.710998 0.304302 0.089330 0.047528 0.669205
0 0.871094 0.126953 0.080654 0.051100 0.785398
0 0.646875 0.375000 0.079090 0.048232 0.741947
0 0.835363 0.162052 0.082934 0.043913 0.719263
0 0.807031 0.194336 0.085874 0.041223 0.731397
