4 0.154660 0.067070 0.114841 0.066647 -0.591776
4 0.137473 0.039726 0.114841 0.066647 -0.591776
0 0.247656 0.250000 0.100072 0.061394 -1.001483
0 0.673520 0.874030 0.102352 0.056513 -1.367112
3 0.566923 0.724488 0.109964 0.054478 -1.317122
0 0.726178 0.939393 0.109693 0.053538 -1.446441
3 0.462647 0.239991 0.103226 0.051695 -1.417206
0 0.776946 0.999323 0.082206 0.068158 -1.418147
0 0.648437 0.490234 0.096192 0.056943 -1.187269
0 0.417279 0.503447 0.095877 0.056371 -1.325818
0 0.517187 0.650391 0.098093 0.054957 -1.424312
3 0.594294 0.415865 0.106089 0.050082 -1.408069
0 0.295313 0.309570 0.090634 0.057022 -0.636508
0 0.775000 0.691406 0.103445 0.048512 0.860525
0 0.468750 0.585938 0.098400 0.050594 -1.438245
0 0.691406 0.580078 0.104526 0.047152 0.828849
0 0.374000 0.437218 0.094010 0.051874 -1.196463
0 0.357358 0.107446 0.098547 0.048786 1.529154
0 0.859375 0.823242 0.096214 0.048956 -1.553557
0 0.546221 0.370643 0.093814 0.043527 -1.090876
0 0.168750 0.152344 0.094411 0.049450 -0.612152
0 0.157813 0.130859 0.094411 0.049450 -0.612152
0 0.619342 0.799746 0.092706 0.047134 -1.360691
0 0.634550 0.472471 0.083298 0.053600 -1.165905
0 0.331889 0.373932 0.091922 0.047840 -1.015801
0 0.300781 -0.007812 0.078763 0.052552 -1.487655
0 0.314844 0.013672 0.078763 0.052552 -1.487655
0 0.410120 0.163213 0.079565 0.051895 -1.230414
0 0.910161 0.850513 0.084442 0.047218 -1.476735
0 0.507812 0.277344 0.074639 0.050860 -1.441094
3 0.202588 0.190091 0.081490 0.042393 -1.004067
