2 0.686719 0.188477 0.100507 0.052129 -0.669639
0 0.094642 0.966478 0.087121 0.043310 -0.574305
3 0.611074 0.256023 0.084693 0.042267 -0.654571
0 0.830469 0.058594 0.079230 0.043400 -0.706199
3 0.225231 0.847027 0.071552 0.047343 -0.551655
0 0.432812 0.646484 0.082750 0.040558 -0.550386
0 0.369456 0.708429 0.077576 0.041227 -0.599175
0 0.610156 0.553711 0.072386 0.043838 0.958259
0 0.471094 0.390625 0.077740 0.038152 -0.678119
0 0.390625 0.178711 0.073621 0.040262 -0.876058
0 0.529688 0.634766 0.072875 0.040251 1.145964
0 0.318750 0.524414 0.085106 0.034401 -0.651077
0 0.562388 0.591683 0.075519 0.038309 1.144169
0 0.325996 0.129908 0.065860 0.040247 -1.295886
0 0.928125 0.370117 0.070104 0.037670 1.147942
0 0.617897 0.466687 0.064424 0.040549 -0.682316
0 0.246502 0.590640 0.071261 0.036658 -0.661043
0 0.174627 0.655093 0.071261 0.036658 -0.661043
3 0.107813 0.722656 0.063325 0.038744 -0.678662
0 0.726972 0.083701 0.064044 0.033261 0.868539
0 0.766034 0.052452 0.064044 0.033261 0.868539
0 0.695722 0.101280 0.064044 0.033261 0.868539
0 0.889063 0.212891 0.057622 0.036014 -0.708626
0 0.725000 0.367188 0.057622 0.036014 -0.708626
0 0.773438 0.316406 0.057622 0.036014 -0.708626
0 0.940625 0.162109 0.057622 0.036014 -0.708626
0 0.831250 0.265625 0.057622 0.036014 -0.708626
