0 0.352367 0.544374 0.092399 0.045083 1.503103
0 0.208594 0.982422 0.087004 0.039279 -0.620249
0 0.203125 0.922852 0.076679 0.034547 -0.637396
0 0.110938 0.914062 0.064339 0.042812 -1.519559
0 0.121875 0.740234 0.064339 0.042812 -1.519559
0 0.963281 0.516602 0.077164 0.035108 -0.020830
0 0.216559 0.757707 0.083925 0.031490 -0.505290
0 0.923438 0.356445 0.068750 0.037109 0.000000
0 0.830469 0.656250 0.071631 0.035122 -0.044415
0 0.227636 0.471894 0.075207 0.033387 0.474400
0 0.978906 0.588867 0.063301 0.039099 0.024995
0 0.226562 0.614258 0.070220 0.035010 0.694738
0 0.218750 0.855469 0.065347 0.037616 -0.475011
0 0.858594 0.904297 0.071596 0.034133 -0.074860
0 0.234375 0.520508 0.063067 0.038464 0.655696
0 0.799219 0.540039 0.060135 0.039100 -0.026310
0 0.222656 0.717773 0.068198 0.034108 -0.401871
0 0.214048 0.808563 0.076912 0.029105 -0.528832
0 0.908632 0.295143 0.067640 0.032981 -0.115759
0 0.220313 0.662109 0.061540 0.035683 0.572966
0 0.970616 0.550748 0.064082 0.031193 -0.024385
0 0.241406 0.283203 0.058361 0.033256 0.476467
0 0.230469 0.425781 0.061201 0.030622 0.475695
0 0.832031 0.689453 0.055733 0.033415 -0.085505
0 0.235156 0.387695 0.059008 0.031421 0.451453
0 0.137500 0.520508 0.055468 0.033190 -1.542233
0 0.238026 0.349330 0.057054 0.028588 0.415709
0 0.248438 0.218750 0.063629 0.028011 0.104877
0 0.239062 0.314453 0.059940 0.028330 0.385883
0 0.249389 0.246972 0.061436 0.027370 0.127510
0 0.228125 0.568359 0.051181 0.030197 0.551655
0 0.146791 0.387479 0.045742 0.031758 -1.433730
