2 0.829687 0.882812 0.191802 0.082209 1.471946
2 0.652344 0.871094 0.190134 0.074154 1.529154
2 0.321841 0.884402 0.189088 0.074144 -1.554269
2 0.233594 0.872070 0.188566 0.074266 1.562322
2 0.491406 0.875000 0.193750 0.072266 -1.570796
2 0.154688 0.876953 0.188883 0.073774 -1.501940
2 0.064063 0.865234 0.193172 0.072123 -1.529498
2 0.072656 0.349609 0.196431 0.070326 1.562797
2 0.410156 0.871094 0.181250 0.076172 -1.570796
2 0.565627 0.864346 0.190683 0.072292 1.546211
2 0.146841 0.350422 0.196931 0.068294 -1.546991
2 0.710315 0.357303 0.188597 0.070324 1.462884
2 0.291406 0.355469 0.193750 0.068359 -1.570796
2 0.628906 0.354492 0.185938 0.068359 -1.570796
2 0.215625 0.347656 0.187500 0.066406 -1.570796
2 0.563281 0.348633 0.186394 0.066387 1.562322
2 0.358594 0.354492 0.188229 0.064477 -1.554131
2 0.489844 0.351562 0.191912 0.062481 1.546211
2 0.423438 0.350586 0.189062 0.062500 -1.570796
2 0.774219 0.371094 0.166435 0.066256 1.503590
1 0.555004 0.080632 0.104547 0.054265 -1.405648
