0 0.763281 0.877930 0.131622 0.064481 0.023805
0 0.612388 0.987309 0.118835 0.070284 1.542233
3 0.742145 0.279152 0.114197 0.066435 0.029403
0 0.764529 0.957039 0.120323 0.060567 0.012986
0 0.954688 0.745117 0.115625 0.060547 0.000000
0 0.369531 0.105469 0.115625 0.060547 -1.570796
3 0.757031 0.209961 0.109261 0.060521 0.028977
3 0.721541 0.360394 0.103421 0.062764 0.075613
3 0.354687 0.522461 0.107813 0.058594 -1.570796
0 0.353125 0.780273 0.108213 0.052683 -1.526707
0 0.360156 0.361328 0.095125 0.048734 -1.536911
