2 0.354834 0.433692 0.226484 0.074244 1.544487
1 0.841406 0.030274 0.188866 0.060467 1.365054
1 0.738344 0.096618 0.153033 0.067175 1.350503
0 0.892969 0.934570 0.112089 0.056600 1.485291
0 0.118750 0.767578 0.103277 0.054238 -1.442473
0 0.144140 0.527344 0.096720 0.051730 -1.537941
0 0.285156 0.981445 0.082812 0.056641 -1.570796
0 0.979688 0.555664 0.093090 0.048888 -0.017240
0 0.973578 0.503963 0.089282 0.050793 -0.070061
0 0.950000 0.299805 0.088511 0.049378 -0.387524
0 0.988281 0.611328 0.085201 0.048932 -0.019228
0 0.911656 0.081032 0.076626 0.049026 -1.530003
0 0.058594 0.084961 0.078952 0.046908 1.510868
0 0.035156 0.055664 0.078952 0.046908 1.510868
0 0.764843 0.272461 0.075382 0.042900 1.373401
