0 0.137922 0.787118 0.078141 0.052763 -0.019997
0 0.122657 0.927734 0.071875 0.050781 0.000000
0 0.050781 0.766602 0.068746 0.050714 -1.401695
0 0.790234 0.900391 0.071683 0.037094 0.022208
0 0.146094 0.650391 0.074167 0.040963 -0.021736
0 0.126563 0.874023 0.070312 0.041016 0.000000
0 0.570703 0.658203 0.054201 0.043231 -0.088007
0 0.786868 0.853052 0.062594 0.039077 -0.040452
0 0.735926 0.512208 0.061301 0.039184 -0.040733
0 0.126563 0.833984 0.072298 0.033435 0.045423
0 0.584375 0.822266 0.056250 0.042969 -0.000000
0 0.046385 0.583518 0.054303 0.043891 -1.206817
0 0.778506 0.774401 0.060958 0.039050 0.025635
0 0.146858 0.602278 0.070090 0.026918 -0.058376
0 0.695312 0.619141 0.057779 0.037294 1.432790
0 0.140625 0.710938 0.071359 0.029378 0.022723
0 0.781250 0.812500 0.062500 0.033203 0.000000
0 0.035156 0.255859 0.045574 0.031025 -0.623625
0 0.569933 0.575181 0.054710 0.035142 -0.028564
0 0.572656 0.455078 0.056292 0.033149 0.057081
0 0.589290 0.788070 0.052046 0.034065 0.160138
0 0.080202 0.310964 0.045953 0.033113 -1.411882
0 0.765201 0.694351 0.054710 0.031293 -0.028564
0 0.062500 0.044922 0.052003 0.029252 -0.588003
0 0.707812 0.149414 0.048588 0.029362 -0.064427
0 0.704257 0.049870 0.041701 0.033665 -0.119429
0 0.180469 0.308594 0.040770 0.031260 -1.451367
0 0.708594 0.123047 0.053699 0.023427 0.029403
0 0.053125 0.121094 0.044936 0.025682 -0.176709
0 0.113596 0.307578 0.037521 0.029362 -1.504228
0 0.084375 0.208984 0.040311 0.025195 -1.446441
0 0.057110 0.082014 0.045981 0.021836 -0.170735
0 0.211719 0.311523 0.039957 0.025015 -1.398606
0 0.058978 0.205995 0.037792 0.023499 -0.124355
0 0.066793 0.105760 0.039928 0.021095 -0.533708
0 0.061719 0.142578 0.039047 0.019967 -0.388319
