4 0.917187 0.168946 0.071044 0.048697 1.382575
0 0.852327 0.508743 0.067260 0.041153 0.046478
0 0.260938 0.950195 0.068750 0.037109 -1.570796
0 0.680469 0.513672 0.064062 0.039062 0.000000
0 0.364063 0.970703 0.061837 0.037150 1.494024
0 0.831250 0.990234 0.064387 0.035044 1.418147
0 0.767969 0.511719 0.066515 0.033424 -0.094952
0 0.671875 0.985352 0.057813 0.037109 -1.570796
0 0.303125 0.963867 0.064062 0.033203 -1.570796
0 0.774219 0.978516 0.056381 0.035099 1.513715
1 0.037868 0.313489 0.056272 0.033190 0.027771
0 0.735949 0.991699 0.053148 0.033246 1.541393
0 0.721886 0.985839 0.053148 0.033246 1.541393
0 0.063281 0.201172 0.054688 0.031250 0.000000
0 0.050781 0.191406 0.054688 0.031250 0.000000
0 0.059375 0.171875 0.057637 0.029252 -0.055499
0 0.416406 0.117188 0.055379 0.029285 0.028564
0 0.057813 0.262695 0.054593 0.029246 -0.058756
0 0.048438 0.252930 0.054593 0.029246 -0.058756
0 0.478125 0.207031 0.045312 0.033203 -1.570796
0 0.342969 0.522461 0.054688 0.027344 0.000000
0 0.067187 0.149414 0.053791 0.027332 -0.029403
0 0.048437 0.135742 0.053791 0.027332 -0.029403
0 0.446094 0.185547 0.046875 0.031250 -1.570796
3 0.229687 0.955078 0.056250 0.025391 -1.570796
0 0.532913 0.151040 0.044985 0.028606 0.367174
0 0.919531 0.049805 0.038576 0.027097 1.347320
0 0.899219 0.117187 0.038418 0.025350 1.398605
