3 0.982812 0.752930 0.084375 0.052734 -0.000000
0 0.975781 0.519531 0.060123 0.040988 1.463106
0 0.093686 0.506740 0.051775 0.045268 -1.480136
0 0.862500 0.512695 0.054128 0.040825 1.415800
0 0.384375 0.508789 0.062496 0.035005 -1.518213
0 0.342969 0.517578 0.056160 0.038725 -1.480136
0 0.939063 0.519531 0.050868 0.039070 1.373401
0 0.598437 0.501953 0.050000 0.039062 -1.570796
0 0.902344 0.513672 0.050561 0.037155 1.373401
0 0.530469 0.511719 0.052296 0.035199 -1.540503
0 0.129688 0.511719 0.053319 0.034474 -1.373401
0 0.270313 0.506836 0.052327 0.035127 -1.446441
0 0.228906 0.507812 0.048368 0.036159 -1.343997
0 0.672656 0.505859 0.046875 0.037109 -1.570796
0 0.025000 0.503906 0.057083 0.030341 -1.258754
0 0.762730 0.509067 0.048839 0.034867 1.442473
0 0.816369 0.508119 0.045420 0.037290 1.501940
0 0.638184 0.502822 0.049914 0.033261 1.512041
0 0.564844 0.513672 0.050000 0.033203 -1.570796
0 0.717969 0.510742 0.048438 0.033203 -1.570796
0 0.461719 0.500000 0.045824 0.032968 -1.496857
0 0.303125 0.506836 0.049403 0.030340 -1.423718
0 0.171094 0.504883 0.051021 0.028689 -1.366778
0 0.419208 0.500034 0.042206 0.033261 -1.512041
0 0.060937 0.508789 0.046884 0.028212 -1.297788
