0 0.040625 0.566406 0.115621 0.060560 -0.998603
0 0.603125 0.541016 0.116885 0.059241 -1.223189
0 0.110642 0.347153 0.112189 0.058529 0.770751
0 0.872577 0.356269 0.104843 0.060734 1.353675
0 0.892969 0.105469 0.104685 0.060395 1.539557
0 0.908594 0.080078 0.104685 0.060395 1.539557
0 0.525149 0.552343 0.108820 0.056851 -1.127014
0 -0.003125 0.353516 0.098646 0.061085 1.063698
0 0.292969 0.338867 0.109345 0.052504 1.133287
0 0.386719 0.552734 0.108310 0.052408 -1.107149
0 0.762682 0.528942 0.102365 0.051516 1.355439
0 0.782812 0.128906 0.095312 0.054688 -1.570796
0 0.229270 0.344513 0.097046 0.047935 1.041434
0 0.182812 0.559570 0.104151 0.042876 -1.032961
