0 0.913281 0.516602 0.102112 0.051050 0.774163
0 0.964844 0.473633 0.102112 0.051050 0.774163
0 0.817969 0.582031 0.101999 0.049395 0.750119
0 0.147246 0.155013 0.086051 0.057665 -0.512389
0 0.523438 0.932617 0.097573 0.050231 0.867566
0 0.571875 0.903320 0.097573 0.050231 0.867566
0 0.620313 0.866211 0.097573 0.050231 0.867566
0 0.673438 0.831055 0.097573 0.050231 0.867566
0 0.723438 0.799805 0.097573 0.050231 0.867566
0 0.775000 0.762695 0.097573 0.050231 0.867566
0 0.459375 0.784180 0.093007 0.050247 0.871604
0 0.400000 0.825195 0.093007 0.050247 0.871604
0 0.501563 0.745117 0.093007 0.050247 0.871604
0 0.550000 0.709961 0.093007 0.050247 0.871604
0 0.468750 0.971680 0.093007 0.050247 0.871604
0 0.693750 0.521484 0.090875 0.050078 0.836635
0 0.862157 0.547157 0.108328 0.041381 0.667666
0 0.350000 0.861328 0.086076 0.050375 0.916225
0 0.576562 0.349609 0.086351 0.050093 0.839400
0 0.620312 0.328125 0.086351 0.050093 0.839400
0 0.664062 0.294922 0.086351 0.050093 0.839400
0 0.529687 0.373047 0.086351 0.050093 0.839400
0 0.750000 0.240234 0.092341 0.045697 0.798384
0 0.793750 0.214844 0.092341 0.045697 0.798384
0 0.054688 0.197266 0.089969 0.046407 -0.487836
0 0.831250 0.433594 0.096375 0.042415 0.747442
0 0.879687 0.404297 0.096375 0.042415 0.747442
0 0.921875 0.378906 0.096375 0.042415 0.747442
0 0.792188 0.462891 0.096375 0.042415 0.747442
0 0.838281 0.189453 0.089493 0.045575 0.785398
0 0.970313 0.349609 0.088864 0.042677 0.771700
0 0.785937 0.051758 0.090787 0.040452 0.689800
0 0.829688 0.024414 0.090787 0.040452 0.689800
0 0.921875 0.144531 0.081299 0.045081 0.739277
0 0.748438 0.082031 0.087956 0.040180 0.799096
0 0.877344 0.161133 0.090598 0.038670 0.785398
0 0.487500 0.234375 0.084889 0.040423 0.827627
0 0.694531 0.102539 0.079559 0.040659 0.859887
0 0.657031 0.129883 0.079559 0.040659 0.859887
0 0.617969 0.153320 0.079559 0.040659 0.859887
0 0.574219 0.176758 0.079559 0.040659 0.859887
0 0.123438 0.118164 0.088945 0.033408 -0.512389
