1 0.014063 0.677734 0.149516 0.089064 -1.458906
1 0.520313 0.910156 0.148694 0.068325 0.031904
1 0.530462 0.752800 0.142184 0.068598 1.504228
1 0.302113 0.457118 0.132722 0.072292 1.543776
1 0.671094 0.909180 0.143355 0.064438 -0.021975
1 0.073437 0.793945 0.138462 0.066300 -1.430547
1 0.238296 0.457418 0.134384 0.066447 -1.559169
1 0.354687 0.613281 0.134375 0.066406 -1.570796
1 0.160938 0.424805 0.126562 0.070312 -1.570796
1 0.093772 0.612947 0.136377 0.064715 -1.490510
1 0.413281 0.430664 0.134760 0.064527 -1.547271
1 0.356748 0.439344 0.129720 0.066695 -1.537475
1 0.153159 0.785719 0.122030 0.070743 -1.467272
1 0.101453 0.426959 0.123685 0.068223 -1.507589
1 0.734375 0.785156 0.135329 0.061721 1.212026
1 0.025781 0.426758 0.111068 0.068697 -1.512890
1 0.511710 0.430515 0.123433 0.060818 1.494024
1 0.634375 0.827148 0.127552 0.058625 -0.202322
1 0.464844 0.588867 0.122219 0.060628 1.544828
1 0.628906 0.762695 0.128747 0.057294 -0.238936
0 0.817078 0.054920 0.100331 0.062705 1.474576
1 0.626105 0.689487 0.117198 0.060620 -0.013333
3 0.288281 0.798828 0.115625 0.060547 -1.570796
1 0.478093 0.763745 0.123587 0.056524 -1.532354
1 0.420312 0.775391 0.122345 0.056775 1.506781
1 0.464069 0.422062 0.114159 0.056673 1.529723
3 0.296094 0.629883 0.108513 0.058559 -1.556092
3 0.227344 0.801758 0.105399 0.058587 -1.555872
1 0.356236 0.779653 0.115636 0.052703 -1.557284
3 0.231250 0.634766 0.103125 0.058594 -1.570796
1 0.406250 0.612305 0.113471 0.052813 1.556512
3 0.560156 0.548828 0.101995 0.058723 -0.061461
0 0.704688 0.033203 0.090625 0.058594 -1.570796
3 0.601211 0.613256 0.093763 0.052792 -0.016665
