0 0.683633 0.885465 0.124662 0.078294 -1.531855
0 0.523397 0.919886 0.123477 0.074343 1.545485
0 0.262500 0.654297 0.121156 0.068431 -1.557464
0 0.251563 0.846680 0.124126 0.064370 -1.557639
0 0.260156 0.488281 0.112500 0.064453 -1.570796
0 0.672656 0.711914 0.109364 0.060484 1.482789
0 0.271804 0.335843 0.104588 0.062531 -1.539556
0 0.657813 0.528320 0.102520 0.060515 1.492830
0 0.492188 0.379883 0.098437 0.062500 -1.570796
0 0.629688 0.118164 0.095517 0.058594 1.504228
0 0.249051 0.991257 0.076895 0.070066 -1.510264
0 0.579688 0.241211 0.085938 0.062500 -1.570796
0 0.276320 0.036203 0.084529 0.062531 1.539557
0 0.648291 0.383527 0.090162 0.057961 1.423718
0 0.639803 0.253577 0.091710 0.055239 1.416852
0 0.276542 0.190877 0.092201 0.052793 1.553849
0 0.488281 0.087891 0.085215 0.054641 -1.551931
0 0.611719 0.010742 0.065273 0.049445 1.425486
