2 0.861719 0.704102 0.228504 0.079072 -0.980841
2 0.888435 0.833990 0.231888 0.076068 -1.001483
2 0.911872 0.947271 0.231888 0.076068 -1.001483
2 0.835156 0.571289 0.220863 0.079804 -1.037952
2 0.810937 0.469727 0.206545 0.078880 -0.922651
2 0.417187 0.854492 0.216800 0.070552 1.498459
2 0.539169 0.706728 0.202246 0.073923 1.376431
2 0.571981 0.952822 0.202246 0.073923 1.376431
2 0.322045 0.881729 0.223787 0.066084 1.514911
2 0.250170 0.893447 0.223787 0.066084 1.514911
2 0.491782 0.882424 0.212804 0.068018 1.438245
2 0.601562 0.702148 0.201769 0.071226 1.365720
2 0.645312 0.950195 0.201769 0.071226 1.365720
2 0.314879 0.626819 0.195369 0.070245 1.546801
2 0.542980 0.190564 0.180663 0.072686 1.466825
2 0.464205 0.626366 0.193807 0.066607 1.441441
2 0.828125 0.211914 0.192123 0.066468 1.471946
2 0.255471 0.223666 0.185036 0.068610 1.486253
2 0.628906 0.178711 0.181477 0.068564 1.448601
2 0.687500 0.172852 0.182411 0.066752 1.395619
2 0.318624 0.215830 0.177303 0.068218 1.506370
2 0.485156 0.200195 0.182458 0.064364 1.430139
2 0.427344 0.206055 0.182458 0.064364 1.430139
2 0.373519 0.210140 0.178809 0.062944 1.483301
2 0.753125 0.161133 0.167824 0.064442 1.504854
