2 0.193750 0.881836 0.227221 0.074052 -1.472522
1 0.867109 0.775250 0.198721 0.080102 1.546411
1 0.827344 0.249023 0.142886 0.064171 1.502720
1 0.209070 0.577018 0.134645 0.064483 -1.540503
1 0.224219 0.379883 0.143914 0.054920 -1.537101
1 0.254704 0.018230 0.126803 0.052875 -1.509146
1 0.685937 0.875000 0.093750 0.070312 -1.570796
1 0.241700 0.192357 0.128144 0.050900 -1.529154
0 0.082034 0.869414 0.098945 0.058232 0.271792
1 0.813281 0.066406 0.089173 0.056605 1.535097
3 0.094914 0.798908 0.085952 0.052584 0.018180
0 0.065754 0.949943 0.084965 0.051980 0.566729
0 0.832047 0.521654 0.080237 0.053058 1.453688
0 0.105469 0.610352 0.088407 0.046902 0.017855
0 0.112043 0.538464 0.084693 0.048681 0.521434
0 0.084063 0.678906 0.088045 0.043673 -0.463648
0 0.221875 0.710938 0.086532 0.043365 -0.618144
3 0.750000 0.920898 0.075747 0.048900 1.549523
0 0.612510 0.048386 0.067057 0.052766 1.546991
0 0.124371 0.371708 0.074010 0.047302 0.484478
0 0.049219 0.463867 0.079888 0.040779 -1.405648
0 0.043750 0.104492 0.069742 0.045919 -1.368475
0 0.129978 0.487628 0.075260 0.040063 0.726642
0 0.151562 0.143555 0.070338 0.042546 0.430693
0 0.132072 0.302575 0.077843 0.037832 0.671606
0 0.128906 0.182617 0.071096 0.039626 0.601074
0 0.166085 0.047768 0.068537 0.040876 0.422854
0 0.137621 0.237882 0.065121 0.039365 0.528074
0 0.166506 0.099067 0.055419 0.032655 0.375271
