2 0.340625 0.878906 0.275050 0.093275 0.330759
2 0.385156 0.754883 0.262426 0.097615 0.340616
2 0.402344 0.378906 0.259737 0.097501 0.372488
2 0.369531 0.476562 0.262663 0.095721 0.317948
2 0.292188 0.988281 0.257558 0.088491 0.373727
2 0.721983 0.152007 0.236181 0.084143 -1.190290
0 0.803272 0.894291 0.129008 0.061741 0.294937
0 0.855469 0.750000 0.123073 0.062889 0.435084
0 0.879687 0.673828 0.126644 0.059451 0.475011
0 0.906250 0.608398 0.111675 0.061289 0.375271
0 0.826377 0.815759 0.116131 0.056920 0.415492
