2 0.477344 0.205078 0.227669 0.083370 -0.537944
2 0.807813 0.486328 0.192699 0.074689 -0.583229
2 0.272656 0.956055 0.171556 0.067512 -0.632244
4 0.312500 0.333008 0.118651 0.079448 -0.549853
2 0.948438 0.370117 0.129306 0.058871 -0.566729
0 0.396094 0.860351 0.095383 0.050460 -0.597758
0 0.483157 0.784810 0.082734 0.050988 -0.600050
0 0.646094 0.085938 0.078442 0.049743 -0.684295
0 0.646094 0.637695 0.087003 0.043741 -0.566729
0 0.568894 0.709521 0.081039 0.046055 -0.593350
0 0.708594 0.034180 0.075842 0.045134 -0.612538
