4 0.832031 0.420898 0.108703 0.043234 -0.321750
4 0.702276 0.128968 0.087127 0.051105 1.478467
4 0.656250 0.127930 0.094979 0.046630 1.501940
4 0.857031 0.111328 0.091929 0.046731 1.373401
4 0.458852 0.132682 0.084854 0.048984 -1.490966
4 0.751563 0.122070 0.092491 0.044924 1.484802
4 0.507031 0.135742 0.092188 0.044922 -1.570796
4 0.607031 0.130859 0.090625 0.044922 -1.570796
1 0.830244 0.312701 0.081958 0.049449 1.412141
4 0.807031 0.120117 0.092505 0.043672 1.383367
1 0.885938 0.312500 0.083962 0.046731 1.373401
4 0.900000 0.114258 0.091411 0.042541 1.312544
4 0.917188 0.098633 0.091411 0.042541 1.312544
4 0.446875 0.320313 0.096645 0.039752 1.438245
1 0.934375 0.312500 0.081686 0.042384 1.405648
1 0.515651 0.345838 0.079749 0.042936 -1.531601
1 0.965625 0.270508 0.077991 0.038748 1.443824
1 0.978125 0.258789 0.077991 0.038748 1.443824
0 0.496459 0.511774 0.070330 0.041136 -0.022219
1 0.779550 0.321299 0.075146 0.033261 1.512041
