2 0.556250 0.772461 0.200017 0.078180 -0.551655
2 0.475781 0.298828 0.172102 0.069138 0.701091
2 0.528125 0.716797 0.168406 0.069535 -0.568287
2 0.459375 0.624023 0.164596 0.070318 -0.574305
2 0.491406 0.671875 0.165811 0.067537 -0.531724
2 0.272656 0.400391 0.174801 0.056250 -0.532644
2 0.396875 0.537109 0.157871 0.061125 -0.568287
2 0.425000 0.580078 0.157871 0.061125 -0.568287
2 0.362500 0.501953 0.155870 0.060155 -0.590918
2 0.331250 0.466797 0.153281 0.057291 -0.507098
2 0.696094 0.147461 0.139535 0.062836 0.700854
2 0.645312 0.175781 0.154845 0.054516 0.694738
2 0.264062 0.092773 0.132412 0.063456 0.691337
2 0.248438 0.359375 0.148084 0.055583 -0.536688
2 0.527344 0.261719 0.135043 0.058960 0.716542
2 0.303125 0.435547 0.155412 0.051043 -0.492486
2 0.613281 0.205078 0.135158 0.058546 0.714091
2 0.571094 0.236328 0.135158 0.058546 0.714091
2 0.347831 0.041980 0.148207 0.052928 0.729457
2 0.390018 0.016589 0.148207 0.052928 0.729457
2 0.210156 0.314453 0.156525 0.049787 -0.463648
2 0.114063 0.207031 0.150362 0.050462 -0.443946
2 0.079687 0.167969 0.150362 0.050462 -0.443946
2 0.051562 0.138672 0.150362 0.050462 -0.443946
2 0.174219 0.276367 0.150719 0.049155 -0.488033
2 0.144531 0.247070 0.150719 0.049155 -0.488033
2 0.307812 0.067383 0.125553 0.058731 0.727770
2 0.778125 0.092773 0.137378 0.053659 0.669257
2 0.742188 0.120117 0.131624 0.055266 0.656487
2 0.023438 0.078125 0.152430 0.047159 -0.342296
2 0.864062 0.042969 0.131015 0.047571 0.633426
2 0.821875 0.068359 0.131015 0.047571 0.633426
