4 0.406981 0.713901 0.131035 0.060179 -0.496423
0 0.457726 0.986692 0.111241 0.067432 -0.174672
0 0.445312 0.897461 0.109769 0.057728 -0.266252
0 0.420781 0.824023 0.108703 0.058057 -0.321750
0 0.106056 0.652087 0.099301 0.059754 1.376555
0 0.169026 0.631262 0.097772 0.055423 1.325818
0 0.235408 0.607570 0.094799 0.054662 1.421906
0 0.037156 0.664925 0.084832 0.057123 1.365401
0 0.296956 0.310028 0.094399 0.050206 1.353923
0 0.309375 0.598633 0.091315 0.051586 1.334551
0 0.238281 0.323242 0.090696 0.049440 1.431356
0 0.351663 0.277787 0.086916 0.050706 1.294990
0 0.139313 0.333386 0.081160 0.052116 1.343997
0 0.083331 0.351459 0.082451 0.049449 1.412141
0 0.031250 0.370117 0.085768 0.045046 1.307802
0 0.439063 0.558594 0.073721 0.046952 1.289564
