0 0.407031 0.643555 0.140787 0.070402 -0.078490
0 0.414844 0.457031 0.136539 0.064449 -0.011494
0 0.411271 0.744122 0.128135 0.068402 0.012195
0 0.403906 0.031250 0.120313 0.070312 -0.000000
0 0.411231 0.102643 0.119007 0.070674 -0.065695
0 0.414395 0.196308 0.125010 0.066450 -0.012499
0 0.412500 0.942383 0.131243 0.062553 -0.109319
0 0.403475 0.848653 0.118760 0.066452 -0.013157
0 0.397656 0.374023 0.133393 0.058518 -0.012194
0 0.407813 0.284180 0.115625 0.064453 0.000000
0 0.406250 0.555664 0.114896 0.062190 -0.099669
0 0.199219 0.343750 0.116891 0.058868 1.529154
3 0.185937 0.113281 0.124469 0.052780 1.557976
3 0.192969 0.746094 0.107221 0.056744 1.100392
