2 0.409161 0.664956 0.175869 0.076269 -1.379612
2 0.128348 0.205927 0.167997 0.073844 0.088789
2 0.751563 0.403320 0.173357 0.068092 0.105377
2 0.621875 0.196289 0.164499 0.070561 0.177229
2 0.153125 0.040039 0.152808 0.066656 0.072040
2 0.765735 0.299508 0.174161 0.050080 0.162199
2 0.799219 0.216797 0.168997 0.050134 0.179015
2 0.747687 0.343477 0.176114 0.047785 0.141897
2 0.780469 0.262695 0.190672 0.042733 0.159647
2 0.264089 0.678471 0.128363 0.063097 -0.060900
2 0.141891 0.153390 0.165130 0.045075 0.113792
0 0.053125 0.967773 0.094039 0.067171 0.055499
0 0.622179 0.996161 0.100012 0.048700 0.015624
0 0.303525 0.979362 0.087848 0.055166 0.089050
0 0.738281 0.994141 0.089816 0.052726 0.017542
0 0.746875 0.673828 0.088267 0.052726 0.017855
0 0.087042 0.646559 0.086065 0.050706 0.054491
0 0.939844 0.987305 0.097510 0.043649 -0.146484
0 0.185156 0.985352 0.088355 0.047054 0.019228
0 0.001562 0.643555 0.080123 0.050613 0.081452
0 0.935156 0.677734 0.085937 0.042969 -0.000000
0 0.644274 0.647179 0.072130 0.042335 0.854683
0 0.508242 0.994132 0.079703 0.044913 0.019605
0 0.167187 0.641602 0.068219 0.048586 -0.418224
0 0.848437 0.673828 0.068750 0.046875 0.000000
0 0.260156 0.500977 0.063071 0.048658 -1.518213
0 0.511045 0.128599 0.070322 0.043392 0.412410
0 0.412031 0.989292 0.062520 0.046958 0.024995
0 0.278906 0.609375 0.056250 0.048828 -1.570796
0 0.633741 0.524342 0.057858 0.047390 -1.480136
0 0.322656 0.599609 0.059765 0.044622 1.339706
0 0.577785 0.628421 0.050897 0.044611 1.184460
0 0.524519 0.095913 0.064745 0.036907 0.344647
0 0.062500 0.370117 0.047749 0.047486 -1.366778
0 0.226342 0.624943 0.048513 0.045041 1.310194
0 0.530292 0.615656 0.053331 0.034849 1.482789
