0 0.745313 0.905762 0.077373 0.047754 -0.019989
0 0.739286 0.767564 0.077350 0.043978 -0.009258
0 0.741655 0.453889 0.063139 0.042094 -0.052439
0 0.744219 0.815426 0.068432 0.036176 -0.033500
0 0.632812 0.884766 0.066520 0.044861 1.546411
0 0.724219 0.616211 0.071875 0.041016 0.000000
0 0.746911 0.953121 0.067478 0.043146 -0.092756
0 0.730469 0.723633 0.075390 0.037159 -0.041643
0 0.264067 0.826064 0.070382 0.039111 -1.526381
0 0.732723 0.576090 0.070382 0.038937 -0.044415
0 0.275782 0.410156 0.071185 0.037285 0.023805
0 0.355034 0.406285 0.067206 0.037190 -0.023252
0 0.729405 0.652357 0.073454 0.033237 0.021273
0 0.616407 0.631836 0.060937 0.039062 -1.570796
0 0.745313 0.996094 0.071302 0.033238 0.022219
0 0.300781 0.478516 0.065922 0.035209 -0.047583
0 0.378606 0.478441 0.053148 0.040883 -0.029403
0 0.714063 0.568359 0.057939 0.035210 -0.054001
0 0.191554 0.331699 0.050385 0.040217 0.507099
0 0.200445 0.386522 0.051015 0.037747 0.698660
0 0.829687 0.346680 0.054151 0.035152 1.173717
0 0.814063 0.344727 0.054151 0.035152 1.173717
0 0.047265 0.382812 0.058594 0.031250 0.000000
0 0.858603 0.346862 0.052144 0.035088 1.508378
0 0.613993 0.881243 0.059396 0.029133 -1.544487
0 0.202433 0.289833 0.059358 0.027590 0.499347
3 0.903953 0.110341 0.045016 0.035274 1.385448
0 0.617188 0.701172 0.046875 0.031250 -1.570796
0 0.218750 0.201172 0.043080 0.025303 0.844154
0 0.204687 0.195312 0.043080 0.025303 0.844154
0 0.126575 0.161487 0.034410 0.027404 1.525373
