0 0.897177 0.882203 0.107764 0.057257 -0.110991
0 0.992236 0.870677 0.095689 0.058815 -0.150770
0 0.885076 0.786149 0.094877 0.064172 -0.156602
0 0.611109 0.738254 0.096881 0.057675 0.007812
0 0.839062 0.613281 0.092352 0.056429 -0.082575
0 0.972812 0.768680 0.091157 0.059091 -0.159352
0 0.940656 0.649217 0.089107 0.047987 -0.049958
0 0.604047 0.614521 0.092518 0.050435 0.084544
0 0.759375 0.124023 0.082225 0.055507 -0.136402
3 0.808594 0.468750 0.082812 0.054688 -0.000000
0 0.825000 0.555664 0.085191 0.051392 -0.059928
0 0.134241 0.499202 0.079932 0.054520 -1.492525
0 0.874219 0.734375 0.086287 0.050152 -0.079830
0 0.592810 0.489242 0.076817 0.052877 0.081452
0 0.606250 0.693359 0.096350 0.041042 -0.016392
0 0.580469 0.528320 0.083728 0.046651 -0.097727
0 0.648251 0.956073 0.078001 0.048984 -0.079830
0 0.577810 0.330036 0.086164 0.042997 -0.072599
0 0.586734 0.568718 0.081220 0.041267 -0.052583
0 0.874274 0.689165 0.075065 0.043582 -0.041643
0 0.594008 0.655404 0.078375 0.040885 -0.079830
0 0.951031 0.681655 0.076778 0.040965 -0.021273
0 0.955221 0.725782 0.072702 0.043067 -0.151015
0 0.829688 0.517578 0.078125 0.039062 -0.000000
0 0.657031 1.003906 0.083222 0.035596 -0.114877
