4 0.531702 0.114276 0.148511 0.097669 0.031568
0 0.492344 0.855078 0.140040 0.078385 -0.613207
3 0.735156 0.957031 0.145193 0.070156 -0.674741
0 0.511427 0.417784 0.126292 0.075956 -0.293869
0 0.497539 0.220607 0.128591 0.072336 0.085159
3 0.706461 0.378764 0.141852 0.063551 -0.863365
3 0.721724 0.623216 0.138323 0.065040 -0.729457
0 0.715922 0.857082 0.129697 0.066001 -0.382744
0 0.491495 0.738183 0.126988 0.065655 -0.530216
0 0.738281 0.218750 0.124426 0.061876 -0.711459
0 0.505976 0.532121 0.117562 0.064871 0.079830
0 0.724279 0.493765 0.112673 0.066629 -0.588003
0 0.826832 0.121843 0.112771 0.066111 -0.069333
0 0.497656 0.627930 0.124164 0.059219 -0.399781
0 0.495312 0.990234 0.111989 0.063917 -0.724250
3 0.500597 0.321539 0.108535 0.064137 -0.399221
0 0.740625 0.723633 0.107171 0.064910 -0.785398
0 0.869273 0.040927 0.105205 0.057177 -0.135528
