0 0.017521 0.822420 0.110202 0.062425 -0.633584
0 0.014290 0.915059 0.113752 0.063690 -0.648996
0 0.018702 0.471626 0.106434 0.064457 -0.058756
0 0.016044 0.629903 0.107824 0.062465 -0.014492
1 0.363016 0.794805 0.108597 0.051824 -1.455844
0 0.551563 0.938477 0.106434 0.060578 1.541393
0 0.371069 0.601137 0.104710 0.054760 -1.556308
0 0.021094 0.552734 0.107813 0.054688 0.000000
3 0.028906 0.698242 0.101562 0.056641 -0.000000
0 0.431250 0.057129 0.098641 0.051727 1.546732
0 0.028906 0.414062 0.100855 0.056695 -0.015872
0 0.365462 0.235810 0.105602 0.050903 1.530160
0 0.365201 0.390458 0.102927 0.050942 1.531631
0 0.021875 0.345703 0.088036 0.056116 0.149812
0 0.043750 0.060547 0.087500 0.046875 0.000000
0 0.037500 0.039062 0.087500 0.046875 0.000000
0 0.026202 0.997371 0.068471 0.049295 -0.588003
