1 0.652824 0.706761 0.153634 0.086765 0.081452
1 0.144531 0.718750 0.153302 0.082836 0.219795
1 0.112675 0.778585 0.152021 0.083470 0.217554
1 0.379688 0.844727 0.155031 0.081389 -1.308187
1 0.523810 0.872251 0.163765 0.075826 -1.446441
1 0.452564 0.857158 0.152360 0.080290 -1.352127
4 0.421094 0.466797 0.138064 0.084985 0.190435
1 0.310937 0.832031 0.142082 0.079560 -1.320353
1 0.180469 0.602539 0.149890 0.070083 0.191184
1 0.262500 0.427734 0.138666 0.074221 0.174672
1 0.340625 0.643555 0.152018 0.066619 0.191184
1 0.535937 0.529297 0.128078 0.074242 0.345556
1 0.197656 0.543945 0.155069 0.061287 0.161621
1 0.595898 0.874464 0.138217 0.066260 -1.468878
1 0.238281 0.832031 0.137489 0.066586 -1.237552
1 0.354687 0.592773 0.147599 0.060819 0.146666
1 0.167969 0.661133 0.141571 0.061286 0.197396
1 0.749219 0.390625 0.113527 0.073545 -1.376111
1 0.697568 0.598547 0.127523 0.065164 -1.447961
1 0.514063 0.580078 0.139359 0.058503 0.281479
1 0.379688 0.180664 0.101341 0.076707 -1.395204
1 0.226563 0.492188 0.135361 0.056980 0.148890
1 0.391406 0.316406 0.109150 0.069908 -1.267911
0 0.366601 0.413151 0.121283 0.062528 0.260602
1 0.929182 0.427425 0.117396 0.064157 -1.396895
1 0.760489 0.614224 0.114326 0.064571 -1.510264
1 0.771565 0.255935 0.106576 0.067610 -1.442473
1 0.567619 0.360124 0.108005 0.065384 -1.322309
1 0.277344 0.297852 0.107807 0.063994 -1.210230
1 0.453906 0.330078 0.106233 0.064851 -1.249046
1 0.452344 0.079102 0.105243 0.065167 -1.170003
1 0.990321 0.439077 0.111761 0.061329 -1.410883
1 0.432812 0.191406 0.100829 0.067653 -1.452704
1 0.689063 0.384766 0.107886 0.062149 -1.385448
1 0.510938 0.343750 0.102270 0.065478 -1.258754
1 0.657972 0.232675 0.106983 0.062528 -1.453688
1 0.998449 0.295578 0.109475 0.060575 -1.527965
0 0.890625 0.693359 0.098418 0.067336 -1.294699
1 0.810279 0.405923 0.106983 0.061273 -1.453688
1 0.868524 0.417850 0.102757 0.062664 -1.418147
1 0.336719 0.309570 0.106704 0.060339 -1.210230
0 0.695312 0.919922 0.104450 0.060116 -1.178456
1 0.486719 0.201172 0.099906 0.062765 -1.460139
1 0.550373 0.218746 0.099670 0.062340 -1.413379
1 0.631377 0.377956 0.098639 0.062934 -1.405648
1 0.321875 0.185547 0.089927 0.065469 -1.249046
1 0.713281 0.248047 0.099644 0.058662 -1.458369
1 0.500781 0.087891 0.098596 0.059215 -1.243396
1 0.402344 0.065430 0.098683 0.055969 -1.170556
1 0.757132 0.140429 0.089721 0.060410 -1.464061
1 0.557813 0.098633 0.094500 0.057115 -1.225241
1 0.707812 0.130859 0.088358 0.058664 -1.384309
1 0.606250 0.108398 0.092650 0.055551 -1.243396
1 0.653906 0.115234 0.089808 0.056518 -1.462135
0 0.047656 0.250000 0.095003 0.050636 0.220494
0 0.060156 0.206055 0.093093 0.047372 0.183111
0 0.106250 0.118164 0.089813 0.047240 0.122195
0 0.831943 0.624781 0.075793 0.051095 -1.425984
0 0.762152 0.018575 0.077200 0.047199 1.144169
0 0.081250 0.158203 0.086207 0.042072 0.168207
0 0.708594 0.018555 0.078422 0.037617 1.125495
