0 0.742869 0.885911 0.107034 0.065783 1.418147
0 0.198535 0.968759 0.087959 0.064221 -1.355981
0 0.738281 0.639648 0.084253 0.056824 -1.532354
0 0.214844 0.858398 0.090849 0.047415 -1.338692
0 0.720313 0.452148 0.080594 0.051840 1.419781
0 0.753828 0.992871 0.074610 0.053116 1.249046
0 0.247583 0.502495 0.078265 0.047142 -1.510868
0 0.309534 0.006929 0.066082 0.050210 -1.349482
0 0.257031 0.407227 0.075531 0.042489 -1.369034
0 0.682031 0.153320 0.064062 0.048828 -1.570796
0 0.271094 0.318359 0.067396 0.045575 -1.428899
0 0.280469 0.225586 0.068698 0.042653 -1.449444
0 0.708645 0.364688 0.063199 0.045294 1.421906
0 0.725667 0.539014 0.067838 0.041702 1.432157
0 0.706285 0.285976 0.059457 0.043115 1.518213
0 0.696858 0.087735 0.058338 0.041431 1.436475
0 0.289844 0.147461 0.057030 0.035253 -1.542233
