0 0.960937 0.982422 0.105690 0.046410 0.063407
0 0.845312 0.906250 0.105690 0.046410 0.063407
0 0.854687 0.970703 0.105690 0.046410 0.063407
0 0.750000 0.972656 0.105690 0.046410 0.063407
0 0.747346 0.843772 0.098450 0.048791 -0.015872
0 0.847346 0.849631 0.098450 0.048791 -0.015872
0 0.650471 0.962912 0.098450 0.048791 -0.015872
0 0.648909 0.847678 0.098450 0.048791 -0.015872
0 0.945784 0.847678 0.098450 0.048791 -0.015872
0 0.444379 0.723658 0.096925 0.048803 0.032247
0 0.926563 0.489258 0.097492 0.046869 0.016128
0 0.647656 0.901367 0.093634 0.048588 0.035699
0 0.741406 0.907227 0.093634 0.048588 0.035699
0 0.935937 0.794922 0.096875 0.046875 0.000000
0 0.837500 0.796875 0.096875 0.046875 0.000000
0 0.734375 0.792969 0.096875 0.046875 0.000000
0 0.637500 0.794922 0.096875 0.046875 0.000000
0 0.255264 0.733516 0.096925 0.044710 0.032247
0 0.267764 0.624141 0.096925 0.044710 0.032247
0 0.158389 0.755001 0.096925 0.044710 0.032247
0 0.170889 0.641719 0.096925 0.044710 0.032247
0 0.643750 0.741211 0.091285 0.046868 0.017240
0 0.742188 0.743164 0.091285 0.046868 0.017240
0 0.835938 0.747070 0.091285 0.046868 0.017240
0 0.835938 0.688477 0.091285 0.046868 0.017240
0 0.932813 0.682617 0.091285 0.046868 0.017240
0 0.743750 0.692383 0.091285 0.046868 0.017240
0 0.650000 0.688477 0.091285 0.046868 0.017240
0 0.650000 0.594727 0.091285 0.046868 0.017240
0 0.743750 0.594727 0.091285 0.046868 0.017240
0 0.834375 0.592773 0.091285 0.046868 0.017240
0 0.839063 0.639648 0.091285 0.046868 0.017240
0 0.931250 0.635742 0.091285 0.046868 0.017240
0 0.926562 0.588867 0.091285 0.046868 0.017240
0 0.920313 0.536133 0.091285 0.046868 0.017240
0 0.457636 0.862908 0.092834 0.045990 0.118092
0 0.822656 0.538086 0.091157 0.046810 0.052583
0 0.725781 0.538086 0.091157 0.046810 0.052583
0 0.635156 0.541992 0.091157 0.046810 0.052583
0 0.832031 0.485352 0.091157 0.046810 0.052583
0 0.732031 0.485352 0.091157 0.046810 0.052583
0 0.650781 0.440430 0.091157 0.046810 0.052583
0 0.443750 0.775391 0.090625 0.046875 0.000000
0 0.362500 0.861328 0.090625 0.046875 0.000000
0 0.265625 0.867188 0.090625 0.046875 0.000000
0 0.251563 0.929688 0.090625 0.046875 0.000000
0 0.152617 0.924779 0.098450 0.043025 0.015872
0 0.438554 0.977514 0.098450 0.043025 0.015872
0 0.152617 0.979467 0.098450 0.043025 0.015872
0 0.251054 0.983373 0.098450 0.043025 0.015872
0 0.346367 0.979467 0.098450 0.043025 0.015872
0 0.347431 0.726522 0.096925 0.043072 0.032247
0 0.067969 0.194336 0.091750 0.045301 0.137066
0 0.934375 0.275391 0.086193 0.046915 0.036348
0 0.934375 0.228516 0.086193 0.046915 0.036348
0 0.752344 0.281250 0.085938 0.046875 0.000000
0 0.741406 0.438477 0.089063 0.044922 0.000000
0 0.833594 0.438477 0.089063 0.044922 0.000000
0 0.822656 0.387695 0.089063 0.044922 0.000000
0 0.913281 0.391602 0.089063 0.044922 0.000000
0 0.735156 0.383789 0.089063 0.044922 0.000000
0 0.663281 0.280273 0.089063 0.044922 0.000000
0 0.361719 0.475586 0.091598 0.043031 0.017542
0 0.274219 0.473633 0.091598 0.043031 0.017542
0 0.277344 0.420898 0.091598 0.043031 0.017542
0 0.180469 0.471680 0.091598 0.043031 0.017542
0 0.191406 0.424805 0.091598 0.043031 0.017542
0 0.447656 0.518555 0.091598 0.043031 0.017542
0 0.269531 0.518555 0.091598 0.043031 0.017542
0 0.363281 0.622070 0.091598 0.043031 0.017542
0 0.347656 0.672852 0.091598 0.043031 0.017542
0 0.442969 0.670898 0.091598 0.043031 0.017542
0 0.439844 0.569336 0.091598 0.043031 0.017542
0 0.357031 0.569336 0.091598 0.043031 0.017542
0 0.353906 0.522461 0.091598 0.043031 0.017542
0 0.264844 0.573242 0.091598 0.043031 0.017542
0 0.171094 0.586914 0.091598 0.043031 0.017542
0 0.076563 0.059570 0.082345 0.047022 0.057628
0 0.079687 0.104492 0.082345 0.047022 0.057628
0 0.837861 0.284170 0.081265 0.046904 0.019228
0 0.513281 0.085937 0.085937 0.042969 -0.000000
0 0.513281 0.132812 0.085937 0.042969 -0.000000
0 0.367969 0.421875 0.085937 0.042969 -0.000000
0 0.453906 0.421875 0.085937 0.042969 -0.000000
0 0.455469 0.378906 0.085937 0.042969 -0.000000
0 0.372656 0.371094 0.085937 0.042969 -0.000000
0 0.505469 0.267578 0.085937 0.042969 -0.000000
0 0.507031 0.222656 0.085937 0.042969 -0.000000
0 0.510156 0.177734 0.085937 0.042969 -0.000000
0 0.285156 0.375000 0.085937 0.042969 -0.000000
0 0.252344 0.269531 0.085937 0.042969 -0.000000
0 0.192969 0.371094 0.085937 0.042969 -0.000000
0 0.053125 0.241211 0.081850 0.045089 0.076772
0 0.661719 0.106445 0.085291 0.043073 0.019228
0 0.426563 0.092773 0.080578 0.043038 0.019997
0 0.423438 0.229492 0.080578 0.043038 0.019997
0 0.264062 0.092773 0.080578 0.043038 0.019997
0 0.343750 0.055664 0.080578 0.043038 0.019997
0 0.254688 0.053711 0.080578 0.043038 0.019997
0 0.423438 0.186523 0.080578 0.043038 0.019997
0 0.332813 0.227539 0.080578 0.043038 0.019997
0 0.340625 0.182617 0.080578 0.043038 0.019997
0 0.259375 0.178711 0.080578 0.043038 0.019997
0 0.243750 0.223633 0.080578 0.043038 0.019997
0 0.426563 0.051758 0.080578 0.043038 0.019997
0 0.509375 0.045898 0.080578 0.043038 0.019997
0 0.429688 0.010742 0.080578 0.043038 0.019997
0 0.260938 0.004883 0.080578 0.043038 0.019997
0 0.343750 0.012695 0.080578 0.043038 0.019997
0 0.429688 0.133789 0.080578 0.043038 0.019997
0 0.354687 0.135742 0.080578 0.043038 0.019997
0 0.268750 0.133789 0.080578 0.043038 0.019997
0 0.346875 0.090820 0.080578 0.043038 0.019997
0 0.844816 0.231434 0.085952 0.039092 0.018180
0 0.755753 0.231434 0.085952 0.039092 0.018180
0 0.667488 0.229481 0.081265 0.039093 0.019228
0 0.656551 0.192371 0.081265 0.039093 0.019228
0 0.744051 0.192371 0.081265 0.039093 0.019228
0 0.836238 0.186512 0.081265 0.039093 0.019228
0 0.923738 0.180653 0.081265 0.039093 0.019228
0 0.837801 0.145496 0.081265 0.039093 0.019228
0 0.656551 0.149403 0.081265 0.039093 0.019228
0 0.756551 0.059559 0.081265 0.039093 0.019228
0 0.661238 0.059559 0.081265 0.039093 0.019228
0 0.836238 0.096668 0.081265 0.039093 0.019228
0 0.747176 0.102528 0.081265 0.039093 0.019228
0 0.753426 0.018543 0.081265 0.039093 0.019228
0 0.839363 0.012684 0.081265 0.039093 0.019228
0 0.672176 0.014637 0.081265 0.039093 0.019228
0 0.923738 0.137684 0.081265 0.039093 0.019228
0 0.745613 0.143543 0.081265 0.039093 0.019228
0 0.834676 0.053699 0.081265 0.039093 0.019228
0 0.922176 0.090809 0.081265 0.039093 0.019228
