0 0.491590 0.443633 0.099670 0.046908 -0.157417
0 0.131903 0.578909 0.080623 0.056266 0.876058
0 0.983734 0.496637 0.078506 0.055670 -0.114877
0 0.277366 0.543409 0.079703 0.054754 1.551191
0 0.195065 0.564169 0.076307 0.051111 0.741947
0 0.071875 0.576172 0.079604 0.047539 0.845930
0 0.012312 0.595566 0.070849 0.052723 0.847817
0 0.757812 0.504883 0.087148 0.042710 0.957026
0 0.578125 0.519531 0.081411 0.043202 0.960070
0 0.478906 0.118164 0.078457 0.041739 -0.161837
0 0.325807 0.534623 0.068768 0.046952 1.548073
0 0.491473 0.369178 0.075065 0.042931 -0.041643
0 0.490625 0.319336 0.081744 0.039257 -0.095859
0 0.483997 0.174084 0.080919 0.039147 -0.174672
0 0.481164 0.267748 0.080662 0.039196 -0.155595
0 0.464304 0.544067 0.075648 0.040583 0.902507
0 0.478965 0.066891 0.078340 0.039111 -0.049958
0 0.525000 0.537109 0.079789 0.037690 0.857736
0 0.487038 0.012707 0.076578 0.039094 -0.020405
0 0.488750 0.221666 0.071996 0.041005 -0.022219
0 0.698047 0.511230 0.067396 0.041432 0.785398
0 0.601552 0.383325 0.062520 0.041003 -1.545802
0 0.641406 0.519531 0.062895 0.034537 0.856706
