0 0.064062 0.721192 0.135230 0.069325 -0.665289
0 0.086718 0.954102 0.137966 0.072356 0.271600
0 0.940413 0.745530 0.130042 0.071034 -0.731028
0 0.240028 0.830460 0.131846 0.066477 0.187456
0 0.835402 0.695374 0.134819 0.067093 -0.562285
3 0.748208 0.804515 0.136663 0.065652 0.540419
0 0.771900 0.347873 0.131519 0.067848 0.415812
0 0.902344 0.243165 0.128031 0.067881 0.389918
0 0.977343 0.197266 0.126726 0.067406 0.345556
0 0.863672 0.024414 0.123101 0.067909 -0.661822
0 0.720620 0.416116 0.142119 0.058751 0.255645
0 0.212237 0.601121 0.130448 0.060147 -0.597969
0 0.596087 0.527199 0.127101 0.060314 0.364526
0 0.455616 0.655700 0.121081 0.060465 0.301345
0 0.963242 0.844928 0.110298 0.066349 -0.743756
0 0.695058 0.168835 0.119076 0.061329 -0.649870
0 0.316406 0.772461 0.120556 0.060041 0.343024
0 0.588867 0.261611 0.113063 0.061298 -0.534955
3 0.471945 0.363896 0.104454 0.064977 -0.604599
0 0.650000 0.467773 0.117857 0.054949 0.244979
0 0.175000 0.895508 0.106167 0.059888 0.302885
0 0.377538 0.705185 0.110741 0.050706 0.273009
