0 0.237611 0.932605 0.153769 0.082402 -0.091580
0 0.404336 0.918493 0.142316 0.081957 -0.154319
0 0.083594 0.701172 0.153843 0.074289 -0.082288
0 0.776463 0.738129 0.143962 0.076590 -0.054294
0 0.075000 0.965820 0.147184 0.074109 -0.054294
0 0.400781 0.578125 0.139063 0.078125 -0.000000
0 0.244531 0.680664 0.145659 0.074107 -0.054890
0 0.941406 0.906250 0.145313 0.074219 -0.000000
0 0.403871 0.834088 0.139772 0.076768 -0.100781
0 0.785679 0.828239 0.142736 0.074276 -0.087687
0 0.243913 0.845614 0.145724 0.072648 -0.075127
0 0.091318 0.870582 0.149429 0.069846 -0.115276
0 0.756356 0.566037 0.130625 0.079433 -0.119904
0 0.871817 0.991746 0.142170 0.072706 -0.030294
0 0.267210 0.758917 0.140321 0.072661 -0.134023
0 0.938281 0.819336 0.143427 0.070746 -0.034870
0 0.254688 0.293945 0.137500 0.072266 0.000000
0 0.791257 0.914166 0.141179 0.070382 -0.088656
0 0.401933 0.660119 0.137137 0.072344 -0.081216
0 0.413409 0.743254 0.143043 0.068590 -0.109451
0 0.124161 0.781308 0.142402 0.068578 -0.054890
0 0.254688 0.592773 0.141430 0.068554 0.044914
0 0.396875 0.500000 0.137022 0.070686 -0.069654
0 0.749219 0.496094 0.138221 0.068766 -0.080287
0 0.722566 0.276061 0.131841 0.070384 -0.088007
0 0.758517 0.651240 0.122185 0.075132 -0.143739
0 0.389057 0.352316 0.126689 0.072125 -0.028564
0 0.253906 0.209961 0.132812 0.068359 0.000000
0 0.919531 0.556641 0.144906 0.061773 -0.081216
0 0.257074 0.516510 0.133042 0.066639 -0.060532
0 0.711406 0.204087 0.125579 0.061406 -0.081725
0 0.733594 0.418945 0.126767 0.069543 -0.127509
0 0.641713 0.550505 0.124309 0.070556 1.487655
0 0.935653 0.633796 0.137509 0.062518 0.011363
0 0.253906 0.367188 0.133435 0.064425 -0.011904
0 0.249567 0.440409 0.132959 0.064565 -0.047024
0 0.953406 0.711959 0.131584 0.064707 -0.071307
0 0.388281 0.200195 0.110937 0.076172 0.000000
0 0.391490 0.270651 0.118815 0.071099 -0.093477
0 0.378454 0.074262 0.123793 0.066511 -0.075804
0 0.396094 0.427734 0.126901 0.064449 -0.062419
0 0.629427 0.376842 0.117131 0.069357 1.401018
0 0.247418 0.074267 0.121965 0.066357 -0.038443
0 0.248438 0.146484 0.128125 0.062500 0.000000
0 0.889844 0.404297 0.130057 0.060913 -0.061650
0 0.377344 0.005859 0.122438 0.064326 -0.039453
0 0.728906 0.350586 0.127640 0.061539 -0.125913
0 0.696436 0.055328 0.123081 0.063797 -0.140102
0 0.879687 0.333008 0.131783 0.058840 -0.060168
0 0.978906 0.177734 0.120726 0.064042 -0.136139
0 0.900781 0.471680 0.126562 0.060547 -0.000000
0 0.699219 0.135742 0.119273 0.062956 -0.093064
0 0.602928 0.223217 0.110155 0.067432 1.396124
0 0.251563 0.012696 0.120313 0.060547 0.000000
0 0.853906 0.196289 0.119698 0.058641 -0.013333
0 0.385937 0.137695 0.120723 0.056724 -0.026310
0 0.838281 0.066406 0.118309 0.056332 -0.139925
0 0.840717 0.125400 0.117441 0.056674 -0.034469
0 0.589025 0.084530 0.102150 0.064919 1.463517
0 0.998296 0.244341 0.109431 0.059066 -0.172191
0 0.962800 0.111265 0.113531 0.055550 -0.167432
0 1.015181 0.314750 0.106640 0.057092 -0.191649
0 0.957374 0.052992 0.112511 0.052024 -0.167432
