0 0.319531 0.805664 0.109196 0.052336 -1.539061
0 0.868724 0.744522 0.088145 0.060454 1.515298
0 0.331447 0.662826 0.085187 0.060830 -1.474323
0 0.842608 0.615451 0.082875 0.056757 1.517276
0 0.314062 0.935547 0.092888 0.052766 -1.519993
0 0.829687 0.500000 0.084630 0.055219 1.458069
0 0.340625 0.442383 0.082212 0.048498 -1.509648
0 0.360075 0.251824 0.077320 0.049178 -1.451367
0 0.340303 0.544290 0.073101 0.050931 -1.494024
0 0.381250 0.010742 0.064353 0.052579 -1.494024
0 0.803700 0.229539 0.068619 0.046468 1.390943
0 0.822832 0.400598 0.062613 0.049178 1.451367
