0 0.794466 0.670027 0.123625 0.048581 0.281772
0 0.472462 0.785748 0.091943 0.053738 -1.237552
0 0.987500 0.990234 0.098615 0.050050 -1.254227
0 0.934693 0.963730 0.092913 0.053078 -1.227772
0 0.501563 0.605469 0.095880 0.051326 0.554996
0 0.790625 0.908203 0.091860 0.053120 -1.292497
0 0.926562 0.663086 0.100098 0.045930 0.256517
0 0.885122 0.951313 0.092939 0.048827 -1.280950
0 0.682126 0.631967 0.093757 0.048239 0.372988
0 0.748828 0.887207 0.091410 0.049411 -1.249046
0 0.696094 0.879883 0.094496 0.047542 -1.264917
0 0.958474 0.830734 0.095314 0.045721 -1.222025
0 0.394182 0.272855 0.095834 0.045091 0.308053
0 0.171094 0.818359 0.102478 0.042047 0.346136
0 0.614140 0.541385 0.100802 0.042596 0.331554
0 0.965625 0.608398 0.097269 0.043220 0.296115
0 1.007813 0.847656 0.093843 0.044747 -1.299849
0 0.823293 0.783136 0.089822 0.045914 -1.217806
0 0.144685 0.886577 0.090746 0.045265 0.051678
0 0.559894 0.830598 0.088929 0.045810 -1.234122
0 0.776628 0.539409 0.090423 0.044482 0.316286
0 0.650000 0.850586 0.096094 0.041832 -1.297137
0 0.642845 0.712347 0.092913 0.043224 -1.227772
0 0.517508 0.811117 0.085038 0.047084 -1.214176
0 0.690085 0.728668 0.086968 0.045758 -1.260409
0 0.914144 0.809176 0.093607 0.042154 -1.317721
0 0.841252 0.924113 0.085970 0.045721 -1.222025
0 0.773667 0.768382 0.089814 0.043581 -1.325818
0 0.492604 0.428989 0.085569 0.045721 0.348771
0 0.281077 0.854269 0.090274 0.043068 0.409437
0 0.353906 0.516602 0.092892 0.040764 0.321751
0 0.600328 0.840468 0.089949 0.042070 -1.271020
0 0.377267 0.372983 0.096850 0.038852 0.311547
0 0.484407 0.932510 0.093450 0.039547 -1.212026
0 0.682813 0.500000 0.095040 0.038880 0.316286
0 0.452082 0.533108 0.090318 0.040781 0.283096
0 0.540059 0.536191 0.089445 0.040840 -1.232473
0 0.864724 0.570538 0.087639 0.041368 -0.197395
0 0.907102 0.710968 0.097340 0.037057 0.326827
0 0.458080 0.487918 0.092874 0.038774 0.220494
0 0.669926 0.995647 0.081039 0.044436 -1.236851
0 0.389062 0.322266 0.091740 0.039098 0.360837
0 0.528906 0.943359 0.092068 0.038915 -1.259798
0 0.626563 0.974609 0.081461 0.043231 -1.236851
0 0.867414 0.797646 0.080344 0.043605 -1.335251
0 0.285978 0.337909 0.084505 0.041386 0.339293
0 0.586560 0.463131 0.089949 0.038338 0.299776
0 0.300168 0.286354 0.085646 0.039415 0.270947
0 0.282031 0.388672 0.094480 0.035410 0.354706
0 0.599029 0.695232 0.085653 0.038872 -1.312544
0 0.353906 0.461914 0.090955 0.036093 0.258252
0 0.260156 0.436523 0.087335 0.037357 0.380506
0 0.573227 0.973398 0.075600 0.042587 -1.255582
0 0.730469 0.749023 0.087570 0.036487 -1.299849
0 0.713281 0.583008 0.086796 0.036450 0.315970
0 0.552160 0.684513 0.084509 0.036949 -1.325818
0 0.133857 0.974083 0.073703 0.042234 -1.012197
0 0.597656 0.593750 0.076364 0.040237 0.361204
0 0.717873 1.013016 0.069493 0.042747 -1.212026
0 0.378219 0.418780 0.090706 0.032164 0.190639
0 0.994788 0.746237 0.065046 0.044618 0.420663
0 0.803906 0.615234 0.092110 0.030870 0.294730
0 1.011082 0.689928 0.065866 0.036973 0.389317
0 0.766406 1.022461 0.065129 0.034530 -1.155304
0 0.466406 0.313477 0.051087 0.038915 -1.258754
