0 0.516704 0.805813 0.143550 0.076746 -1.313473
0 0.657813 0.880859 0.140795 0.075656 -1.292497
0 0.066406 0.770508 0.137641 0.075800 -1.156289
0 0.432813 0.782227 0.140147 0.073701 -1.278235
0 0.926562 0.801758 0.132398 0.077758 -1.368771
0 0.988281 0.974609 0.126421 0.079063 -1.341154
0 0.736483 0.892507 0.131436 0.075368 -1.256564
0 0.775910 0.719868 0.127724 0.077128 -1.310982
0 0.247656 0.680664 0.139535 0.070179 -1.212026
0 0.032250 0.656399 0.131435 0.073418 -1.071450
0 0.700400 0.703222 0.126215 0.075874 -1.307802
0 0.289062 0.793945 0.130045 0.072922 -1.214839
0 0.953806 0.637172 0.123200 0.076740 -1.301207
0 0.089062 0.500977 0.139479 0.066419 -1.112357
0 0.372237 0.748510 0.132702 0.068876 -1.357236
0 0.416492 0.588219 0.118994 0.075561 -1.276562
0 0.294029 0.530045 0.130957 0.068582 -1.222025
0 0.332031 0.634766 0.125887 0.071331 -1.171015
0 0.162500 0.707031 0.130409 0.068615 -1.152572
0 0.731122 0.547405 0.124069 0.071086 -1.276927
0 0.557813 0.635742 0.123612 0.071239 -1.274251
0 0.806130 0.561123 0.117863 0.074363 -1.316172
0 0.219444 0.549635 0.128208 0.068220 -1.158386
0 0.123438 0.212891 0.120168 0.071955 -1.132460
0 0.132812 0.365234 0.111253 0.075095 -1.193030
0 0.028906 0.482422 0.116293 0.071430 -1.044730
0 0.076593 0.342679 0.107399 0.076517 -1.187512
0 0.758594 0.398438 0.117099 0.070108 -1.325818
0 0.266406 0.404297 0.116405 0.070283 -1.226827
0 0.374219 0.480469 0.120544 0.066784 -1.278083
0 0.124477 0.618845 0.116769 0.068387 -1.146602
0 0.171875 0.480469 0.113857 0.070047 -1.120571
0 0.888660 0.958794 0.116351 0.068536 -1.185302
0 0.927790 0.289658 0.107730 0.073936 -1.357858
0 0.879687 0.574219 0.113550 0.070063 -1.387174
0 0.486446 0.619961 0.119130 0.066604 -1.278083
0 0.333214 0.388986 0.113203 0.069741 -1.218488
0 0.974219 0.475586 0.118706 0.066243 -1.381316
0 0.831879 0.404998 0.113332 0.069204 -1.305753
0 0.997656 0.321289 0.111385 0.070101 -1.370615
0 0.721667 0.226726 0.112196 0.068654 -1.346085
0 0.212953 0.349934 0.114148 0.067372 -1.236060
0 0.592370 0.484523 0.111825 0.067325 -1.302093
0 0.624219 0.341797 0.109932 0.067968 -1.253741
0 0.365078 0.262793 0.108703 0.068557 -1.249046
0 0.490625 0.301758 0.108722 0.068537 -1.258305
0 0.524062 0.470312 0.113644 0.065469 -1.249046
0 0.456094 0.441992 0.109691 0.066704 -1.249046
0 0.785877 0.254282 0.104187 0.069713 -1.373401
0 0.903125 0.429688 0.110084 0.065836 -1.322309
0 0.182812 0.232422 0.107291 0.066203 -1.170003
0 0.653770 0.211415 0.103515 0.068220 -1.339706
0 0.308594 0.261719 0.112193 0.061926 -1.210230
0 0.555819 0.332152 0.110734 0.062002 -1.301629
0 0.403906 0.137695 0.107981 0.063533 -1.206817
0 0.862372 0.267281 0.102710 0.065872 -1.340577
0 0.289062 0.108398 0.101510 0.064672 -1.208252
0 0.167188 0.077148 0.105533 0.062107 -1.121037
0 0.346875 0.125000 0.110047 0.058712 -1.262744
0 0.589844 0.194336 0.100797 0.063962 -1.333422
0 0.524219 0.174805 0.109195 0.057347 -1.332960
0 0.254918 0.222773 0.092556 0.067461 -1.184914
0 0.222656 0.102539 0.102524 0.058744 -1.176005
0 0.432812 0.267578 0.082622 0.060259 -1.197809
0 0.405562 0.363125 0.084143 0.058900 -1.307802
0 0.461719 0.151367 0.077582 0.058744 -1.281293
