2 0.681285 0.641880 0.224894 0.081798 0.989416
2 0.536150 0.372128 0.225915 0.074094 1.017329
2 0.406831 0.575480 0.225396 0.069295 1.048211
3 0.510969 0.868844 0.108316 0.053304 -1.439208
0 0.512500 0.737305 0.081869 0.057133 -1.473069
2 0.420313 0.167969 0.105173 0.042667 1.059240
0 0.020209 0.216756 0.095428 0.045060 -0.049141
0 0.444531 0.069336 0.085319 0.048880 -0.463043
0 0.407813 0.013672 0.082338 0.049836 -0.588003
3 0.213370 0.205268 0.083341 0.045552 1.040023
0 0.500000 0.160156 0.083980 0.043815 -0.117109
3 0.471094 0.111328 0.075783 0.046080 -0.266252
3 0.167187 0.113281 0.079954 0.041043 1.098299
3 0.260558 0.297979 0.075519 0.041865 1.144169
3 0.120313 0.019531 0.078440 0.039054 1.059566
