1 0.540772 0.935551 0.284440 0.080077 -0.005525
1 0.351562 0.398438 0.215625 0.070312 0.000000
1 0.531864 0.345682 0.226568 0.060505 0.006896
2 0.709398 0.126215 0.122165 0.060153 0.366256
1 0.289032 0.281062 0.079449 0.051281 0.047583
0 0.496875 0.267578 0.070456 0.039390 0.047583
0 0.173438 0.190430 0.060155 0.037201 0.027020
0 0.321875 0.210938 0.060198 0.037043 -0.027020
0 0.177344 0.101562 0.053125 0.041016 -0.000000
0 0.003125 0.236328 0.052585 0.041127 -1.415800
0 0.026563 0.248047 0.052585 0.041127 -1.415800
0 0.717187 0.041993 0.056250 0.037109 0.000000
0 0.175781 0.160156 0.060937 0.033203 0.000000
0 0.197656 0.021484 0.060259 0.033243 0.026310
0 0.179688 0.133789 0.062500 0.031250 0.000000
0 0.302795 0.143858 0.057304 0.033232 0.451453
0 0.719531 0.091797 0.060937 0.031250 0.000000
0 0.112500 0.233398 0.047946 0.037234 -1.400061
3 0.777611 0.204043 0.053946 0.033037 1.396124
0 0.178907 0.075195 0.060046 0.029177 -0.027771
3 0.814063 0.185547 0.054571 0.031264 1.325818
0 0.315625 0.042969 0.054118 0.031515 0.331096
3 0.845168 0.192591 0.046979 0.035598 1.504228
0 0.609597 0.189496 0.056790 0.029018 1.432790
