4 0.810156 0.361328 0.134709 0.066527 -0.023805
0 0.739844 0.445312 0.102223 0.052728 -0.015383
0 0.874689 0.189634 0.092491 0.055861 0.636508
0 0.877742 0.117571 0.094696 0.052756 0.656702
0 0.917526 0.621161 0.094460 0.047086 0.790398
0 0.506840 0.317688 0.092488 0.050757 -0.076520
0 0.917969 0.523438 0.097165 0.048236 1.027607
0 0.626562 0.962891 0.078670 0.056943 0.099669
0 0.866406 0.986328 0.082155 0.052423 1.365401
0 0.021881 0.980905 0.087514 0.048820 1.552941
0 0.933261 0.829603 0.087556 0.046218 0.962994
0 0.798438 0.998047 0.082624 0.048467 1.345520
0 0.858286 0.298597 0.083998 0.042072 0.168207
0 0.262491 0.369551 0.078141 0.041046 1.550799
0 0.918750 0.706055 0.092965 0.033436 0.747442
0 0.216380 0.368642 0.070330 0.043045 1.548578
