2 0.355144 0.173960 0.136087 0.078174 -1.343997
0 0.162527 0.728920 0.080081 0.052590 -1.190290
0 0.191552 0.457206 0.082346 0.051077 0.223477
0 0.107813 0.731445 0.082474 0.050287 -1.275355
0 0.671870 0.565493 0.072298 0.053059 -1.462526
0 0.878162 0.136617 0.073504 0.050735 -1.528269
0 0.176563 0.529297 0.078125 0.046875 0.000000
0 0.281250 0.543945 0.070528 0.049393 -1.364472
0 0.296094 0.432617 0.069603 0.048225 -1.263751
0 0.240554 0.293592 0.065588 0.044715 0.216085
0 0.211719 0.399414 0.069385 0.041984 -0.141897
0 0.287500 0.117188 0.066210 0.035823 -0.321751
0 0.872617 0.229119 0.058002 0.039093 -1.489892
0 0.789062 0.073242 0.045312 0.042969 -1.570796
