0 0.529769 0.251158 0.076550 0.051281 1.523213
0 0.620636 0.582633 0.076318 0.039007 0.610529
0 0.622656 0.794922 0.064164 0.045331 -0.883125
0 0.707443 0.595772 0.064796 0.043306 -0.050083
0 0.649219 0.873047 0.061562 0.043348 -1.125551
0 0.655469 0.969727 0.066790 0.036998 -1.142018
0 0.615625 0.366211 0.064958 0.035193 0.024385
0 0.595313 0.507812 0.067590 0.033420 0.821097
0 0.595313 0.523438 0.067590 0.033420 0.821097
0 0.751562 0.446777 0.062194 0.029335 0.709779
0 0.701562 0.515625 0.057988 0.034866 0.058756
0 0.714063 0.344727 0.058911 0.033799 -0.698660
0 0.803906 0.446289 0.062815 0.029867 0.670522
0 0.833594 0.419922 0.062436 0.026514 0.566729
0 0.846094 0.337891 0.064577 0.025383 -0.024385
0 0.605469 0.258789 0.054039 0.027475 -0.741947
0 0.599219 0.315430 0.053481 0.023311 -0.762147
