4 0.056250 0.143555 0.078125 0.056641 -0.000000
4 0.184375 0.130859 0.079936 0.054644 -0.039979
1 0.222657 0.764648 0.096268 0.045050 0.017240
4 0.488727 0.118133 0.076578 0.054636 -0.020405
0 0.470313 0.822266 0.077428 0.050534 -0.661043
4 0.364844 0.119141 0.075065 0.046916 -0.041643
0 0.483593 0.652344 0.071529 0.048802 -0.422854
0 0.229256 0.716846 0.076578 0.042880 0.020405
0 0.331702 0.711998 0.071239 0.040932 -0.046378
0 0.475369 0.987157 0.069811 0.045908 -0.507098
0 0.228125 0.683594 0.070755 0.040215 -0.034865
0 0.045312 0.558594 0.075714 0.040965 -0.021273
0 0.242969 0.458984 0.067187 0.042969 0.000000
0 0.230469 0.607422 0.072051 0.039383 0.046478
0 0.462109 0.376465 0.069137 0.039873 -0.524423
0 0.340625 0.254883 0.068750 0.041016 0.000000
0 0.969531 0.333008 0.066454 0.041485 -0.074860
0 0.055469 0.486328 0.072747 0.037331 0.023805
0 0.474219 0.558594 0.076144 0.035276 -0.548549
0 0.475000 0.474609 0.068520 0.038913 -0.509592
0 0.490625 0.597656 0.068950 0.037707 -0.495552
0 0.343750 0.285156 0.069442 0.037100 -0.022723
3 0.331250 0.632812 0.065625 0.039062 0.000000
0 0.333137 0.320467 0.065299 0.039257 -0.099669
0 0.333665 0.568932 0.058636 0.036323 0.027000
0 0.332824 0.529263 0.061739 0.037188 -0.025511
0 0.464844 0.427734 0.064575 0.038124 -0.617191
0 0.257812 0.245118 0.062500 0.039062 -0.000000
0 0.336718 0.449219 0.065625 0.037109 0.000000
0 0.950781 0.604492 0.061577 0.039108 1.383817
0 0.069169 0.378893 0.064082 0.037146 -0.024385
3 0.247992 0.418005 0.065644 0.035239 -0.023805
0 0.960156 0.279297 0.068008 0.033805 -0.097253
0 0.242188 0.492188 0.073438 0.031250 0.000000
0 0.978125 0.403320 0.068620 0.033394 -0.069654
0 0.332837 0.348143 0.064328 0.035088 -0.062419
0 0.247656 0.384766 0.063222 0.035145 0.024995
0 0.082812 0.289062 0.056250 0.039062 0.000000
1 0.985156 0.468750 0.058642 0.035879 -0.088007
0 0.063240 0.417971 0.059457 0.035210 -0.052583
0 0.026562 0.630859 0.073277 0.027939 0.090660
0 0.327344 0.381836 0.054635 0.035446 -0.060532
0 0.336719 0.416016 0.060937 0.031250 -0.000000
0 0.973438 0.371094 0.061277 0.029685 -0.055499
3 0.262500 0.134766 0.050000 0.035156 0.000000
2 0.823036 0.087975 0.048134 0.035124 1.341564
2 0.835537 0.078209 0.048134 0.035124 1.341564
