0 0.173438 0.621094 0.080032 0.040803 0.168597
0 0.156250 0.669922 0.080032 0.040803 0.168597
0 0.146875 0.720703 0.080032 0.040803 0.168597
0 0.143750 0.769531 0.080032 0.040803 0.168597
0 0.192188 0.523438 0.080032 0.040803 0.168597
0 0.410156 0.203125 0.077265 0.039438 -1.292497
0 0.073438 0.984375 0.082753 0.035751 -0.297064
0 0.107813 0.878906 0.082753 0.035751 -0.297064
0 0.439063 0.072265 0.070777 0.041346 -1.364472
0 0.177344 0.085938 0.063246 0.045705 -1.249046
0 0.159412 0.171554 0.067351 0.037291 1.501142
0 0.264844 0.247070 0.070126 0.032430 0.165149
0 0.269531 0.206055 0.070126 0.032430 0.165149
0 0.253906 0.290039 0.070126 0.032430 0.165149
0 0.241406 0.336914 0.070126 0.032430 0.165149
0 0.228906 0.387695 0.070126 0.032430 0.165149
0 0.105482 0.060409 0.055836 0.038969 -1.257895
0 0.312865 0.014742 0.062206 0.033703 0.202322
0 0.305053 0.057711 0.062206 0.033703 0.202322
