2 0.023438 0.446289 0.254252 0.086858 0.767549
0 0.413281 0.868164 0.143084 0.063206 0.632138
0 0.148262 0.735582 0.110732 0.064783 0.759763
0 0.892578 0.125000 0.100794 0.059296 -0.768859
0 0.950781 0.179687 0.102903 0.052397 -0.443103
0 0.834375 0.089844 0.097899 0.051760 -0.824340
0 0.458635 0.199396 0.097149 0.045020 -0.756694
0 0.507414 0.232071 0.087713 0.049325 -0.869865
0 0.332031 0.092773 0.094242 0.046514 -0.722191
0 0.243750 0.019531 0.082542 0.050680 -0.627308
0 0.417187 0.159179 0.088840 0.042756 -0.772412
0 0.777246 0.034855 0.070291 0.047280 -0.902507
0 0.795996 0.036808 0.070291 0.047280 -0.902507
