0 0.470313 0.324218 0.510937 0.324218 0.510937 0.439454 0.470313 0.439454
0 0.231245 0.234255 0.235937 0.361328 0.200005 0.363401 0.195313 0.236328
0 0.594920 0.321726 0.631599 0.323364 0.628492 0.432110 0.591812 0.430472
0 0.879682 0.335798 0.884514 0.448547 0.845312 0.451172 0.840480 0.338423
0 0.635938 0.578125 0.673425 0.578977 0.671863 0.686399 0.634375 0.685547
0 0.168808 0.266924 0.173496 0.372392 0.135938 0.375000 0.131250 0.269532
0 0.359375 0.322266 0.362500 0.425781 0.325053 0.427548 0.321928 0.324033
0 0.371875 0.312500 0.404687 0.312500 0.404687 0.429688 0.371875 0.429688
0 0.312500 0.564453 0.313056 0.605490 0.220868 0.607443 0.220312 0.566406
0 0.031250 0.437500 0.121876 0.437500 0.121876 0.478516 0.031250 0.478516
0 0.096875 0.595703 0.098438 0.695313 0.062545 0.696193 0.060982 0.596583
0 0.747691 0.341970 0.781258 0.342777 0.779653 0.447092 0.746086 0.446285
0 0.455159 0.562686 0.456250 0.601563 0.367188 0.605469 0.366096 0.566592
0 0.700000 0.335937 0.732767 0.337454 0.729642 0.442923 0.696874 0.441406
0 0.041901 0.611255 0.045312 0.705077 0.010937 0.707030 0.007526 0.613209
0 0.807836 0.327849 0.840625 0.332032 0.832813 0.427735 0.800023 0.423552
0 0.565671 0.594868 0.598438 0.595704 0.596875 0.691406 0.564108 0.690570
0 0.451562 0.328124 0.453125 0.416015 0.423452 0.416840 0.421890 0.328949
0 0.206250 0.000000 0.237500 0.000000 0.237500 0.048828 0.206250 0.048828
0 0.643750 0.339844 0.673438 0.339844 0.673438 0.419922 0.643750 0.419922
