4 0.357793 0.282279 0.359523 0.364459 0.034543 0.375149 0.032813 0.292969
4 0.376563 0.191407 0.376846 0.267568 0.039063 0.269531 0.038780 0.193370
4 0.396875 0.154296 0.452975 0.156032 0.445163 0.550564 0.389063 0.548828
4 0.370129 0.561581 0.383732 0.629595 0.079687 0.724609 0.066084 0.656595
4 0.445303 0.614894 0.446875 0.998047 0.393759 0.998047 0.392187 0.615234
4 0.707813 0.216797 0.760963 0.217449 0.757813 0.619141 0.704663 0.618489
4 0.038215 0.093560 0.314063 0.115234 0.310223 0.191596 0.034375 0.169922
4 0.693750 0.330078 0.704729 0.712388 0.650000 0.714844 0.639021 0.332534
4 0.632801 0.278354 0.637500 0.679687 0.585949 0.680630 0.581250 0.279297
4 0.753108 0.640298 0.771875 0.998047 0.719056 0.998047 0.700289 0.644628
4 0.564043 0.181042 0.576562 0.576172 0.525019 0.578724 0.512500 0.183594
4 0.570289 0.653538 0.573437 0.998047 0.520335 0.998047 0.517187 0.654297
4 0.498437 0.138672 0.506250 0.535156 0.456357 0.536692 0.448544 0.140208
4 0.507812 0.652284 0.510948 0.998047 0.459376 0.998047 0.456240 0.653015
4 0.319750 0.029284 0.320313 0.093751 0.033377 0.097670 0.032813 0.033203
4 0.637488 0.729967 0.639063 0.998047 0.584388 0.998047 0.582813 0.730469
4 0.703121 0.736181 0.709379 0.998047 0.653133 0.998047 0.646875 0.738281
4 0.688968 0.000000 0.703057 0.281603 0.650026 0.285689 0.635937 0.000000
4 0.328114 0.384734 0.329641 0.451066 0.108606 0.459016 0.107079 0.392684
4 0.625000 0.000000 0.626581 0.257438 0.578126 0.257902 0.576546 0.000000
4 0.354121 0.474593 0.356765 0.539027 0.142753 0.552751 0.140109 0.488317
4 0.759364 0.000000 0.764106 0.195732 0.710948 0.197724 0.706206 0.000000
