0 0.894037 0.585512 0.948725 0.589418 0.942187 0.732422 0.887499 0.728516
0 0.156250 0.164063 0.159375 0.312500 0.107848 0.314195 0.104723 0.165758
0 0.557858 0.568221 0.610950 0.569170 0.609342 0.709933 0.556250 0.708985
0 0.240629 0.162297 0.243754 0.304875 0.192187 0.306641 0.189062 0.164063
0 0.669006 0.573452 0.722130 0.581265 0.709374 0.716798 0.656250 0.708985
0 0.737500 0.576172 0.789062 0.576172 0.789062 0.716797 0.737500 0.716797
0 0.814062 0.208984 0.862385 0.213066 0.854572 0.357598 0.806250 0.353516
0 0.748384 0.195085 0.793750 0.197266 0.789062 0.349609 0.743696 0.347428
0 0.682906 0.203188 0.732813 0.205078 0.729594 0.337828 0.679688 0.335938
0 0.540625 0.195313 0.589039 0.197944 0.584351 0.332709 0.535937 0.330078
0 0.929677 0.231519 0.931250 0.363282 0.882823 0.364185 0.881250 0.232422
0 0.126562 0.570313 0.169768 0.574116 0.161956 0.712788 0.118750 0.708984
0 0.473230 0.202111 0.517187 0.207032 0.507812 0.337891 0.463855 0.332970
0 0.348438 0.193359 0.392406 0.196741 0.386156 0.323695 0.342188 0.320313
0 0.404688 0.195313 0.445312 0.195313 0.445312 0.314453 0.404688 0.314453
0 0.504688 0.585937 0.545529 0.591043 0.536154 0.708231 0.495313 0.703125
