0 0.495313 0.818359 0.552104 0.832557 0.531791 0.959510 0.475000 0.945313
0 0.554348 0.436690 0.648436 0.472655 0.634970 0.527698 0.540882 0.491733
0 0.553124 0.615234 0.656250 0.630859 0.651284 0.682072 0.548158 0.666446
0 0.576563 0.812500 0.671876 0.843750 0.661019 0.895487 0.565706 0.864236
0 0.595742 0.741723 0.692187 0.781250 0.679258 0.830543 0.582813 0.791016
0 0.570120 0.865575 0.657812 0.908203 0.641626 0.960231 0.553934 0.917603
0 0.293023 0.044754 0.392969 0.094727 0.378853 0.138840 0.278907 0.088867
0 0.098613 0.587755 0.100000 0.640625 0.004687 0.644531 0.003300 0.591661
0 0.625000 0.212891 0.714421 0.256033 0.700000 0.302735 0.610580 0.259593
0 0.098438 0.357422 0.099837 0.408143 0.007382 0.412128 0.005983 0.361407
0 0.000000 0.000000 0.090772 0.000000 0.090772 0.039062 0.000000 0.039062
0 0.082813 0.158203 0.083578 0.208968 0.000000 0.210937 0.000000 0.160172
0 0.555952 0.927583 0.640327 0.970552 0.625000 0.998047 0.540625 0.974610
0 0.629825 0.677984 0.711075 0.715094 0.696875 0.763672 0.615625 0.726562
0 0.559375 0.554687 0.649999 0.576171 0.642917 0.622849 0.552293 0.601365
0 0.084375 0.302734 0.086496 0.351628 0.000000 0.357492 0.000000 0.308598
0 0.582812 0.361328 0.676562 0.394531 0.666966 0.436868 0.573216 0.403665
0 0.082813 0.089844 0.083519 0.136704 0.000000 0.138672 0.000000 0.091812
0 0.729687 0.041016 0.813646 0.070718 0.803125 0.117188 0.719166 0.087486
0 0.061388 0.231268 0.068491 0.278994 0.000000 0.294922 0.000000 0.247196
0 0.094297 0.644343 0.096875 0.689453 0.009375 0.697265 0.006797 0.652155
0 0.736274 0.000000 0.814399 0.010967 0.803906 0.054688 0.725781 0.025391
