0 0.091031 0.839392 0.191031 0.878454 0.179687 0.923828 0.079687 0.884766
0 0.096466 0.608769 0.179960 0.650150 0.164080 0.700215 0.080586 0.658834
0 0.974160 0.000000 0.983594 0.118164 0.944590 0.122844 0.935156 0.000000
0 0.085938 0.070313 0.167188 0.138672 0.145168 0.179565 0.063918 0.111206
0 0.091787 0.224313 0.168774 0.281268 0.148438 0.324219 0.071450 0.267264
0 0.098239 0.372896 0.170312 0.427734 0.148437 0.472656 0.076364 0.417818
0 0.103127 0.306646 0.176622 0.363511 0.156377 0.404394 0.082882 0.347529
0 0.100170 0.152753 0.170313 0.207031 0.150000 0.248047 0.079857 0.193769
2 0.661648 0.513890 0.672586 0.781468 0.614844 0.785156 0.603907 0.517578
4 0.574848 0.336756 0.587500 0.755860 0.522028 0.758948 0.509376 0.339844
4 0.116812 0.727187 0.210563 0.815078 0.178126 0.869141 0.084375 0.781250
