0 0.882843 0.195585 0.901562 0.359375 0.846875 0.369141 0.828156 0.205351
0 0.451553 0.202762 0.456250 0.371094 0.403135 0.373410 0.398438 0.205078
0 0.960428 0.184643 0.978125 0.351562 0.925510 0.360279 0.907812 0.193360
0 0.519383 0.196157 0.540625 0.355469 0.488429 0.366343 0.467187 0.207032
0 0.816171 0.005921 0.827343 0.068354 0.701563 0.103521 0.690391 0.041088
0 0.303442 0.200956 0.307913 0.363007 0.256250 0.365234 0.251779 0.203183
0 0.618401 0.413900 0.632812 0.582031 0.584925 0.588445 0.570514 0.420313
0 0.773438 0.226563 0.787501 0.367188 0.734808 0.375421 0.720746 0.234796
0 0.510816 0.454119 0.556249 0.457031 0.549999 0.609375 0.504566 0.606463
4 0.717905 0.458923 0.721802 0.607811 0.672655 0.609821 0.668758 0.460933
