0 0.691802 0.188833 0.714844 0.229477 0.639855 0.295905 0.616812 0.255261
0 0.406250 0.175781 0.445312 0.189453 0.419510 0.304641 0.380448 0.290969
0 0.724138 0.299448 0.728904 0.346680 0.640886 0.360558 0.636120 0.313326
0 0.089748 0.833931 0.181250 0.835938 0.180564 0.884819 0.089062 0.882813
0 0.406250 0.806641 0.424465 0.850426 0.346340 0.901207 0.328125 0.857422
0 0.393320 0.436249 0.427344 0.451172 0.396094 0.562501 0.362070 0.547578
0 0.615625 0.408203 0.689063 0.472656 0.667659 0.510761 0.594221 0.446308
0 0.099681 0.107037 0.187500 0.125000 0.181569 0.170307 0.093750 0.152344
0 0.164062 0.355469 0.166106 0.402311 0.079688 0.408203 0.077644 0.361361
0 0.378230 0.569530 0.396093 0.608398 0.320206 0.662892 0.302343 0.624024
0 0.355110 0.165546 0.389063 0.174806 0.369890 0.284650 0.335937 0.275390
0 0.110600 0.052610 0.190625 0.082032 0.180026 0.127078 0.100001 0.097656
0 0.182813 0.414062 0.183427 0.457017 0.095313 0.458984 0.094699 0.416029
0 0.647993 0.374297 0.721600 0.422723 0.704687 0.462891 0.631080 0.414465
0 0.176562 0.472656 0.176562 0.515625 0.089062 0.515625 0.089062 0.472657
0 0.171267 0.302713 0.171875 0.343751 0.087501 0.345704 0.086893 0.304666
0 0.287500 0.085937 0.320312 0.085937 0.320312 0.189452 0.287500 0.189452
0 0.551953 0.188253 0.579688 0.207031 0.539063 0.300782 0.511328 0.282003
0 0.607155 0.177719 0.634375 0.197266 0.592187 0.289063 0.564967 0.269516
4 0.340625 0.000000 0.417188 0.000000 0.417188 0.042969 0.340625 0.042969
4 0.569532 0.434129 0.606250 0.517578 0.575000 0.539062 0.538282 0.455614
4 0.177345 0.519542 0.177646 0.558598 0.097655 0.559560 0.097354 0.520504
