0 0.723438 0.837890 0.824656 0.905106 0.798094 0.967606 0.696876 0.900390
0 0.590625 0.857421 0.623454 0.890099 0.554687 0.998047 0.521858 0.965369
0 0.494392 0.000000 0.523437 0.000000 0.450920 0.095139 0.421875 0.060547
0 0.489899 0.577982 0.525000 0.611328 0.465625 0.708984 0.430524 0.675638
0 0.553419 0.366695 0.587500 0.398438 0.528125 0.498047 0.494044 0.466304
0 0.717188 0.708985 0.790479 0.791437 0.762354 0.830499 0.689063 0.748047
0 0.484375 0.474609 0.515928 0.505373 0.454687 0.603515 0.423134 0.572751
0 0.573438 0.765626 0.603203 0.796758 0.539062 0.892578 0.509297 0.861446
0 0.723595 0.637749 0.800158 0.711968 0.776563 0.750001 0.700000 0.675782
0 0.473916 0.377928 0.504095 0.405173 0.450492 0.497948 0.420313 0.470703
0 0.560908 0.000000 0.587500 0.000000 0.526592 0.084601 0.500000 0.054687
0 0.552581 0.174096 0.581250 0.201172 0.527107 0.290748 0.498438 0.263672
0 0.560553 0.462950 0.590625 0.492187 0.539387 0.574534 0.509315 0.545297
0 0.488479 0.069282 0.517188 0.097656 0.464063 0.181641 0.435354 0.153266
4 0.714233 0.119779 0.785938 0.187500 0.763893 0.223971 0.692188 0.156250
