0 0.429740 0.566429 0.432843 0.686687 0.390622 0.688389 0.387519 0.568132
0 0.371815 0.571254 0.385270 0.687035 0.346249 0.694120 0.332794 0.578339
0 0.809424 0.808082 0.850803 0.809006 0.849170 0.923364 0.807791 0.922440
0 0.276557 0.582025 0.285942 0.699212 0.246957 0.704091 0.237572 0.586904
0 0.357813 0.795899 0.431251 0.872071 0.406721 0.909024 0.333283 0.832851
0 0.921102 0.597301 0.960173 0.597722 0.959372 0.713887 0.920301 0.713466
0 0.441420 0.569321 0.479742 0.570533 0.477370 0.687725 0.439048 0.686512
0 0.821094 0.577148 0.857816 0.577901 0.856244 0.697630 0.819523 0.696877
0 0.450770 0.799840 0.489059 0.800679 0.487510 0.911098 0.449221 0.910259
0 0.619277 0.581328 0.628107 0.690445 0.588337 0.695474 0.579507 0.586357
0 0.486735 0.566759 0.523443 0.566759 0.523443 0.681051 0.486735 0.681051
0 0.891756 0.820001 0.924308 0.843558 0.881054 0.936947 0.848502 0.913390
0 0.711747 0.565050 0.713257 0.676360 0.676535 0.677138 0.675025 0.565828
0 0.716546 0.820762 0.753121 0.826159 0.742936 0.934014 0.706361 0.928617
0 0.199999 0.572266 0.234375 0.572266 0.234375 0.690430 0.199999 0.690430
0 0.207807 0.814451 0.252212 0.912570 0.221099 0.934571 0.176694 0.836452
0 0.806246 0.560512 0.811890 0.673134 0.776715 0.675888 0.771071 0.563266
0 0.325756 0.588670 0.332006 0.697287 0.297746 0.700368 0.291496 0.591751
0 0.954346 0.419890 0.954686 0.465819 0.867530 0.466828 0.867190 0.420899
0 0.966412 0.596277 0.998438 0.596643 0.998438 0.706057 0.965631 0.705691
0 0.632806 0.564464 0.666440 0.566425 0.662504 0.671918 0.628870 0.669957
0 0.875012 0.600715 0.910937 0.601562 0.909362 0.705925 0.873437 0.705078
0 0.536719 0.578125 0.570313 0.578125 0.570313 0.679687 0.536719 0.679687
0 0.298050 0.822138 0.352516 0.893764 0.329676 0.920902 0.275210 0.849276
