0 0.229687 0.457032 0.267187 0.566407 0.223437 0.589844 0.185937 0.480469
0 0.645309 0.795884 0.676391 0.905367 0.638647 0.922110 0.607565 0.812627
0 0.430359 0.067945 0.456908 0.178313 0.419517 0.192367 0.392968 0.081999
0 0.580167 0.123625 0.602407 0.172819 0.530865 0.223355 0.508625 0.174161
0 0.091156 0.204981 0.122406 0.314356 0.082813 0.332031 0.051562 0.222656
0 0.743750 0.636719 0.767776 0.680402 0.692776 0.744855 0.668750 0.701172
0 0.727492 0.584909 0.741396 0.629910 0.659524 0.669435 0.645620 0.624434
0 0.638470 0.245218 0.654095 0.294047 0.570312 0.335938 0.554687 0.287109
0 0.714444 0.513464 0.730771 0.557973 0.645230 0.607004 0.628903 0.562495
0 0.635841 0.221849 0.653029 0.270678 0.573437 0.314453 0.556250 0.265624
0 0.067944 0.733230 0.098574 0.829591 0.063366 0.847078 0.032736 0.750717
0 0.751875 0.794357 0.767529 0.838361 0.694581 0.878911 0.678926 0.834907
0 0.801563 0.869141 0.825146 0.904826 0.753271 0.979045 0.729688 0.943360
0 0.834375 0.933594 0.851562 0.976563 0.774687 0.998047 0.757500 0.981641
0 0.090625 0.240234 0.123502 0.349823 0.090625 0.365234 0.057748 0.255645
0 0.801563 0.892578 0.823979 0.926497 0.752103 0.998047 0.729688 0.966797
0 0.747650 0.665460 0.766475 0.706422 0.692188 0.759766 0.673363 0.718804
0 0.229688 0.500000 0.260938 0.603516 0.228422 0.618854 0.197172 0.515338
0 0.462500 0.000000 0.554688 0.000000 0.554688 0.037460 0.462500 0.037460
0 0.751563 0.732422 0.765625 0.775390 0.696875 0.810546 0.682813 0.767578
0 0.853515 0.951783 0.856250 0.990234 0.770274 0.998047 0.767540 0.961335
0 0.753126 0.755859 0.765821 0.792004 0.700000 0.828125 0.687305 0.791980
