0 0.542963 0.568307 0.585898 0.569564 0.583555 0.694599 0.540620 0.693342
0 0.611719 0.533204 0.654688 0.533204 0.654687 0.660156 0.611719 0.660156
0 0.839419 0.353472 0.882425 0.354547 0.880457 0.477560 0.837451 0.476485
0 0.307704 0.640094 0.340338 0.663000 0.289172 0.776898 0.256538 0.753991
0 0.791302 0.025287 0.796957 0.137657 0.757916 0.140727 0.752261 0.028357
0 0.498487 0.000000 0.537484 0.000000 0.531971 0.078028 0.492974 0.073722
0 0.927344 0.217774 0.998438 0.225753 0.998438 0.272462 0.924133 0.264483
0 0.078189 0.166890 0.110937 0.169922 0.104623 0.276470 0.071875 0.273438
0 0.042187 0.068360 0.048611 0.170748 0.017187 0.173828 0.010763 0.071440
0 0.078125 0.074219 0.082812 0.167968 0.048571 0.170643 0.043884 0.076894
0 0.076665 0.000000 0.112494 0.000000 0.106141 0.069565 0.070312 0.064453
0 0.914725 0.016472 0.937589 0.039170 0.890841 0.112744 0.867977 0.090045
0 0.041164 0.171330 0.075000 0.175782 0.067414 0.265860 0.033578 0.261408
0 0.081250 0.072265 0.112675 0.075140 0.107812 0.158203 0.076388 0.155328
0 0.043750 0.000000 0.073438 0.000000 0.073438 0.072265 0.043750 0.072265
0 0.003125 0.000000 0.034375 0.000000 0.034375 0.068360 0.003125 0.068360
1 0.401562 0.041007 0.458287 0.048405 0.439538 0.273023 0.382813 0.265625
