0 0.869466 0.891639 0.908482 0.906756 0.882095 0.998047 0.843080 0.998047
0 0.104765 0.059300 0.140624 0.077145 0.105391 0.187770 0.069532 0.169925
0 0.208445 0.109969 0.246105 0.125968 0.218117 0.228899 0.180457 0.212900
0 0.036146 0.045065 0.071159 0.058318 0.045104 0.165871 0.010091 0.152618
0 0.163300 0.082947 0.197516 0.097354 0.170136 0.198959 0.135920 0.184552
0 0.300782 0.129882 0.336053 0.139979 0.317268 0.242508 0.281997 0.232411
0 0.001976 0.007960 0.034788 0.019679 0.012500 0.117188 0.000000 0.105469
2 0.804752 0.365258 0.857267 0.385064 0.791342 0.658180 0.738827 0.638374
2 0.001136 0.592023 0.215980 0.673077 0.200000 0.739257 0.000000 0.658203
2 0.727096 0.671781 0.782504 0.689727 0.728835 0.948641 0.673428 0.930695
2 0.667862 0.321595 0.721667 0.343477 0.656812 0.592651 0.603007 0.570769
2 0.615422 0.270260 0.665563 0.291230 0.598384 0.542212 0.548243 0.521242
2 0.732200 0.347917 0.783815 0.367246 0.723270 0.619855 0.671655 0.600526
2 0.041487 0.220774 0.249349 0.293275 0.235191 0.356700 0.027329 0.284199
2 0.548301 0.244659 0.599005 0.265451 0.534163 0.512523 0.483459 0.491731
4 0.942188 0.564454 0.992533 0.584592 0.954688 0.732422 0.904343 0.712284
