0 0.509167 0.591085 0.618079 0.604462 0.613491 0.662821 0.504579 0.649444
0 0.034614 0.303906 0.131250 0.330079 0.121636 0.385548 0.025000 0.359375
0 0.385243 0.540091 0.390399 0.592363 0.292195 0.607498 0.287039 0.555227
0 0.399115 0.911102 0.503157 0.933184 0.496199 0.984407 0.392157 0.962324
0 0.430072 0.749726 0.523437 0.771484 0.515240 0.826446 0.421875 0.804688
0 0.042922 0.462397 0.132789 0.470642 0.129686 0.523489 0.039819 0.515244
0 0.876552 0.664071 0.969366 0.674971 0.965636 0.724601 0.872822 0.713702
0 0.458052 0.744591 0.551803 0.768029 0.543750 0.818359 0.449999 0.794921
0 0.662500 0.537110 0.753125 0.548829 0.748774 0.601404 0.658149 0.589685
0 0.544906 0.538711 0.634375 0.554688 0.628531 0.605821 0.539063 0.589844
0 0.185938 0.541016 0.271875 0.550781 0.268174 0.601674 0.182237 0.591909
0 0.518750 0.173828 0.609332 0.192699 0.603082 0.239574 0.512500 0.220703
0 0.410938 0.501953 0.505741 0.515779 0.501562 0.560547 0.406759 0.546721
0 0.222476 0.943140 0.309376 0.962890 0.302526 0.998047 0.215626 0.990234
0 0.005187 0.300313 0.095312 0.316407 0.090125 0.361797 0.000000 0.345703
0 0.000000 0.517880 0.049356 0.527208 0.042962 0.580070 0.000000 0.570742
0 0.060409 0.533161 0.151376 0.541155 0.148965 0.584027 0.057998 0.576032
0 0.817188 0.589844 0.899624 0.601734 0.895313 0.648438 0.812877 0.636548
0 0.279688 0.484375 0.367188 0.494141 0.364106 0.537289 0.276606 0.527523
0 0.403605 0.574032 0.486418 0.579891 0.484375 0.625000 0.401562 0.619141
0 0.659327 0.628258 0.720268 0.640937 0.714069 0.687494 0.653128 0.674815
