0 0.054688 0.537109 0.101495 0.538118 0.099932 0.651399 0.053125 0.650390
0 0.869498 0.097257 0.878906 0.210938 0.833594 0.216797 0.824186 0.103116
0 0.304685 0.549794 0.320349 0.667968 0.278061 0.676726 0.262397 0.558552
0 0.873480 0.000000 0.914120 0.000000 0.910895 0.071496 0.870255 0.068632
0 0.739062 0.544921 0.781250 0.544921 0.781250 0.660156 0.739062 0.660156
0 0.778598 0.115643 0.806245 0.222688 0.765580 0.239099 0.737933 0.132054
0 0.895313 0.097657 0.934375 0.097657 0.934375 0.216797 0.895313 0.216797
0 0.533487 0.009906 0.546881 0.125984 0.508619 0.132882 0.495225 0.016804
0 0.979688 0.000000 0.998438 0.000000 0.998438 0.093601 0.979688 0.093601
0 0.951561 0.111328 0.993793 0.112324 0.992187 0.218750 0.949955 0.217754
0 0.599876 0.015068 0.607876 0.126174 0.568906 0.130558 0.560906 0.019452
0 0.485938 0.583984 0.590625 0.603515 0.585846 0.643538 0.481159 0.624007
0 0.637500 0.060547 0.676578 0.061419 0.675000 0.171875 0.635922 0.171003
0 0.926571 0.000000 0.967203 0.000000 0.965617 0.074609 0.924985 0.073260
0 0.023438 0.546876 0.026584 0.655042 0.000000 0.656250 0.000000 0.548084
0 0.960822 0.536467 0.965625 0.644531 0.928240 0.647127 0.923437 0.539063
0 0.470679 0.047530 0.481319 0.146409 0.446963 0.152185 0.436323 0.053307
0 0.918750 0.556640 0.922202 0.660220 0.884702 0.662174 0.881249 0.558593
0 0.830401 0.000000 0.864731 0.000000 0.860822 0.056358 0.826492 0.052638
