0 0.897662 0.309584 0.942316 0.311090 0.939840 0.425768 0.895186 0.424262
0 0.798456 0.914765 0.840625 0.916016 0.839044 0.998047 0.796875 0.998047
0 0.889844 0.615234 0.944702 0.709276 0.908594 0.742188 0.853736 0.648146
0 0.885936 0.778320 0.928182 0.783430 0.918807 0.904524 0.876561 0.899414
0 0.740728 0.739362 0.784375 0.741211 0.781250 0.856445 0.737603 0.854595
0 0.998438 0.741222 0.998438 0.797490 0.942969 0.805664 0.938091 0.749397
0 0.646095 0.920899 0.686719 0.920899 0.686719 0.998047 0.646095 0.998047
0 0.651563 0.715820 0.695313 0.715820 0.695313 0.825195 0.651563 0.825195
0 0.952658 0.221934 0.998438 0.271283 0.998438 0.313222 0.932554 0.263873
0 0.952657 0.190684 0.998438 0.240033 0.998437 0.281972 0.932553 0.232623
0 0.893750 0.485352 0.932874 0.487390 0.928904 0.606486 0.889780 0.604449
0 0.886268 0.163166 0.929512 0.251848 0.892456 0.280082 0.849212 0.191400
0 0.535157 0.691406 0.571135 0.692131 0.569532 0.816406 0.533553 0.815681
0 0.801678 0.077159 0.843750 0.081055 0.837500 0.186523 0.795428 0.182627
0 0.889843 0.028321 0.933593 0.028321 0.933593 0.129883 0.889843 0.129883
0 0.660157 0.231445 0.699219 0.231445 0.699219 0.344727 0.660157 0.344727
0 0.669531 0.031251 0.707041 0.032814 0.703905 0.150391 0.666395 0.148828
0 0.940625 0.683594 0.998438 0.689696 0.998438 0.738282 0.937511 0.732180
0 0.711120 0.104425 0.751745 0.106379 0.748438 0.213867 0.707813 0.211913
0 0.998438 0.810547 0.998438 0.861298 0.942187 0.863282 0.941065 0.812530
0 0.531250 0.525391 0.610880 0.529220 0.609318 0.580001 0.529688 0.576173
0 0.949258 0.601396 0.998438 0.611566 0.998437 0.656250 0.943923 0.646080
0 0.793704 0.054669 0.795267 0.154279 0.754688 0.155273 0.753126 0.055663
0 0.656250 0.387696 0.695312 0.387696 0.695312 0.487304 0.656250 0.487304
0 0.801562 0.334962 0.839062 0.334962 0.839062 0.434570 0.801562 0.434570
0 0.964843 0.414062 0.998438 0.414062 0.998438 0.460938 0.964843 0.460938
4 0.998438 0.000000 0.998438 0.048832 0.947727 0.073720 0.935390 0.024887
4 0.996127 0.000000 0.998438 0.036871 0.947726 0.052235 0.939062 0.001953
4 0.984375 0.916016 0.997172 0.960805 0.909375 0.998047 0.896578 0.955211
4 0.979688 0.896485 0.992485 0.941274 0.904688 0.980469 0.891891 0.935680
