0 0.870313 0.580078 0.923994 0.587267 0.910185 0.748364 0.856505 0.741175
0 0.491554 0.696157 0.613429 0.721548 0.604688 0.787109 0.482813 0.761719
0 0.885938 0.144531 0.998438 0.158345 0.998438 0.216797 0.881518 0.202983
0 0.762501 0.208984 0.877369 0.221654 0.872682 0.288060 0.757813 0.275390
0 0.479688 0.792969 0.601930 0.807756 0.597242 0.868303 0.475000 0.853516
0 0.746058 0.431463 0.856626 0.442262 0.852708 0.504939 0.742140 0.494140
0 0.475016 0.868947 0.600015 0.884572 0.595312 0.943359 0.470313 0.927734
0 0.504688 0.478515 0.621875 0.492187 0.617538 0.550275 0.500351 0.536603
0 0.526279 0.249953 0.645312 0.269531 0.639345 0.326219 0.520312 0.306641
0 0.740240 0.593503 0.851178 0.601315 0.848437 0.662109 0.737500 0.654296
0 0.183323 0.851883 0.287588 0.871410 0.280487 0.930654 0.176222 0.911126
0 0.515315 0.404258 0.625155 0.417988 0.620312 0.478516 0.510473 0.464786
0 0.500332 0.564483 0.609708 0.574248 0.606250 0.634765 0.496874 0.625000
0 0.734883 0.679531 0.853633 0.697109 0.848437 0.751953 0.729687 0.734375
0 0.736308 0.515226 0.847216 0.525495 0.843720 0.584488 0.732812 0.574219
0 0.905300 0.060505 0.998438 0.062461 0.998438 0.119141 0.904544 0.117185
0 0.760952 0.134351 0.878140 0.149976 0.873438 0.205079 0.756250 0.189454
0 0.529500 0.323907 0.649813 0.345391 0.643750 0.398437 0.523438 0.376953
0 0.554688 0.027343 0.669728 0.035445 0.667188 0.091797 0.552148 0.083695
0 0.535313 0.174219 0.647812 0.191797 0.642187 0.248047 0.529688 0.230469
0 0.541573 0.099507 0.659375 0.119141 0.653739 0.171977 0.535937 0.152343
0 0.882031 0.229492 0.988786 0.235380 0.986719 0.293946 0.879964 0.288058
0 0.461281 0.954566 0.575771 0.962408 0.573865 0.998047 0.459375 0.998047
0 0.492990 0.640414 0.593016 0.652471 0.588790 0.707256 0.488764 0.695199
0 0.301534 0.167391 0.342188 0.171875 0.332662 0.306825 0.292009 0.302341
0 0.139233 0.157169 0.181288 0.163566 0.169401 0.285667 0.127346 0.279270
0 0.085028 0.145956 0.124676 0.152548 0.111260 0.278626 0.071612 0.272034
0 0.191912 0.786437 0.288493 0.805017 0.282044 0.857401 0.185463 0.838821
0 0.168896 0.934123 0.267334 0.945841 0.263282 0.998047 0.164844 0.987305
0 0.210501 0.646270 0.301990 0.655816 0.298439 0.708986 0.206950 0.699440
0 0.216347 0.582548 0.314147 0.595033 0.310181 0.643570 0.212381 0.631085
0 0.193750 0.158203 0.232636 0.163970 0.221698 0.279205 0.182812 0.273438
0 0.106412 0.578601 0.194530 0.586915 0.192024 0.628430 0.103905 0.620117
