0 0.565612 0.174807 0.666469 0.179517 0.664928 0.231085 0.564071 0.226375
0 0.896875 0.792969 0.907812 0.919922 0.865609 0.925603 0.854672 0.798650
0 0.560605 0.243135 0.670313 0.252930 0.667521 0.301787 0.557813 0.291992
0 0.566700 0.447934 0.663657 0.458473 0.660156 0.508789 0.563199 0.498251
0 0.581250 0.673828 0.673438 0.675781 0.672790 0.723586 0.580602 0.721633
0 0.810938 0.387695 0.813386 0.434370 0.718074 0.442183 0.715625 0.395508
0 0.570345 0.598458 0.661744 0.610435 0.657819 0.657240 0.566420 0.645263
0 0.270576 0.953059 0.352357 0.956066 0.351298 0.998047 0.269517 0.998047
0 0.652296 0.806288 0.653926 0.851118 0.560156 0.856446 0.558526 0.811616
0 0.784382 0.816529 0.784756 0.865222 0.703114 0.866201 0.702740 0.817508
0 0.572620 0.376994 0.661718 0.381836 0.660156 0.426758 0.571058 0.421916
0 0.719381 0.047831 0.808444 0.049785 0.807813 0.094727 0.718750 0.092773
0 0.277998 0.720662 0.365624 0.724609 0.364356 0.768604 0.276730 0.764657
0 0.289375 0.540900 0.371883 0.550753 0.368439 0.595818 0.285931 0.585965
0 0.289191 0.604447 0.371572 0.608255 0.370327 0.650341 0.287946 0.646532
0 0.720312 0.923828 0.798437 0.923828 0.798437 0.970703 0.720312 0.970703
0 0.563774 0.757799 0.648438 0.761719 0.647164 0.804701 0.562500 0.800781
0 0.585664 0.525311 0.661964 0.533295 0.659086 0.576281 0.582786 0.568297
0 0.297343 0.477662 0.377030 0.485475 0.374219 0.530274 0.294532 0.522461
0 0.582812 0.000000 0.662499 0.000000 0.662499 0.041016 0.582812 0.041016
0 0.279942 0.780046 0.361913 0.786148 0.359998 0.826344 0.278027 0.820242
0 0.285938 0.659146 0.369377 0.661190 0.368750 0.701206 0.285311 0.699162
0 0.307683 0.319323 0.383977 0.327270 0.380981 0.372205 0.304687 0.364258
0 0.273711 0.836855 0.359512 0.839915 0.358599 0.879895 0.272798 0.876835
0 0.275353 0.890614 0.353131 0.893551 0.352117 0.935524 0.274339 0.932587
0 0.310156 0.269531 0.387828 0.277456 0.385156 0.318359 0.307485 0.310434
0 0.314457 0.211874 0.389844 0.219727 0.387107 0.260782 0.311720 0.252929
0 0.315625 0.158203 0.394366 0.170014 0.390625 0.208985 0.311884 0.197174
0 0.298649 0.428652 0.375212 0.436465 0.372657 0.475586 0.296094 0.467773
0 0.320572 0.107330 0.399218 0.121093 0.395052 0.158294 0.316406 0.144531
0 0.578126 0.048828 0.651563 0.048828 0.651563 0.087890 0.578126 0.087890
0 0.579687 0.068360 0.653125 0.068360 0.653125 0.107422 0.579687 0.107422
0 0.330822 0.000000 0.402697 0.005175 0.400000 0.043945 0.328125 0.036133
0 0.585938 0.116211 0.657812 0.116211 0.657812 0.155273 0.585938 0.155273
0 0.306983 0.375197 0.381983 0.384963 0.378907 0.421875 0.303907 0.412109
0 0.582315 0.315331 0.654158 0.320901 0.652312 0.358109 0.580469 0.352539
0 0.587500 0.015626 0.656250 0.019532 0.654904 0.056564 0.586154 0.052658
0 0.329602 0.058795 0.401477 0.068560 0.398438 0.103515 0.326563 0.093750
4 0.563293 0.890847 0.678976 0.893627 0.678135 0.948283 0.562452 0.945504
4 0.554688 0.734375 0.645312 0.734375 0.645312 0.791016 0.554688 0.791016
