0 0.312337 0.335709 0.341923 0.377043 0.254687 0.474609 0.225101 0.433275
0 0.351563 0.373047 0.382346 0.408677 0.303125 0.515625 0.272342 0.479996
0 0.694637 0.821285 0.719597 0.854665 0.644313 0.942623 0.619353 0.909243
0 0.458873 0.504285 0.483188 0.534586 0.413395 0.622091 0.389080 0.591790
0 0.127617 0.778645 0.151718 0.809754 0.079847 0.896755 0.055746 0.865646
0 0.090141 0.747356 0.116565 0.785105 0.046875 0.861328 0.020451 0.823579
0 0.153703 0.824285 0.179690 0.853525 0.115045 0.943293 0.089058 0.914053
0 0.393453 0.425242 0.417692 0.455610 0.350817 0.539014 0.326578 0.508646
0 0.188646 0.870560 0.214021 0.903366 0.146882 0.984508 0.121507 0.951702
0 0.721080 0.871098 0.743731 0.903735 0.676576 0.976559 0.653925 0.943922
0 0.487498 0.554690 0.513429 0.586725 0.447266 0.670408 0.421335 0.638373
0 0.423438 0.467774 0.449219 0.500000 0.381250 0.584961 0.355469 0.552734
0 0.060937 0.701172 0.083481 0.736026 0.007813 0.812500 0.000000 0.777646
0 0.545312 0.642578 0.572894 0.672354 0.512500 0.759766 0.484918 0.729990
0 0.581250 0.693359 0.606859 0.723808 0.545312 0.804687 0.519703 0.774238
0 0.520260 0.601493 0.542915 0.631834 0.473438 0.712891 0.450783 0.682550
0 0.618750 0.746093 0.642460 0.775041 0.576562 0.859375 0.552852 0.830426
0 0.759375 0.909179 0.782031 0.937500 0.713281 0.998047 0.690625 0.995116
0 0.224201 0.914463 0.248590 0.941168 0.190013 0.998047 0.165624 0.998047
0 0.029563 0.655813 0.054995 0.686427 0.000000 0.757812 0.000000 0.727199
0 0.651562 0.789063 0.674751 0.816634 0.612500 0.898438 0.589312 0.870866
4 0.124917 0.083982 0.157919 0.130382 0.069613 0.228518 0.036611 0.182118
4 0.279718 0.277313 0.309375 0.324218 0.212500 0.419921 0.182843 0.373016
4 0.163856 0.133122 0.191677 0.174227 0.101560 0.269530 0.073739 0.228425
4 0.313900 0.335709 0.343486 0.377043 0.256250 0.474609 0.226664 0.433275
4 0.210011 0.179976 0.237499 0.219727 0.144675 0.320024 0.117187 0.280273
4 0.244783 0.224635 0.272656 0.265625 0.181355 0.362633 0.153482 0.321643
4 0.354688 0.373047 0.385472 0.408677 0.306251 0.515625 0.275467 0.479995
4 0.082031 0.037110 0.109801 0.074492 0.022301 0.176054 0.000000 0.138672
4 0.037636 0.000000 0.059375 0.011719 0.000000 0.111328 0.000000 0.091081
4 0.051951 0.000000 0.078125 0.031250 0.000000 0.130859 0.000000 0.098783
