0 0.092270 0.114771 0.147648 0.221216 0.106234 0.254881 0.050856 0.148436
0 0.661723 0.703124 0.752279 0.711070 0.749215 0.765626 0.658659 0.757680
0 0.209993 0.341282 0.265955 0.434113 0.231265 0.466788 0.175303 0.373957
0 0.141132 0.858941 0.160926 0.898407 0.076550 0.964531 0.056756 0.925065
0 0.059358 0.618360 0.093701 0.641551 0.048494 0.746154 0.014151 0.722963
0 0.061332 0.740719 0.082783 0.777240 0.008434 0.845471 0.000000 0.808950
0 0.091438 0.798049 0.112490 0.833950 0.036582 0.903502 0.015530 0.867602
0 0.153548 0.918478 0.173433 0.956976 0.104504 0.998047 0.084619 0.974106
0 0.004687 0.472656 0.038701 0.475486 0.032668 0.588780 0.000000 0.585950
0 0.031250 0.552734 0.059406 0.574156 0.015625 0.664062 0.000000 0.642640
2 0.353086 0.573452 0.508766 0.718910 0.472656 0.779296 0.316976 0.633838
