0 0.904181 0.924918 0.905468 0.975586 0.807031 0.979492 0.805744 0.928824
0 0.998438 0.542894 0.998438 0.593748 0.912390 0.597730 0.910910 0.546876
0 0.892015 0.859559 0.895313 0.908204 0.803125 0.917969 0.799827 0.869325
0 0.112500 0.166015 0.117250 0.284761 0.079688 0.287109 0.074938 0.168362
0 0.881142 0.672212 0.884407 0.721188 0.793890 0.730617 0.790625 0.681640
0 0.720829 0.878056 0.732813 0.923828 0.646875 0.958984 0.634891 0.913212
0 0.880052 0.613266 0.881250 0.658203 0.787136 0.662124 0.785938 0.617187
0 0.678125 0.445312 0.689885 0.488595 0.607073 0.523752 0.595313 0.480469
0 0.626563 0.031250 0.643750 0.076172 0.571875 0.119140 0.554688 0.074219
0 0.722617 0.944045 0.737500 0.986328 0.659375 0.998047 0.644492 0.987014
0 0.683750 0.515234 0.695313 0.558594 0.617500 0.591016 0.605937 0.547656
0 0.823341 0.552883 0.903029 0.556789 0.901563 0.603515 0.821875 0.599609
0 0.713872 0.810043 0.729175 0.850427 0.654688 0.894531 0.639385 0.854147
0 0.693750 0.742188 0.712500 0.783203 0.645192 0.831280 0.626442 0.790265
0 0.634460 0.160111 0.648438 0.201172 0.575000 0.240235 0.561022 0.199174
0 0.682813 0.587890 0.698438 0.628906 0.628992 0.670244 0.613366 0.629227
0 0.631250 0.099610 0.644098 0.138492 0.571672 0.175886 0.558824 0.137004
0 0.693750 0.679688 0.706493 0.718625 0.637500 0.753906 0.624757 0.714968
