0 0.685938 0.510970 0.724219 0.538085 0.670312 0.656998 0.632031 0.629883
0 0.703227 0.337363 0.721092 0.386677 0.629657 0.438435 0.611791 0.389121
0 0.494718 0.000000 0.504688 0.062500 0.458376 0.072456 0.448407 0.000000
0 0.190623 0.887713 0.196899 0.998047 0.153151 0.998047 0.146875 0.891602
0 0.442150 0.044891 0.450409 0.160555 0.408973 0.165179 0.400714 0.049515
0 0.786718 0.729492 0.795939 0.777901 0.697502 0.807198 0.688281 0.758789
0 0.725206 0.646125 0.749220 0.687499 0.669532 0.759765 0.645519 0.718391
0 0.592782 0.674226 0.602157 0.801179 0.563282 0.805664 0.553907 0.678711
0 0.582087 0.485821 0.586774 0.606914 0.546093 0.609375 0.541406 0.488282
0 0.769880 0.858956 0.775192 0.912080 0.685000 0.926173 0.679688 0.873048
0 0.655089 0.211302 0.693750 0.226563 0.665223 0.339480 0.626562 0.324219
0 0.812500 0.796875 0.818750 0.847657 0.729046 0.864907 0.722796 0.814126
0 0.692187 0.414063 0.714605 0.444692 0.640625 0.529297 0.618207 0.498668
0 0.675772 0.062287 0.694530 0.100586 0.616414 0.160369 0.597656 0.122070
0 0.671896 0.000000 0.687500 0.016602 0.606250 0.071289 0.590646 0.035066
1 0.568736 0.279087 0.578125 0.423829 0.537513 0.427945 0.528125 0.283203
