0 0.956383 0.859487 0.959552 0.911134 0.857554 0.920911 0.854386 0.869264
0 0.948434 0.796845 0.950319 0.852676 0.856196 0.857639 0.854312 0.801808
0 0.495312 0.371094 0.593749 0.371094 0.593749 0.425782 0.495312 0.425782
0 0.603389 0.560536 0.604688 0.613281 0.503125 0.617188 0.501826 0.564443
0 0.835938 0.182617 0.931250 0.182617 0.931250 0.234375 0.835938 0.234375
0 0.608648 0.806692 0.610442 0.855364 0.507758 0.861276 0.505964 0.812603
0 0.960937 0.730469 0.963332 0.779113 0.859375 0.787109 0.856980 0.738465
0 0.216274 0.627844 0.312024 0.629873 0.311374 0.677810 0.215624 0.675781
0 0.718538 0.028268 0.723025 0.075737 0.626326 0.090018 0.621840 0.042549
0 0.729845 0.114476 0.731407 0.165257 0.634375 0.169922 0.632813 0.119141
0 0.078125 0.386719 0.175000 0.388672 0.174345 0.439471 0.077470 0.437518
0 0.611276 0.935411 0.612500 0.984374 0.512500 0.988281 0.511276 0.939318
0 0.589167 0.140258 0.590730 0.192993 0.498437 0.197266 0.496874 0.144531
0 0.943278 0.488214 0.945312 0.539063 0.850472 0.544990 0.848438 0.494141
0 0.639063 0.500000 0.737500 0.500000 0.737500 0.548828 0.639063 0.548828
0 0.648437 0.748047 0.742187 0.748047 0.742187 0.798828 0.648437 0.798828
0 0.640625 0.556641 0.737500 0.556641 0.737500 0.605469 0.640625 0.605469
0 0.603125 0.687500 0.604424 0.736209 0.507813 0.740234 0.506514 0.691525
0 0.934560 0.310539 0.935937 0.361328 0.843564 0.365242 0.842187 0.314454
0 0.959375 0.927735 0.960792 0.977336 0.868749 0.981445 0.867332 0.931844
0 0.162687 0.632870 0.164062 0.683593 0.071875 0.687500 0.070500 0.636777
0 0.743750 0.685547 0.745515 0.734097 0.650186 0.739513 0.648421 0.690963
0 0.210938 0.505859 0.301562 0.505859 0.301562 0.556641 0.210938 0.556641
0 0.742188 0.806640 0.743490 0.855479 0.649740 0.859386 0.648438 0.810547
0 0.301540 0.323599 0.303086 0.372305 0.209374 0.376953 0.207828 0.328247
0 0.085937 0.570313 0.171875 0.570313 0.171875 0.623047 0.085937 0.623047
0 0.846653 0.249980 0.935374 0.257901 0.932471 0.308703 0.843750 0.300781
0 0.732812 0.435546 0.735463 0.484415 0.643276 0.492228 0.640625 0.443359
0 0.499052 0.259746 0.595312 0.261719 0.594697 0.308614 0.498437 0.306641
0 0.940525 0.428635 0.942088 0.475510 0.846875 0.480469 0.845313 0.433594
0 0.732812 0.185547 0.734502 0.236240 0.646894 0.240803 0.645204 0.190110
0 0.294062 0.449205 0.295312 0.496093 0.201250 0.500013 0.200000 0.453125
0 0.646051 0.373064 0.731989 0.375017 0.731251 0.425782 0.645313 0.423829
0 0.645312 0.316406 0.731250 0.316406 0.731250 0.367188 0.645312 0.367188
0 0.854688 0.556641 0.951563 0.556641 0.951563 0.601563 0.854688 0.601563
0 0.501562 0.203125 0.589062 0.203125 0.589062 0.251953 0.501562 0.251953
0 0.210938 0.089843 0.301562 0.089843 0.301562 0.136718 0.210938 0.136718
0 0.081250 0.328124 0.168750 0.328124 0.168750 0.374999 0.081250 0.374999
0 0.731250 0.253906 0.732489 0.298842 0.641864 0.302748 0.640625 0.257812
0 0.598438 0.501953 0.599701 0.546957 0.510639 0.550863 0.509375 0.505859
0 0.860937 0.662109 0.950000 0.662109 0.950000 0.707031 0.860937 0.707031
0 0.600001 0.871094 0.601438 0.917824 0.517188 0.921875 0.515750 0.875144
0 0.217188 0.570312 0.300000 0.570312 0.300000 0.613281 0.217188 0.613281
0 0.085938 0.099609 0.164062 0.099609 0.164062 0.144531 0.085938 0.144531
0 0.728125 0.621094 0.730551 0.662030 0.645313 0.669922 0.642887 0.628986
