0 0.403245 0.000000 0.479423 0.084025 0.450395 0.122653 0.374217 0.033207
0 0.642572 0.000000 0.738255 0.000000 0.737538 0.054687 0.641855 0.052727
0 0.733747 0.054732 0.734749 0.106472 0.637089 0.109426 0.636088 0.057686
0 0.613904 0.618155 0.716248 0.624996 0.714076 0.675755 0.611732 0.668914
0 0.599835 0.857252 0.694532 0.872096 0.689227 0.924974 0.594530 0.910130
0 0.614840 0.543978 0.711058 0.551051 0.708538 0.604598 0.612321 0.597525
0 0.348443 0.235335 0.447815 0.238342 0.446871 0.287125 0.347499 0.284118
0 0.356610 0.169911 0.451560 0.170900 0.451202 0.224621 0.356252 0.223632
0 0.620270 0.337382 0.715625 0.341797 0.714063 0.394532 0.618707 0.390117
0 0.631250 0.123047 0.725000 0.125000 0.724296 0.177785 0.630546 0.175832
0 0.635937 0.271484 0.728907 0.271484 0.728907 0.322266 0.635937 0.322266
0 0.617940 0.707092 0.718471 0.716811 0.715590 0.763384 0.615059 0.753665
0 0.628125 0.406250 0.717188 0.410156 0.715654 0.464776 0.626592 0.460870
0 0.609065 0.783135 0.702815 0.788994 0.700781 0.839843 0.607031 0.833984
0 0.633474 0.197279 0.725662 0.199233 0.725000 0.248047 0.632812 0.246093
1 0.453125 0.734375 0.501562 0.736328 0.497533 0.892478 0.449095 0.890525
