0 0.386401 0.714044 0.429688 0.720703 0.416725 0.852362 0.373438 0.845703
0 0.453255 0.614031 0.495313 0.621094 0.481121 0.753156 0.439063 0.746094
0 0.545230 0.100825 0.589063 0.105468 0.581250 0.220703 0.537418 0.216060
0 0.488980 0.190669 0.532812 0.195312 0.525000 0.310547 0.481167 0.305904
0 0.818751 0.195313 0.861067 0.198097 0.856380 0.309425 0.814063 0.306641
0 0.773438 0.072266 0.815754 0.075050 0.811067 0.186378 0.768750 0.183594
0 0.765626 0.435510 0.807813 0.437500 0.804686 0.541052 0.762500 0.539062
0 0.809376 0.556604 0.851563 0.558594 0.848437 0.662146 0.806250 0.660156
1 0.048951 0.101904 0.100632 0.117173 0.074406 0.255876 0.022724 0.240607
1 0.756250 0.154297 0.808106 0.159482 0.798438 0.310547 0.746582 0.305362
1 0.003898 0.076350 0.051563 0.091797 0.021028 0.239020 0.000000 0.223573
1 0.709502 0.048560 0.758471 0.052932 0.750000 0.201172 0.701031 0.196800
1 0.100000 0.123047 0.151958 0.133710 0.134376 0.267577 0.082418 0.256914
4 0.338980 0.108602 0.400000 0.115235 0.375000 0.474610 0.313980 0.467977
4 0.401456 0.030773 0.457812 0.037110 0.431250 0.406251 0.374894 0.399914
4 0.665859 0.088543 0.729688 0.095704 0.707579 0.403645 0.643750 0.396484
4 0.620337 0.075812 0.678125 0.082031 0.657787 0.377312 0.599999 0.371093
4 0.321964 0.000000 0.384375 0.000000 0.363974 0.225615 0.301563 0.216797
4 0.268832 0.023961 0.328125 0.029297 0.313980 0.274867 0.254687 0.269531
