0 0.334386 0.362393 0.381250 0.363281 0.379677 0.493075 0.332812 0.492187
0 0.401549 0.772430 0.403112 0.893524 0.353125 0.894532 0.351562 0.773438
0 0.978058 0.031646 0.982813 0.140625 0.931319 0.144136 0.926563 0.035157
0 0.998437 0.355469 0.998438 0.414053 0.915783 0.418027 0.914018 0.359443
0 0.650000 0.007813 0.653125 0.134766 0.612538 0.136327 0.609413 0.009374
0 0.820313 0.474610 0.823789 0.591925 0.781601 0.593879 0.778125 0.476563
0 0.493750 0.091797 0.534374 0.091797 0.534374 0.208985 0.493750 0.208985
0 0.859585 0.024016 0.868960 0.137298 0.828125 0.142578 0.818750 0.029296
0 0.620312 0.304688 0.657812 0.304688 0.657812 0.427734 0.620312 0.427734
0 0.514063 0.738281 0.553125 0.738281 0.553125 0.855469 0.514063 0.855469
0 0.909375 0.023438 0.916753 0.138716 0.877691 0.142622 0.870313 0.027344
0 0.543710 0.441824 0.546876 0.562501 0.509416 0.564036 0.506251 0.443359
0 0.381340 0.098889 0.389153 0.206311 0.348438 0.210937 0.340625 0.103515
0 0.828125 0.783203 0.839158 0.907322 0.804687 0.912109 0.793655 0.787990
0 0.828125 0.626953 0.835938 0.736328 0.796769 0.740699 0.788956 0.631324
0 0.839039 0.917372 0.842189 0.998047 0.801585 0.998047 0.798435 0.919850
0 0.371874 0.214843 0.387499 0.326172 0.350322 0.334325 0.334697 0.222996
0 0.662500 0.464844 0.666543 0.576032 0.628979 0.578166 0.624935 0.466978
0 0.926562 0.242188 0.929909 0.289038 0.842188 0.298828 0.838841 0.251978
0 0.551573 0.889083 0.554702 0.998047 0.520317 0.998047 0.517188 0.890625
0 0.673354 0.611833 0.679688 0.720703 0.642272 0.724105 0.635938 0.615235
0 0.512500 0.587890 0.548438 0.587890 0.548438 0.701172 0.512500 0.701172
0 0.539128 0.258331 0.542253 0.375518 0.507812 0.376953 0.504687 0.259766
0 0.654752 0.173412 0.659440 0.284741 0.623438 0.287109 0.618750 0.175781
0 0.998438 0.292969 0.998438 0.341714 0.931272 0.353747 0.926084 0.305002
0 0.443771 0.922599 0.481250 0.923828 0.479667 0.998047 0.442188 0.998047
0 0.959593 0.419548 0.998438 0.455061 0.998438 0.500001 0.941617 0.464487
0 0.381033 0.000000 0.384376 0.074219 0.347093 0.076755 0.343750 0.000000
0 0.348438 0.527344 0.382830 0.528171 0.381250 0.630860 0.346858 0.630033
0 0.495312 0.000000 0.531250 0.000000 0.531250 0.052734 0.495312 0.052734
0 0.998438 0.242188 0.998438 0.283183 0.932813 0.285156 0.932033 0.244161
0 0.367209 0.925305 0.401563 0.927734 0.398271 0.998047 0.363918 0.998047
1 0.637500 0.791016 0.676562 0.791016 0.676562 0.898438 0.637500 0.898438
