0 0.998437 0.250000 0.998438 0.308669 0.927849 0.312616 0.925809 0.253947
0 0.000000 0.457031 0.078125 0.457031 0.078125 0.517578 0.000000 0.517578
0 0.418751 0.443359 0.521876 0.443359 0.521876 0.500000 0.418751 0.500000
0 0.809375 0.275391 0.910937 0.275391 0.910937 0.332031 0.809375 0.332031
0 0.196875 0.457031 0.200845 0.511622 0.096875 0.523437 0.092905 0.468845
0 0.158022 0.312341 0.265834 0.318201 0.264062 0.369141 0.156250 0.363281
0 0.399307 0.279248 0.400000 0.332031 0.302255 0.334034 0.301562 0.281251
0 0.723640 0.421930 0.725000 0.474610 0.628125 0.478516 0.626766 0.425836
0 0.517188 0.312500 0.519091 0.363261 0.418750 0.369140 0.416847 0.318379
0 0.339063 0.458985 0.340683 0.511641 0.248451 0.516075 0.246831 0.463419
0 0.958227 0.443055 0.960938 0.492188 0.866773 0.500305 0.864062 0.451172
0 0.765624 0.433593 0.856923 0.435561 0.856250 0.484375 0.764951 0.482407
0 0.542432 0.261639 0.543750 0.308593 0.452880 0.312579 0.451562 0.265625
0 0.000000 0.277272 0.073579 0.281258 0.071748 0.334056 0.000000 0.330070
