0 0.864062 0.687500 0.978124 0.687500 0.978124 0.748047 0.864062 0.748047
0 0.376563 0.689453 0.484375 0.689453 0.484375 0.751953 0.376563 0.751953
0 0.617188 0.580078 0.728124 0.580078 0.728124 0.640625 0.617188 0.640625
0 0.598437 0.699219 0.703125 0.699219 0.703125 0.759766 0.598437 0.759766
0 0.575681 0.813709 0.682844 0.818323 0.681282 0.874997 0.574120 0.870383
0 0.187806 0.574669 0.190625 0.632812 0.087500 0.640625 0.084681 0.582482
0 0.638135 0.087845 0.745948 0.089798 0.745313 0.144531 0.637501 0.142578
0 0.058613 0.285930 0.103125 0.296876 0.083575 0.421102 0.039063 0.410157
0 0.348584 0.580073 0.350000 0.636719 0.249854 0.640631 0.248438 0.583985
0 0.740734 0.262797 0.787499 0.265626 0.782812 0.386719 0.736047 0.383890
0 0.578126 0.296875 0.581305 0.426050 0.537500 0.427735 0.534321 0.298560
0 0.984375 0.269531 0.992286 0.396108 0.948437 0.400391 0.940526 0.273814
0 0.278125 0.679687 0.279688 0.736328 0.181475 0.740561 0.179913 0.683921
0 0.875101 0.093746 0.876563 0.150390 0.779587 0.154300 0.778125 0.097656
0 0.795313 0.251953 0.835937 0.251953 0.835937 0.384765 0.795313 0.384765
0 0.285937 0.476562 0.384374 0.476562 0.384374 0.531250 0.285937 0.531250
0 0.000000 0.072266 0.093750 0.072266 0.093750 0.125000 0.000000 0.125000
0 0.871205 0.509748 0.871875 0.562500 0.772545 0.564471 0.771875 0.511718
0 0.587500 0.273437 0.632812 0.273437 0.632812 0.388673 0.587500 0.388673
0 0.557400 0.486314 0.663650 0.490220 0.662501 0.539063 0.556250 0.535156
0 0.676562 0.259765 0.678125 0.380859 0.635974 0.381709 0.634411 0.260615
0 0.210826 0.486061 0.229883 0.531718 0.143750 0.587891 0.124693 0.542234
0 0.989060 0.093680 0.990624 0.148438 0.901564 0.152413 0.900000 0.097656
0 0.918750 0.539063 0.998438 0.547128 0.998438 0.595703 0.915719 0.587638
0 0.270701 0.783127 0.271874 0.830078 0.169923 0.834061 0.168749 0.787110
0 0.887484 0.260687 0.889062 0.365235 0.845328 0.366267 0.843750 0.261719
0 0.000000 0.574218 0.069162 0.578147 0.067245 0.630862 0.000000 0.626933
0 0.728125 0.265625 0.729688 0.378906 0.690583 0.379749 0.689020 0.266468
