0 0.364850 0.234374 0.395293 0.270353 0.329950 0.356744 0.299507 0.320765
0 0.441131 0.333423 0.470313 0.369141 0.396875 0.462891 0.367693 0.427173
0 0.486755 0.393605 0.517187 0.435547 0.448126 0.513844 0.417693 0.471901
0 0.725001 0.705078 0.754800 0.746148 0.685938 0.824218 0.656138 0.783148
0 0.921415 0.930513 0.940784 0.971806 0.873752 0.998047 0.854383 0.979643
0 0.401535 0.284184 0.432175 0.323038 0.370533 0.398992 0.339893 0.360138
0 0.293777 0.151352 0.321919 0.186587 0.252395 0.273348 0.224253 0.238113
0 0.831366 0.843486 0.857813 0.878907 0.787500 0.960938 0.761053 0.925517
0 0.325782 0.190430 0.353985 0.227446 0.288282 0.305664 0.260079 0.268648
0 0.889062 0.828124 0.962499 0.916015 0.938054 0.947930 0.864616 0.860039
0 0.692187 0.660156 0.719653 0.698200 0.654687 0.771484 0.627222 0.733440
0 0.790882 0.799733 0.820570 0.832936 0.762500 0.914063 0.732812 0.880860
0 0.242709 0.081333 0.269532 0.110357 0.208241 0.198865 0.181418 0.169841
0 0.194487 0.020404 0.223438 0.054688 0.164889 0.131940 0.135938 0.097656
0 0.205424 0.037982 0.234375 0.072266 0.175826 0.149518 0.146875 0.115234
0 0.862153 0.900769 0.890673 0.932563 0.832379 0.998047 0.803859 0.982477
0 0.763451 0.760468 0.787500 0.789062 0.725610 0.870392 0.701562 0.841798
0 0.528122 0.465709 0.554687 0.497070 0.500002 0.569447 0.473437 0.538086
