0 0.913249 0.872199 0.998438 0.884686 0.998438 0.933985 0.908851 0.921498
0 0.745314 0.675789 0.786518 0.685598 0.767186 0.812492 0.725982 0.802684
0 0.325184 0.594669 0.367371 0.606388 0.345312 0.730469 0.303125 0.718750
0 0.609375 0.648432 0.647897 0.660960 0.622655 0.782232 0.584134 0.769704
0 0.497058 0.966797 0.604688 0.966797 0.604688 0.998047 0.497058 0.998047
0 0.024988 0.322583 0.079584 0.428917 0.045786 0.456031 0.000000 0.349697
0 0.860924 0.683586 0.901965 0.692190 0.885952 0.811530 0.844911 0.802926
0 0.807813 0.666015 0.850155 0.676780 0.831250 0.792969 0.788907 0.782204
0 0.099433 0.344176 0.160371 0.443786 0.128125 0.474610 0.067187 0.375000
0 0.500000 0.164063 0.503876 0.214941 0.405438 0.226659 0.401562 0.175782
0 0.391993 0.947229 0.486083 0.965170 0.479881 0.998047 0.385791 0.998047
0 0.000000 0.826171 0.048614 0.869214 0.024148 0.912389 0.000000 0.869345
0 0.393863 0.533702 0.484488 0.555186 0.476563 0.607422 0.385938 0.585938
0 0.087753 0.573062 0.127219 0.586280 0.103527 0.696812 0.064061 0.683594
0 0.140625 0.597656 0.180951 0.609070 0.162201 0.712586 0.121875 0.701173
0 0.696874 0.683593 0.736189 0.693793 0.718750 0.798828 0.679435 0.788629
0 0.205898 0.407288 0.245313 0.509766 0.211290 0.530212 0.171875 0.427734
0 0.563235 0.633042 0.600735 0.644761 0.579687 0.750000 0.542187 0.738281
0 0.350697 0.438452 0.443047 0.462329 0.436091 0.504368 0.343741 0.480491
0 0.410938 0.662109 0.415625 0.777344 0.379780 0.779623 0.375093 0.664388
0 0.476563 0.230468 0.484375 0.273438 0.398269 0.297900 0.390457 0.254930
0 0.043750 0.572265 0.076968 0.588549 0.045718 0.688158 0.012500 0.671875
0 0.502857 0.638334 0.534375 0.646485 0.515625 0.759766 0.484107 0.751615
0 0.445312 0.642578 0.477475 0.650336 0.460287 0.761664 0.428125 0.753906
0 0.650000 0.677734 0.682907 0.689025 0.660852 0.789454 0.627945 0.778163
