0 0.267188 0.649415 0.318750 0.649415 0.318750 0.776367 0.267188 0.776367
0 0.731250 0.164062 0.779688 0.164062 0.779688 0.289062 0.731250 0.289062
0 0.425309 0.294229 0.471875 0.296875 0.467187 0.425781 0.420621 0.423135
0 0.629858 0.629575 0.636894 0.751837 0.592184 0.755858 0.585148 0.633595
0 0.065344 0.296820 0.068755 0.425991 0.026562 0.427732 0.023151 0.298561
0 0.072623 0.164495 0.116439 0.164495 0.116439 0.288629 0.072623 0.288629
0 0.375844 0.560628 0.419531 0.561523 0.417906 0.685466 0.374219 0.684570
0 0.364032 0.306515 0.365672 0.431525 0.326730 0.432323 0.325090 0.307313
0 0.989098 0.830477 0.998438 0.957479 0.963280 0.962893 0.951557 0.835891
0 0.385937 0.175782 0.418978 0.181564 0.407813 0.281250 0.374772 0.275468
