0 0.788680 0.728798 0.837821 0.730748 0.834709 0.853276 0.785568 0.851326
0 0.938550 0.722646 0.950287 0.845478 0.904717 0.852282 0.892981 0.729450
0 0.998438 0.439453 0.998438 0.570364 0.986009 0.571787 0.979662 0.440876
0 0.975781 0.444336 0.980491 0.566011 0.937509 0.568610 0.932799 0.446935
0 0.130682 0.905169 0.230461 0.920894 0.225150 0.973551 0.125371 0.957826
0 0.921030 0.436815 0.925813 0.555734 0.883686 0.558381 0.878903 0.439462
0 0.721092 0.527349 0.727346 0.643558 0.685918 0.647042 0.679664 0.530832
0 0.145378 0.274283 0.231334 0.336878 0.210970 0.380571 0.125015 0.317976
0 0.454442 0.323196 0.466449 0.431989 0.422902 0.439498 0.410895 0.330705
0 0.392187 0.320313 0.406250 0.439453 0.365137 0.447035 0.351074 0.327895
0 0.734375 0.726562 0.776563 0.726562 0.776563 0.843750 0.734375 0.843750
0 0.208150 0.177549 0.229688 0.219727 0.153570 0.280459 0.132032 0.238281
0 0.128907 0.828125 0.222657 0.828125 0.222657 0.878906 0.128907 0.878906
0 0.142969 0.548828 0.239844 0.552734 0.238585 0.601512 0.141710 0.597606
0 0.139367 0.684567 0.234683 0.685560 0.234371 0.732431 0.139055 0.731438
0 0.215584 0.041894 0.234274 0.086393 0.152282 0.140202 0.133592 0.095702
0 0.317233 0.332909 0.323483 0.454003 0.285937 0.457031 0.279688 0.335937
0 0.235513 0.465273 0.242188 0.513672 0.151563 0.533204 0.144888 0.484804
0 0.217278 0.109757 0.231365 0.149473 0.146880 0.196295 0.132793 0.156579
0 0.815778 0.305071 0.826560 0.413070 0.791576 0.418527 0.780794 0.310527
0 0.847656 0.725586 0.889844 0.725586 0.889843 0.821290 0.847656 0.821290
0 0.866356 0.449474 0.869563 0.557724 0.832895 0.559422 0.829687 0.451172
4 0.221884 0.613061 0.229688 0.656251 0.149455 0.678905 0.141650 0.635715
