0 0.876801 0.636657 0.917394 0.639560 0.911984 0.757797 0.871390 0.754894
0 0.289122 0.558742 0.330519 0.561591 0.325188 0.682614 0.283791 0.679765
0 0.517223 0.607919 0.556250 0.609375 0.553125 0.740235 0.514098 0.738778
0 0.932082 0.651037 0.971141 0.652353 0.968754 0.763063 0.929695 0.761747
0 0.579044 0.738389 0.618919 0.740233 0.615712 0.848619 0.575837 0.846775
0 0.116451 0.678903 0.154691 0.682611 0.147611 0.796683 0.109371 0.792975
0 0.688281 0.746091 0.728154 0.748035 0.724739 0.857453 0.684866 0.855509
0 0.601613 0.581582 0.637500 0.587890 0.623437 0.712890 0.587550 0.706582
0 0.757429 0.638581 0.795671 0.640258 0.792601 0.749609 0.754359 0.747932
0 0.917999 0.781285 0.954695 0.783034 0.951533 0.886683 0.914837 0.884934
0 0.460151 0.596771 0.498467 0.598542 0.495315 0.705059 0.457000 0.703288
0 0.158561 0.540866 0.192146 0.543001 0.187457 0.658234 0.153872 0.656099
0 0.003125 0.554688 0.040625 0.554688 0.040625 0.664062 0.003125 0.664062
0 0.171652 0.685897 0.207840 0.688399 0.203126 0.794917 0.166938 0.792415
0 0.981248 0.779107 0.998438 0.779798 0.998438 0.883979 0.978891 0.883288
0 0.004719 0.684972 0.034375 0.687500 0.029657 0.774012 0.000001 0.771484
