0 0.824173 0.245080 0.862765 0.263568 0.827389 0.378944 0.788798 0.360456
0 0.792153 0.457056 0.831051 0.461675 0.822488 0.574364 0.783590 0.569745
0 0.177871 0.538057 0.213842 0.539784 0.210175 0.659111 0.174204 0.657384
0 0.820273 0.016868 0.859416 0.019404 0.854713 0.132806 0.815570 0.130269
0 0.785401 0.584150 0.822929 0.588733 0.814161 0.700918 0.776634 0.696335
0 0.008071 0.515376 0.046382 0.517551 0.042193 0.632812 0.003882 0.630637
0 0.758594 0.791992 0.806843 0.799691 0.797468 0.891488 0.749219 0.883789
0 0.228126 0.529297 0.264079 0.530086 0.262500 0.642579 0.226547 0.641790
0 0.113273 0.657096 0.146088 0.658931 0.142195 0.767708 0.109380 0.765873
0 0.256271 0.078122 0.292221 0.079482 0.289833 0.178120 0.253883 0.176760
0 0.066420 0.527020 0.099218 0.529297 0.094516 0.635090 0.061718 0.632813
0 0.052344 0.658203 0.083608 0.659706 0.080470 0.761719 0.049206 0.760215
0 0.998438 0.351255 0.998438 0.383661 0.969359 0.435689 0.947976 0.403283
0 0.135157 0.543945 0.164976 0.553036 0.149219 0.633789 0.119400 0.624698
4 0.385698 0.000000 0.476953 0.039371 0.458430 0.087314 0.367175 0.032225
