0 0.531652 0.650755 0.570313 0.666016 0.541786 0.778933 0.503125 0.763672
0 0.732891 0.429395 0.769453 0.444629 0.743672 0.541309 0.707109 0.526075
0 0.649498 0.285675 0.684375 0.302734 0.655190 0.395965 0.620313 0.378906
0 0.724086 0.764539 0.762500 0.777344 0.743102 0.868273 0.704688 0.855469
0 0.636882 0.795565 0.671875 0.808594 0.650000 0.900391 0.615007 0.887362
0 0.895469 0.368555 0.929687 0.382813 0.905937 0.471875 0.871719 0.457617
0 0.807813 0.185547 0.842407 0.202422 0.816761 0.284567 0.782167 0.267692
0 0.718343 0.029350 0.751562 0.044922 0.726969 0.126900 0.693750 0.111328
0 0.880073 0.174148 0.910937 0.185547 0.890239 0.273118 0.859375 0.261719
0 0.789062 0.025391 0.820312 0.039063 0.798608 0.116579 0.767358 0.102907
0 0.909375 0.055664 0.937430 0.067639 0.915031 0.149636 0.886976 0.137661
