0 0.450000 0.814453 0.495312 0.814453 0.495312 0.935547 0.450000 0.935547
0 0.667188 0.156250 0.711054 0.159968 0.704804 0.275202 0.660938 0.271484
0 0.660938 0.708984 0.671094 0.823242 0.628906 0.829102 0.618750 0.714844
0 0.317188 0.740234 0.318792 0.860546 0.281250 0.861328 0.279646 0.741016
0 0.667203 0.312110 0.704688 0.314453 0.699985 0.432030 0.662500 0.429687
0 0.428125 0.230468 0.434527 0.350508 0.398437 0.353516 0.392035 0.233476
0 0.346875 0.365235 0.382813 0.365235 0.382813 0.484375 0.346875 0.484375
0 0.659381 0.072474 0.662506 0.181850 0.623437 0.183594 0.620312 0.074218
0 0.362788 0.000000 0.398438 0.000000 0.390338 0.107704 0.354688 0.103515
0 0.269589 0.000000 0.300000 0.000000 0.253477 0.086228 0.223066 0.060591
0 0.395313 0.859374 0.398452 0.977083 0.364063 0.978516 0.360924 0.860807
0 0.528124 0.000000 0.562500 0.000000 0.562500 0.095704 0.528124 0.095704
0 0.675219 0.943814 0.712499 0.947266 0.709285 0.998047 0.672004 0.998047
0 0.681249 0.630859 0.712573 0.632365 0.709375 0.736329 0.678050 0.734823
1 0.456250 0.257812 0.493750 0.257812 0.493750 0.382812 0.456250 0.382812
