0 0.482774 0.584978 0.484337 0.704118 0.437500 0.705078 0.435937 0.585938
0 0.403125 0.648438 0.406250 0.785157 0.367175 0.786552 0.364050 0.649833
0 0.948438 0.804687 0.950025 0.921776 0.906261 0.922703 0.904673 0.805615
0 0.595313 0.291016 0.634415 0.291779 0.632813 0.419922 0.593711 0.419159
0 0.521875 0.269531 0.560952 0.270282 0.559375 0.398437 0.520298 0.397686
0 0.811100 0.315774 0.851563 0.332031 0.823438 0.441406 0.782975 0.425149
0 0.639048 0.901895 0.642198 0.998047 0.603140 0.998047 0.599990 0.903895
0 0.843750 0.857422 0.854738 0.979075 0.817188 0.984374 0.806200 0.862721
0 0.850501 0.686825 0.879688 0.720703 0.818249 0.803409 0.789062 0.769531
0 0.803125 0.189454 0.842203 0.190296 0.840641 0.303576 0.801563 0.302734
0 0.164062 0.365234 0.201562 0.365234 0.201562 0.478516 0.164062 0.478516
0 0.938893 0.187652 0.942018 0.293121 0.903125 0.294922 0.900000 0.189453
0 0.399983 0.917518 0.403125 0.998047 0.370377 0.998047 0.367235 0.919515
0 0.934289 0.943864 0.937500 0.998047 0.901645 0.998047 0.898435 0.947184
0 0.164105 0.524603 0.196875 0.525391 0.195313 0.626953 0.162543 0.626165
0 0.631250 0.626953 0.634375 0.726562 0.601552 0.728171 0.598427 0.628562
