0 0.140547 0.176862 0.210859 0.258893 0.178125 0.302734 0.107813 0.220703
0 0.297729 0.066974 0.347729 0.164630 0.309375 0.195312 0.259376 0.097656
0 0.284465 0.389078 0.337591 0.492594 0.301563 0.521484 0.248438 0.417968
0 0.471875 0.404297 0.524063 0.497207 0.487501 0.529297 0.435313 0.436387
0 0.327743 0.298141 0.378858 0.389988 0.342187 0.421875 0.291073 0.330028
0 0.194805 0.030853 0.240117 0.132415 0.203125 0.158203 0.157813 0.056641
0 0.256249 0.169922 0.306992 0.263081 0.271875 0.292968 0.221132 0.199809
0 0.556250 0.542969 0.648438 0.542969 0.648438 0.589844 0.556250 0.589844
0 0.745178 0.919775 0.808433 0.998047 0.783569 0.998047 0.720313 0.951172
0 0.039063 0.605468 0.064719 0.630715 0.003125 0.728516 0.000000 0.703269
0 0.063602 0.095254 0.115165 0.165566 0.087500 0.197266 0.035937 0.126954
0 0.396875 0.425782 0.441140 0.506802 0.412501 0.531250 0.368236 0.450230
0 0.217456 0.281740 0.258081 0.355959 0.231250 0.378906 0.190625 0.304687
