0 0.514706 0.535082 0.518750 0.589844 0.415924 0.601708 0.411880 0.546946
0 0.135938 0.652343 0.139775 0.710864 0.043750 0.720703 0.039913 0.662182
0 0.614395 0.322313 0.615625 0.373047 0.512501 0.376953 0.511271 0.326219
0 0.107180 0.452038 0.123438 0.500000 0.031251 0.548829 0.014992 0.500866
0 0.451563 0.203125 0.553125 0.203125 0.553125 0.253906 0.451563 0.253906
0 0.210569 0.420828 0.228125 0.470704 0.142303 0.517906 0.124747 0.468030
0 0.615355 0.210864 0.715625 0.214843 0.714334 0.265698 0.614063 0.261719
0 0.355337 0.649069 0.360938 0.705078 0.273437 0.718750 0.267837 0.662740
0 0.998438 0.556641 0.998438 0.609224 0.952887 0.619587 0.946209 0.567003
0 0.327433 0.282476 0.422775 0.287441 0.421093 0.337890 0.325751 0.332925
0 0.759916 0.603088 0.762500 0.652344 0.667188 0.660156 0.664604 0.610900
0 0.722598 0.521083 0.728126 0.570313 0.636778 0.586339 0.631250 0.537109
0 0.226562 0.199219 0.317187 0.199219 0.317187 0.248047 0.226562 0.248047
0 0.956250 0.152343 0.998438 0.152343 0.998438 0.203125 0.956250 0.203125
0 0.934375 0.310547 0.936415 0.357283 0.848437 0.363281 0.846398 0.316545
0 0.818751 0.228516 0.903125 0.228516 0.903125 0.275391 0.818751 0.275391
0 0.068750 0.253906 0.070476 0.300620 0.000000 0.304688 0.000000 0.257974
2 0.856608 0.668593 0.862500 0.732421 0.700000 0.755859 0.694108 0.692030
