0 0.506143 0.846810 0.525304 0.998047 0.475107 0.998047 0.455946 0.856747
0 0.659376 0.774414 0.662596 0.830767 0.550001 0.840820 0.546780 0.784467
0 0.825851 0.765490 0.826563 0.824219 0.723437 0.826172 0.722726 0.767444
0 0.398438 0.816406 0.403252 0.954817 0.362500 0.957032 0.357686 0.818621
0 0.381258 0.244496 0.384383 0.373402 0.342187 0.375000 0.339063 0.246094
0 0.371629 0.662073 0.379688 0.791016 0.339309 0.794959 0.331250 0.666016
0 0.392188 0.527344 0.393750 0.660156 0.354696 0.660874 0.353134 0.528062
0 0.493750 0.564454 0.497659 0.691520 0.457034 0.693473 0.453125 0.566407
0 0.490602 0.417371 0.495312 0.539062 0.453148 0.541613 0.448438 0.419921
0 0.373505 0.093560 0.378341 0.220504 0.342187 0.222656 0.337351 0.095712
0 0.384519 0.388407 0.389206 0.507548 0.353126 0.509766 0.348438 0.390625
0 0.360985 0.000000 0.365695 0.081518 0.332835 0.084383 0.328125 0.000000
