0 0.995069 0.017173 0.998438 0.127241 0.963584 0.133679 0.952843 0.023611
0 0.952687 0.918336 0.984825 0.954584 0.927285 0.998047 0.895147 0.998047
0 0.922738 0.000000 0.936700 0.049666 0.895120 0.063869 0.881157 0.000000
0 0.840255 0.189599 0.854695 0.298824 0.817559 0.306495 0.803119 0.197270
0 0.934761 0.077364 0.950020 0.180485 0.912906 0.189066 0.897646 0.085945
0 0.955394 0.193856 0.971184 0.294517 0.933744 0.303694 0.917954 0.203033
0 0.486491 0.924698 0.559358 0.977539 0.541633 0.998047 0.468766 0.962892
0 0.050781 0.419921 0.097657 0.505859 0.067209 0.531809 0.020333 0.445871
0 0.874979 0.090834 0.889139 0.192897 0.853207 0.200686 0.839047 0.098623
0 0.897448 0.230085 0.909010 0.331803 0.873098 0.338181 0.861536 0.236463
0 0.978125 0.171574 0.998438 0.171574 0.998438 0.279598 0.978125 0.279598
0 0.842847 0.000000 0.860938 0.042969 0.830591 0.057807 0.812500 0.000000
2 0.791904 0.000000 0.834381 0.136727 0.783096 0.158238 0.740619 0.000000
