0 0.435176 0.032781 0.438092 0.142128 0.394432 0.143947 0.391516 0.034600
0 0.040908 0.572439 0.137998 0.582261 0.134594 0.634839 0.037504 0.625017
0 0.043268 0.507832 0.140347 0.515729 0.137704 0.566490 0.040625 0.558593
0 0.644525 0.795885 0.685957 0.797225 0.683599 0.911147 0.642167 0.909807
0 0.032525 0.923683 0.124712 0.927589 0.123437 0.974609 0.031250 0.970703
0 0.034056 0.656102 0.128125 0.660156 0.126882 0.705227 0.032813 0.701172
0 0.082474 0.165065 0.159072 0.167994 0.157878 0.216809 0.081280 0.213880
0 0.030999 0.452972 0.120313 0.457031 0.119001 0.502106 0.029687 0.498047
0 0.648049 0.590604 0.683983 0.590604 0.683983 0.697482 0.648049 0.697482
0 0.649989 0.357012 0.685922 0.357420 0.685167 0.461348 0.649234 0.460940
0 0.650000 0.156250 0.685938 0.156250 0.685938 0.261718 0.650000 0.261718
0 0.682773 0.000000 0.684375 0.050781 0.648476 0.052492 0.646875 0.000000
0 0.000000 0.170898 0.064063 0.170898 0.064063 0.217773 0.000000 0.217773
0 0.067188 0.341797 0.153125 0.345703 0.151872 0.388757 0.065935 0.384851
0 0.587500 0.589409 0.623433 0.589841 0.622656 0.690863 0.586723 0.690431
0 0.588227 0.235391 0.624954 0.236347 0.623458 0.326171 0.586730 0.325215
0 0.054687 0.402343 0.131250 0.406249 0.129849 0.449147 0.053287 0.445240
0 0.168739 0.063028 0.203124 0.064450 0.200757 0.153810 0.166372 0.152388
0 0.384931 0.792954 0.417739 0.795010 0.414841 0.867289 0.382033 0.865234
