0 0.583482 0.314846 0.596068 0.461936 0.540736 0.469334 0.528150 0.322244
0 0.998438 0.898607 0.998438 0.965672 0.937190 0.982567 0.927035 0.915502
0 0.110153 0.581666 0.158583 0.581666 0.158583 0.745752 0.110153 0.745752
0 0.998438 0.820252 0.998438 0.880776 0.938744 0.884826 0.936222 0.824302
0 0.995313 0.556641 0.997173 0.617098 0.873437 0.623047 0.871577 0.562590
0 0.859374 0.400391 0.979688 0.400391 0.979688 0.460938 0.859374 0.460938
0 0.958850 0.245958 0.960938 0.308593 0.845837 0.314588 0.843750 0.251953
0 0.998438 0.640792 0.998438 0.701169 0.884375 0.708984 0.881787 0.648608
0 0.998438 0.728622 0.998438 0.785048 0.910937 0.794922 0.907036 0.738496
0 0.153063 0.822124 0.157346 0.966673 0.112095 0.968768 0.107812 0.824219
0 0.444864 0.000000 0.454688 0.076171 0.409824 0.084337 0.400000 0.000000
0 0.926123 0.101377 0.927345 0.156236 0.839123 0.159307 0.837901 0.104448
2 0.082411 0.064318 0.087072 0.454732 0.008995 0.456188 0.004334 0.065774
2 0.235959 0.208541 0.237521 0.595259 0.167187 0.595703 0.165625 0.208985
