0 0.419468 0.528493 0.423200 0.592648 0.314108 0.602565 0.310376 0.538410
0 0.691942 0.315897 0.694706 0.372442 0.584383 0.380869 0.581618 0.324324
0 0.923100 0.213593 0.926651 0.266498 0.822094 0.277465 0.818543 0.224560
0 0.905363 0.288938 0.908881 0.347494 0.811597 0.356626 0.808080 0.298070
0 0.998438 0.277596 0.998438 0.333676 0.948434 0.343750 0.942025 0.287670
0 0.099258 0.572295 0.102618 0.624682 0.002306 0.634737 0.000000 0.582350
0 0.463281 0.456046 0.467181 0.510821 0.361713 0.522556 0.357813 0.467781
0 0.192465 0.481403 0.198929 0.537422 0.105529 0.554263 0.099065 0.498244
0 0.050538 0.662704 0.056058 0.717766 0.000000 0.726547 0.000000 0.671484
0 0.729924 0.528703 0.734930 0.582883 0.632802 0.597629 0.627796 0.543449
0 0.998438 0.470064 0.998438 0.529306 0.912482 0.541012 0.907596 0.481770
0 0.417087 0.628952 0.421139 0.680637 0.325033 0.692408 0.320981 0.640723
1 0.698008 0.430189 0.704689 0.491195 0.593399 0.510238 0.586717 0.449233
