0 0.709010 0.576091 0.721864 0.626990 0.627711 0.664143 0.614856 0.613244
0 0.831855 0.245354 0.842187 0.292962 0.747831 0.324958 0.737499 0.277351
0 0.112831 0.699126 0.121875 0.750000 0.023437 0.777343 0.014393 0.726470
0 0.820189 0.553705 0.829709 0.598608 0.735281 0.629889 0.725761 0.584986
0 0.404261 0.386485 0.412232 0.430218 0.315009 0.457907 0.307038 0.414174
0 0.584981 0.630668 0.593750 0.673828 0.495313 0.705078 0.486544 0.661918
0 0.333185 0.546739 0.343750 0.591797 0.252753 0.625137 0.242188 0.580078
0 0.475661 0.503681 0.485938 0.550781 0.399339 0.580303 0.389063 0.533203
0 0.073437 0.570312 0.081509 0.616333 0.000000 0.638671 0.000000 0.592651
0 0.606174 0.466822 0.615625 0.511719 0.526563 0.541016 0.517111 0.496119
0 0.453174 0.671858 0.462500 0.714843 0.370264 0.746110 0.360938 0.703125
0 0.087687 0.640567 0.096225 0.684062 0.008223 0.711053 0.000000 0.667558
0 0.246632 0.660691 0.254687 0.703125 0.162500 0.730469 0.154445 0.688035
0 0.200000 0.429687 0.202729 0.476598 0.116792 0.484411 0.114063 0.437500
0 0.730641 0.419165 0.739062 0.462891 0.652171 0.489039 0.643750 0.445313
0 0.326838 0.716222 0.335938 0.761719 0.252850 0.787684 0.243750 0.742187
0 0.542356 0.565382 0.550168 0.608351 0.464062 0.632813 0.456250 0.589844
0 0.934505 0.513084 0.943750 0.554687 0.857683 0.584571 0.848438 0.542969
0 0.218750 0.599609 0.225848 0.642358 0.142188 0.664063 0.135090 0.621314
0 0.210904 0.519355 0.218716 0.560371 0.132812 0.585937 0.125000 0.544922
0 0.365661 0.615399 0.375036 0.658368 0.295313 0.685547 0.285938 0.642578
0 0.331259 0.487772 0.339062 0.525391 0.253115 0.553244 0.245312 0.515625
2 0.214063 0.734376 0.228172 0.802719 0.034375 0.865234 0.020266 0.796891
