0 0.722657 0.509766 0.725034 0.570167 0.629721 0.576026 0.627344 0.515625
0 0.503125 0.500000 0.504769 0.558590 0.415707 0.562496 0.414063 0.503906
0 0.466561 0.206869 0.468750 0.259766 0.375627 0.265787 0.373438 0.212890
0 0.715707 0.583004 0.717187 0.635742 0.628043 0.639652 0.626563 0.586914
0 0.696977 0.168168 0.701562 0.220703 0.615625 0.232422 0.611040 0.179887
0 0.998438 0.128048 0.998438 0.233225 0.990077 0.248906 0.961500 0.143729
0 0.737406 0.670827 0.739063 0.723633 0.657907 0.727611 0.656251 0.674805
0 0.167279 0.574444 0.242202 0.575242 0.241843 0.627968 0.166920 0.627170
0 0.924219 0.148438 0.953906 0.240234 0.918387 0.258183 0.888700 0.166386
0 0.264453 0.136499 0.296875 0.226562 0.263611 0.245273 0.231189 0.155210
0 0.721168 0.218636 0.725000 0.263672 0.651563 0.273438 0.647730 0.228402
0 0.412500 0.144531 0.488216 0.146503 0.487500 0.189453 0.411784 0.187481
