0 0.111719 0.812500 0.237441 0.814464 0.236719 0.886719 0.110997 0.884754
0 0.000000 0.599609 0.113280 0.599609 0.113280 0.666015 0.000000 0.666015
0 0.332671 0.722652 0.453125 0.726562 0.451705 0.794926 0.331251 0.791016
0 0.632159 0.734385 0.632812 0.798828 0.509375 0.800781 0.508722 0.736338
0 0.129687 0.523438 0.242187 0.523438 0.242187 0.589844 0.129687 0.589844
0 0.084186 0.923661 0.203125 0.927734 0.201752 0.990402 0.082813 0.986328
0 0.489063 0.595703 0.609376 0.595703 0.609376 0.656250 0.489063 0.656250
0 0.940643 0.728281 0.942188 0.792969 0.831233 0.797109 0.829688 0.732422
0 0.797006 0.728399 0.798437 0.791016 0.685806 0.795039 0.684375 0.732422
0 0.828050 0.816277 0.830469 0.882813 0.725076 0.888801 0.722657 0.822266
0 0.945423 0.598516 0.946875 0.661133 0.835827 0.665157 0.834375 0.602539
0 0.127344 0.045898 0.175782 0.045898 0.175782 0.165038 0.127344 0.165038
0 0.076563 0.062500 0.120313 0.064453 0.116851 0.185602 0.073101 0.183649
