0 0.669477 0.452901 0.712560 0.456728 0.706429 0.564561 0.663346 0.560734
0 0.833993 0.444129 0.873821 0.444129 0.873821 0.564661 0.833993 0.564661
0 0.365625 0.568359 0.407813 0.568359 0.407813 0.677734 0.365625 0.677734
0 0.425802 0.568190 0.465694 0.572459 0.458294 0.680490 0.418402 0.676221
0 0.321580 0.434002 0.350093 0.459322 0.300384 0.546786 0.271871 0.521466
0 0.651391 0.578891 0.696880 0.663079 0.664207 0.690663 0.618719 0.606475
0 0.858234 0.582375 0.880044 0.677325 0.841767 0.691063 0.819956 0.596113
0 0.626668 0.451133 0.662427 0.460513 0.644830 0.565327 0.609071 0.555947
0 0.540923 0.443342 0.571302 0.467358 0.522663 0.563488 0.492285 0.539472
0 0.215908 0.253056 0.242471 0.356571 0.206250 0.371094 0.179687 0.267579
0 0.492845 0.278944 0.525004 0.378891 0.492013 0.395477 0.459854 0.295531
0 0.984354 0.578083 0.998438 0.664918 0.998438 0.690105 0.953326 0.603270
0 0.212544 0.571022 0.249996 0.573185 0.246050 0.679954 0.208598 0.677791
0 0.583941 0.572445 0.610927 0.660107 0.574653 0.677555 0.547667 0.589893
0 0.050503 0.249124 0.085937 0.343751 0.051059 0.364158 0.015625 0.269531
0 0.588718 0.448436 0.619258 0.469558 0.576908 0.565236 0.546368 0.544114
0 0.976165 0.467022 0.998438 0.467022 0.998437 0.567158 0.976165 0.567158
0 0.937500 0.339844 0.998438 0.339844 0.998438 0.386719 0.937500 0.386719
0 0.267629 0.267645 0.303139 0.365189 0.274483 0.381489 0.238973 0.283945
0 0.435298 0.273751 0.474508 0.368882 0.446234 0.387091 0.407024 0.291960
0 0.037287 0.431533 0.065634 0.456949 0.015657 0.544047 0.000000 0.518631
0 0.715100 0.582760 0.769759 0.661436 0.745302 0.687984 0.690644 0.609308
0 0.882812 0.468750 0.918750 0.468750 0.918750 0.574219 0.882812 0.574218
0 0.799234 0.456603 0.834385 0.457034 0.833578 0.559999 0.798427 0.559568
0 0.207541 0.446897 0.236500 0.471538 0.189067 0.558639 0.160108 0.533998
0 0.798819 0.579642 0.826563 0.681641 0.793369 0.695748 0.765625 0.593750
0 0.091059 0.433555 0.121872 0.458021 0.079677 0.541052 0.048864 0.516585
0 0.260928 0.444336 0.290515 0.466940 0.247518 0.554880 0.217931 0.532276
0 0.164212 0.256407 0.181272 0.356451 0.146518 0.365711 0.129458 0.265667
0 0.085108 0.566424 0.117179 0.567167 0.115672 0.668928 0.083601 0.668186
0 0.749998 0.465823 0.751564 0.564455 0.715598 0.565347 0.714032 0.466715
0 0.140625 0.567383 0.176563 0.567383 0.176563 0.666015 0.140625 0.666015
0 0.753126 0.468750 0.793750 0.468750 0.793750 0.558594 0.753126 0.558594
0 0.034374 0.566406 0.068750 0.566406 0.068750 0.671875 0.034374 0.671875
0 0.486842 0.435473 0.517190 0.457035 0.478436 0.542261 0.448088 0.520699
0 0.316407 0.575195 0.355469 0.575195 0.355469 0.665039 0.316407 0.665039
0 0.899849 0.583080 0.925084 0.676773 0.892893 0.690320 0.867658 0.596627
0 0.147788 0.437791 0.175821 0.458013 0.134346 0.547851 0.106313 0.527629
0 0.931907 0.462859 0.962563 0.464597 0.958873 0.566277 0.928217 0.564538
0 0.585938 0.277343 0.628263 0.365521 0.600000 0.386719 0.557675 0.298540
0 0.537501 0.273438 0.570313 0.375000 0.541792 0.389398 0.508979 0.287836
0 0.423536 0.454978 0.451882 0.476051 0.411884 0.560120 0.383538 0.539047
0 0.379688 0.273437 0.416875 0.366406 0.388750 0.383985 0.351563 0.291016
0 0.943747 0.583985 0.975166 0.674280 0.945059 0.690649 0.913640 0.600354
0 0.367187 0.449219 0.395979 0.468850 0.358479 0.554787 0.329687 0.535156
0 0.317400 0.262366 0.359375 0.351562 0.332812 0.371094 0.290837 0.281898
0 0.099798 0.256578 0.136667 0.335901 0.107042 0.357416 0.070173 0.278093
0 0.000000 0.566407 0.029687 0.566407 0.029687 0.658203 0.000000 0.658203
0 0.264063 0.570313 0.296875 0.570313 0.296875 0.654297 0.264063 0.654297
