0 0.000000 0.827092 0.073704 0.913485 0.046879 0.949244 0.000000 0.862851
0 0.451527 0.340853 0.514829 0.411093 0.487615 0.449415 0.424313 0.379175
0 0.416018 0.229185 0.475779 0.297765 0.450414 0.332301 0.390653 0.263721
0 0.482792 0.302757 0.543474 0.371607 0.518186 0.406433 0.457504 0.337583
0 0.246868 0.800789 0.273934 0.828031 0.218086 0.914733 0.191020 0.887491
0 0.599423 0.139866 0.662694 0.207091 0.638271 0.243006 0.575000 0.175781
0 0.621940 0.099002 0.687600 0.166369 0.664792 0.201104 0.599132 0.133737
0 0.372365 0.124964 0.439892 0.188527 0.419871 0.221760 0.352344 0.158197
0 0.692827 0.021432 0.753269 0.093972 0.729213 0.125290 0.668771 0.052750
0 0.550459 0.000000 0.632810 0.025385 0.622809 0.062901 0.540458 0.028598
0 0.539839 0.000000 0.600780 0.071283 0.576993 0.103056 0.516052 0.031769
0 0.318751 0.208985 0.379688 0.271485 0.357301 0.305589 0.296364 0.243089
0 0.537321 0.227533 0.601744 0.292534 0.580649 0.325201 0.516227 0.260200
0 0.564491 0.186448 0.631730 0.251760 0.610194 0.286402 0.542956 0.221090
0 0.383452 0.274276 0.444048 0.340139 0.421524 0.372518 0.360928 0.306655
0 0.433509 0.043321 0.495960 0.099085 0.474941 0.135865 0.412490 0.080101
0 0.344789 0.168313 0.409375 0.233401 0.388927 0.265103 0.324342 0.200015
0 0.439322 0.000000 0.520311 0.016617 0.513942 0.051709 0.432952 0.028741
0 0.746368 0.000000 0.800894 0.053900 0.779516 0.083639 0.724990 0.022394
0 0.630485 0.034239 0.689641 0.095684 0.668824 0.126999 0.609668 0.065554
0 0.390054 0.073113 0.448464 0.134734 0.427916 0.165167 0.369506 0.103546
0 0.434908 0.000000 0.487492 0.041032 0.466960 0.069991 0.414376 0.011736
1 0.307538 0.564231 0.384184 0.643297 0.358726 0.681857 0.282080 0.602791
1 0.403796 0.435327 0.475286 0.515884 0.450824 0.549805 0.379333 0.469248
1 0.431523 0.393062 0.502518 0.473918 0.477245 0.508590 0.406250 0.427734
1 0.201395 0.532034 0.271858 0.617175 0.246911 0.649436 0.176447 0.564295
1 0.292023 0.397218 0.363286 0.482360 0.338453 0.514836 0.267190 0.429694
1 0.273331 0.616666 0.348591 0.698034 0.325267 0.731742 0.250007 0.650374
1 0.263511 0.444600 0.334224 0.529124 0.309787 0.561067 0.239074 0.476542
1 0.533596 0.463831 0.559968 0.492316 0.495135 0.586103 0.468764 0.557618
1 0.327848 0.349270 0.400001 0.437500 0.375278 0.469090 0.303125 0.380860
1 0.355283 0.315355 0.428125 0.394532 0.405655 0.426833 0.332813 0.347656
1 0.228874 0.491341 0.300743 0.570595 0.278094 0.602687 0.206225 0.523433
2 0.889303 0.473122 0.998438 0.659350 0.998438 0.712424 0.847417 0.526196
2 0.538056 0.827525 0.740810 0.957328 0.716644 0.998047 0.513889 0.886507
2 0.705571 0.678008 0.876582 0.873981 0.842519 0.920426 0.671508 0.724453
2 0.807642 0.516542 0.979687 0.703127 0.945148 0.752888 0.773103 0.566303
2 0.636205 0.761165 0.806497 0.956021 0.773169 0.998047 0.602877 0.806675
2 0.759321 0.590127 0.922771 0.768468 0.891445 0.813328 0.727995 0.634987
2 0.916471 0.396069 0.998438 0.558409 0.998438 0.606445 0.875781 0.444106
2 0.935296 0.303221 0.998438 0.439473 0.998437 0.488281 0.894390 0.352030
