0 0.589984 0.462902 0.623965 0.493585 0.569476 0.587878 0.535495 0.557195
0 0.544136 0.265634 0.584426 0.365400 0.548886 0.387826 0.508596 0.288060
0 0.744655 0.621849 0.836477 0.635373 0.831950 0.683397 0.740129 0.669873
0 0.473150 0.449562 0.504127 0.472180 0.457816 0.571286 0.426839 0.548668
0 0.660159 0.598533 0.698673 0.605859 0.685155 0.716895 0.646641 0.709568
0 0.307812 0.435577 0.339144 0.464814 0.287628 0.551073 0.256296 0.521836
0 0.809502 0.494637 0.842450 0.519805 0.800066 0.606503 0.767118 0.581336
0 0.874218 0.638673 0.912499 0.638673 0.912499 0.737305 0.874218 0.737305
0 0.874994 0.317377 0.908696 0.417253 0.873652 0.435731 0.839950 0.335854
0 0.742189 0.808615 0.832867 0.813457 0.831369 0.857297 0.740691 0.852455
0 0.119450 0.026339 0.128603 0.123591 0.092268 0.128934 0.083115 0.031683
0 0.703429 0.485379 0.734097 0.508804 0.688275 0.602539 0.657607 0.579114
0 0.258518 0.418172 0.289890 0.446056 0.242256 0.529794 0.210884 0.501910
0 0.922481 0.325387 0.954833 0.424713 0.924181 0.440313 0.891829 0.340987
0 0.915727 0.645470 0.953159 0.648321 0.948443 0.745080 0.911011 0.742230
0 0.280516 0.227781 0.306300 0.317331 0.274204 0.331771 0.248420 0.242221
0 0.709148 0.296060 0.737697 0.386634 0.704258 0.403102 0.675709 0.312528
0 0.865624 0.500522 0.896090 0.522478 0.856250 0.608854 0.825784 0.586898
0 0.114063 0.393555 0.197657 0.393555 0.197657 0.433594 0.114063 0.433594
0 0.919545 0.507484 0.946876 0.531250 0.896876 0.621094 0.869545 0.597328
0 0.763789 0.306077 0.803167 0.400397 0.773441 0.419787 0.734063 0.325467
0 0.971702 0.516372 0.998438 0.540137 0.959378 0.625004 0.929088 0.601239
0 0.597889 0.273778 0.632024 0.366224 0.600537 0.384390 0.566402 0.291944
0 0.338020 0.242911 0.356164 0.329420 0.324592 0.339767 0.306448 0.253258
0 0.431580 0.256887 0.468750 0.343750 0.441075 0.362253 0.403906 0.275390
0 0.171456 0.170509 0.182263 0.263140 0.150418 0.268945 0.139611 0.176314
0 0.967915 0.652383 0.998438 0.653216 0.998437 0.743123 0.966418 0.742289
0 0.761920 0.498208 0.787500 0.518555 0.743750 0.604492 0.718170 0.584145
0 0.483808 0.259862 0.518752 0.351647 0.493054 0.366934 0.458110 0.275149
0 0.366198 0.453350 0.387500 0.472656 0.340053 0.554462 0.318750 0.535156
0 0.974739 0.354823 0.998438 0.419879 0.982189 0.439199 0.949859 0.374143
0 0.819388 0.317085 0.851676 0.388933 0.827602 0.405837 0.795314 0.333989
2 0.000000 0.178469 0.047654 0.187075 0.021541 0.413003 0.000000 0.404397
2 0.051562 0.191406 0.103231 0.194434 0.093856 0.444434 0.042187 0.441407
2 0.495313 0.583984 0.627437 0.601893 0.621875 0.666016 0.489750 0.648107
2 0.318394 0.566948 0.427770 0.580620 0.423438 0.634766 0.314062 0.621094
3 0.154162 0.513749 0.261689 0.550226 0.248418 0.611351 0.140891 0.574874
