0 0.066882 0.877706 0.107246 0.985094 0.072548 0.998047 0.032184 0.898084
0 0.713133 0.326045 0.743753 0.353510 0.695780 0.437073 0.665161 0.409608
0 0.830577 0.390053 0.913538 0.414842 0.904509 0.462053 0.821549 0.437264
0 0.524200 0.235330 0.617533 0.238732 0.616508 0.282660 0.523175 0.279258
0 0.435485 0.079821 0.456250 0.119125 0.381801 0.180583 0.361036 0.141279
0 0.739031 0.407225 0.766341 0.439465 0.711749 0.511721 0.684439 0.479481
0 0.685767 0.648433 0.774099 0.652914 0.772643 0.697751 0.684311 0.693270
0 0.710921 0.763655 0.799007 0.774462 0.795329 0.821305 0.707243 0.810498
0 0.604742 0.767479 0.630470 0.798804 0.570258 0.876075 0.544530 0.844750
0 0.811667 0.574405 0.842568 0.592635 0.807119 0.686526 0.776218 0.668297
0 0.557090 0.341498 0.642014 0.358874 0.635937 0.405278 0.551014 0.387902
0 0.601563 0.458984 0.688316 0.475050 0.682813 0.521484 0.596060 0.505418
0 0.469433 0.396487 0.497263 0.425924 0.439840 0.510750 0.412009 0.481313
0 0.169531 0.158203 0.178063 0.204419 0.094531 0.228515 0.085999 0.182299
0 0.378650 0.212713 0.413150 0.226112 0.388148 0.326697 0.353648 0.313298
0 0.628255 0.294879 0.628878 0.336920 0.542839 0.338911 0.542216 0.296870
0 0.907812 0.801757 0.936204 0.830644 0.881250 0.915038 0.852858 0.886151
0 0.669518 0.589835 0.757492 0.599722 0.754342 0.643515 0.666368 0.633628
0 0.756897 0.178967 0.841325 0.214116 0.830467 0.254869 0.746039 0.219719
0 0.170754 0.067454 0.185816 0.108027 0.109380 0.152366 0.094318 0.111793
0 0.703831 0.705234 0.786718 0.713868 0.783593 0.760742 0.700706 0.752108
0 0.444157 0.341187 0.470381 0.364334 0.420216 0.453143 0.393991 0.429996
0 0.907753 0.527286 0.986693 0.555693 0.976567 0.599664 0.897626 0.571257
0 0.806043 0.325781 0.885330 0.347483 0.877715 0.390953 0.798428 0.369251
0 0.648698 0.143844 0.676979 0.173219 0.625896 0.250062 0.597615 0.220687
0 0.934375 0.670899 0.998438 0.676967 0.998438 0.723633 0.931661 0.717565
0 0.870926 0.466564 0.951583 0.486232 0.945012 0.528340 0.864355 0.508672
0 0.586009 0.684968 0.615344 0.708092 0.570601 0.796778 0.541266 0.773654
0 0.844535 0.638328 0.873438 0.660156 0.828125 0.753906 0.799222 0.732078
0 0.639830 0.529347 0.725052 0.537320 0.722670 0.577099 0.637448 0.569126
0 0.597656 0.408204 0.684686 0.426005 0.679520 0.465467 0.592490 0.447665
0 0.665132 0.211803 0.694167 0.236608 0.649982 0.317421 0.620947 0.292616
0 0.743219 0.114256 0.822463 0.147222 0.811701 0.187644 0.732457 0.154678
0 0.787475 0.268532 0.873040 0.277396 0.870323 0.318380 0.784758 0.309516
0 0.512338 0.529841 0.539095 0.557607 0.487698 0.634999 0.460941 0.607233
0 0.528264 0.589583 0.556226 0.618154 0.507352 0.692892 0.479390 0.664321
0 0.554175 0.644491 0.582070 0.667857 0.535937 0.753910 0.508042 0.730544
0 0.916349 0.604437 0.998239 0.626159 0.991463 0.666072 0.909573 0.644349
0 0.761771 0.048704 0.764087 0.093766 0.689793 0.099734 0.687477 0.054672
0 0.034376 0.343750 0.056251 0.425781 0.018750 0.441406 0.000000 0.359375
0 0.420917 0.287082 0.447554 0.312661 0.398337 0.392744 0.371700 0.367165
0 0.512543 0.166809 0.593794 0.176575 0.590625 0.217773 0.509374 0.208007
0 0.486955 0.463553 0.511752 0.486357 0.463859 0.567727 0.439062 0.544923
0 0.041953 0.676002 0.070316 0.767581 0.040695 0.781916 0.012332 0.690337
0 0.513776 0.113098 0.595844 0.127043 0.591692 0.165222 0.509624 0.151277
0 0.635996 0.809275 0.662500 0.830078 0.618693 0.917288 0.592188 0.896484
0 0.690623 0.281254 0.713961 0.306639 0.660939 0.382808 0.637601 0.357423
0 0.877370 0.766973 0.903125 0.793946 0.854688 0.866212 0.828933 0.839238
0 0.332661 0.000000 0.364466 0.048917 0.336493 0.069049 0.304688 0.000000
0 0.770313 0.462890 0.793750 0.492187 0.740625 0.558593 0.717188 0.529297
0 0.849035 0.715658 0.876333 0.739745 0.833593 0.815430 0.806295 0.791343
0 0.111720 0.584959 0.141002 0.663129 0.109372 0.681643 0.080090 0.603473
