0 0.775134 0.659991 0.803435 0.694935 0.742346 0.772241 0.714045 0.737297
0 0.652021 0.840723 0.687500 0.853516 0.664063 0.955079 0.628584 0.942286
0 0.662867 0.254787 0.694012 0.282316 0.647552 0.364445 0.616407 0.336916
0 0.503125 0.135742 0.526014 0.165785 0.459375 0.245118 0.436486 0.215075
0 0.394147 0.216503 0.411525 0.253633 0.338083 0.307343 0.320705 0.270213
0 0.079933 0.189543 0.124442 0.268686 0.094531 0.294969 0.050022 0.215826
0 0.924218 0.513606 0.944629 0.546247 0.880554 0.608851 0.860143 0.576211
0 0.028105 0.384728 0.061056 0.473937 0.032819 0.490234 0.000000 0.401025
0 0.087496 0.529295 0.132317 0.600583 0.105472 0.626955 0.060652 0.555667
0 0.362300 0.939068 0.406732 0.998047 0.385860 0.998047 0.341428 0.963637
0 0.589774 0.151435 0.607229 0.180256 0.552536 0.232011 0.535082 0.203190
