0 0.951580 0.537723 0.996100 0.538606 0.994514 0.663449 0.949994 0.662566
0 0.610225 0.297759 0.651739 0.302730 0.642899 0.418061 0.601385 0.413090
0 0.482073 0.773161 0.525191 0.776271 0.519533 0.898821 0.476415 0.895711
0 0.835559 0.525769 0.876877 0.527462 0.873767 0.646023 0.832449 0.644330
0 0.446398 0.153787 0.478194 0.275396 0.441102 0.290549 0.409306 0.168940
0 0.596896 0.433242 0.637523 0.436262 0.632024 0.551840 0.591397 0.548820
0 0.761009 0.782074 0.799293 0.785982 0.791699 0.902215 0.753415 0.898307
0 0.542306 0.000000 0.580446 0.000000 0.574872 0.078463 0.536732 0.074229
0 0.679179 0.493054 0.715606 0.508771 0.686743 0.613289 0.650316 0.597571
0 0.893708 0.533981 0.931250 0.537109 0.925000 0.654297 0.887458 0.651168
0 0.478354 0.000000 0.516462 0.000000 0.509662 0.065877 0.471554 0.059731
0 0.099323 0.000000 0.175948 0.017818 0.161797 0.063504 0.085172 0.026418
0 0.618010 0.184350 0.656206 0.188582 0.649063 0.289322 0.610866 0.285090
0 0.425394 0.000000 0.461685 0.000000 0.453260 0.074637 0.416969 0.068236
0 0.625788 0.839824 0.690065 0.910134 0.664056 0.947286 0.599779 0.876976
0 0.633887 0.697732 0.699107 0.776494 0.674575 0.808234 0.609355 0.729472
0 0.793780 0.301299 0.832027 0.301750 0.831220 0.408661 0.792973 0.408210
0 0.615992 0.907715 0.682812 0.986327 0.657812 0.998047 0.590992 0.940918
0 0.508112 0.352705 0.545572 0.356312 0.539022 0.462595 0.501562 0.458988
0 0.628197 0.772730 0.696384 0.841315 0.673439 0.876958 0.605252 0.808373
0 0.903901 0.336926 0.942177 0.337395 0.941403 0.436032 0.903128 0.435563
0 0.629524 0.059467 0.664751 0.063383 0.657032 0.171877 0.621805 0.167961
0 0.851704 0.327760 0.887411 0.332066 0.879463 0.435040 0.843757 0.430734
0 0.953049 0.338792 0.989030 0.340487 0.986015 0.440504 0.950034 0.438809
0 0.290405 0.000000 0.314063 0.015625 0.256471 0.081263 0.232813 0.048829
0 0.483665 0.184567 0.519613 0.187455 0.514839 0.280285 0.478891 0.277397
0 0.057237 0.000000 0.090784 0.067489 0.059951 0.087306 0.026404 0.005753
0 0.635836 0.000000 0.671945 0.000000 0.670484 0.042936 0.634375 0.041015
0 0.642196 0.653274 0.701120 0.708365 0.682023 0.740280 0.623099 0.685189
0 0.460937 0.507813 0.487326 0.523883 0.457639 0.600055 0.431250 0.583984
