0 0.333331 0.819484 0.413213 0.885074 0.389191 0.930788 0.309308 0.865197
0 0.913276 0.760697 0.915124 0.813284 0.821882 0.818404 0.820034 0.765818
0 0.571772 0.764776 0.664754 0.766650 0.664088 0.818324 0.571106 0.816450
0 0.790760 0.766626 0.791401 0.815465 0.699200 0.817354 0.698560 0.768515
0 0.502282 0.822102 0.582813 0.878904 0.563342 0.922038 0.482811 0.865236
0 0.977693 0.812009 0.998438 0.890436 0.998438 0.922365 0.946711 0.843938
0 0.967688 0.439585 0.983490 0.547751 0.945460 0.556432 0.929658 0.448265
0 0.047648 0.190104 0.062509 0.301773 0.023446 0.309896 0.008585 0.198227
0 0.646147 0.501601 0.653395 0.550131 0.568202 0.570014 0.560953 0.521483
0 0.478319 0.755152 0.567195 0.767591 0.562771 0.816973 0.473895 0.804533
0 0.540593 0.326012 0.629253 0.329132 0.628131 0.378914 0.539471 0.375794
0 0.898631 0.506769 0.900103 0.554671 0.816992 0.558661 0.815521 0.510759
0 0.398169 0.330067 0.489063 0.333985 0.487769 0.380871 0.396875 0.376953
0 0.741410 0.490244 0.745313 0.537781 0.661716 0.548504 0.657813 0.500967
0 0.065788 0.355600 0.137974 0.408148 0.119838 0.447075 0.047652 0.394528
0 0.323275 0.421817 0.324945 0.466716 0.239045 0.471709 0.237375 0.426810
0 0.285552 0.330049 0.285928 0.377912 0.203112 0.378927 0.202736 0.331064
0 0.099961 0.296796 0.182465 0.350821 0.166879 0.388012 0.084375 0.333987
0 0.450502 0.447282 0.451549 0.490247 0.368836 0.493394 0.367790 0.450429
0 0.006470 0.000000 0.044296 0.000000 0.037629 0.081936 0.000000 0.077127
0 0.421199 0.822769 0.492187 0.890625 0.471875 0.923829 0.400887 0.855973
0 0.133761 0.250695 0.205991 0.280269 0.194909 0.322557 0.122679 0.292983
0 0.307009 0.328139 0.382275 0.331082 0.381127 0.376973 0.305861 0.374031
0 0.253125 0.833008 0.325000 0.883790 0.307743 0.921954 0.235868 0.871173
0 0.796875 0.329101 0.872657 0.329101 0.872657 0.374023 0.796875 0.374023
0 0.509374 0.431640 0.593750 0.431640 0.593750 0.472656 0.509374 0.472656
0 0.098362 0.940919 0.164072 0.976708 0.151648 0.998047 0.085938 0.976562
0 0.892188 0.333984 0.973438 0.333984 0.973438 0.375000 0.892188 0.375000
0 0.673437 0.330078 0.753124 0.330078 0.753124 0.371094 0.673437 0.371094
0 0.659375 0.410157 0.734375 0.410157 0.734375 0.453126 0.659375 0.453126
0 0.181590 0.842277 0.236134 0.904032 0.213136 0.935771 0.158592 0.874016
0 0.165261 0.938395 0.206882 0.998047 0.182395 0.998047 0.140774 0.965091
0 0.082812 0.179687 0.136201 0.241974 0.114326 0.271271 0.060937 0.208984
0 0.056614 0.937823 0.081250 0.998047 0.051198 0.998047 0.026562 0.957031
0 0.018005 0.098826 0.048156 0.172999 0.019781 0.191022 0.000000 0.116849
