0 0.248466 0.435427 0.295029 0.518489 0.263704 0.545927 0.217141 0.462865
0 0.176768 0.462150 0.231246 0.531242 0.204482 0.564216 0.150004 0.495124
0 0.430542 0.311778 0.467176 0.317503 0.457728 0.411974 0.421094 0.406249
0 0.046793 0.481879 0.085982 0.560633 0.054689 0.584963 0.015500 0.506209
0 0.102994 0.491339 0.168779 0.551806 0.149351 0.584833 0.083565 0.524366
0 0.512462 0.192338 0.544429 0.208925 0.514851 0.297992 0.482885 0.281405
0 0.370841 0.304131 0.408096 0.383405 0.379435 0.404451 0.342180 0.325177
0 0.800781 0.333008 0.836719 0.333008 0.836719 0.420898 0.800781 0.420898
0 0.796876 0.215820 0.829688 0.215820 0.829688 0.313476 0.796876 0.313476
0 0.447657 0.108397 0.478907 0.108397 0.478907 0.203125 0.447657 0.203125
0 0.535899 0.255435 0.567941 0.255852 0.567217 0.342771 0.535175 0.342354
0 0.293876 0.382638 0.353127 0.430657 0.335812 0.464040 0.276561 0.416021
0 0.000000 0.720703 0.045313 0.720703 0.045313 0.761719 0.000000 0.761719
0 0.445312 0.000000 0.478124 0.000000 0.478124 0.076172 0.445312 0.076172
3 0.850012 0.473036 0.853107 0.830849 0.793738 0.831652 0.790643 0.473839
3 0.791406 0.053711 0.835156 0.053711 0.835156 0.174805 0.791406 0.174805
