0 0.229594 0.171972 0.234350 0.223697 0.146252 0.236352 0.141496 0.184627
0 0.525806 0.331230 0.563282 0.332031 0.561694 0.448066 0.524219 0.447265
0 0.309386 0.702640 0.342176 0.704783 0.337436 0.818132 0.304646 0.815989
0 0.936115 0.105444 0.968913 0.113789 0.953727 0.207056 0.920928 0.198711
0 0.883825 0.848163 0.916532 0.856759 0.899991 0.955105 0.867284 0.946509
0 0.313285 0.576736 0.347655 0.577166 0.346871 0.675218 0.312501 0.674788
0 0.212575 0.306080 0.246095 0.308594 0.241333 0.407788 0.207813 0.405274
0 0.181985 0.112025 0.182712 0.152075 0.108555 0.154181 0.107828 0.114130
0 0.153906 0.304687 0.185938 0.304687 0.185938 0.400391 0.153906 0.400391
0 0.686718 0.464844 0.716406 0.464844 0.716406 0.556640 0.686718 0.556640
0 0.092188 0.578126 0.123438 0.578126 0.123438 0.665040 0.092188 0.665040
0 0.204351 0.029690 0.251757 0.092041 0.228127 0.120114 0.180721 0.057763
0 0.830065 0.272680 0.860549 0.272680 0.860549 0.349842 0.830065 0.349842
0 0.032813 0.580078 0.060937 0.580078 0.060937 0.666016 0.032813 0.666016
0 0.114063 0.036134 0.175782 0.036134 0.175782 0.072266 0.114063 0.072266
3 0.828906 0.400391 0.857030 0.400391 0.857030 0.497071 0.828906 0.497071
