0 0.919678 0.678835 0.958074 0.688899 0.940614 0.792987 0.902218 0.782923
0 0.847061 0.907693 0.885545 0.915877 0.873247 0.998047 0.834764 0.998047
0 0.896995 0.342849 0.933599 0.349571 0.920955 0.457147 0.884351 0.450425
0 0.000000 0.083432 0.055765 0.105804 0.044928 0.148014 0.000000 0.125642
0 0.930681 0.083047 0.966099 0.090543 0.954019 0.179735 0.918601 0.172239
0 0.005325 0.000000 0.084375 0.000000 0.079050 0.029976 0.000000 0.008033
0 0.000000 0.154102 0.043856 0.195328 0.024301 0.227832 0.000000 0.186606
1 0.864140 0.613864 0.905792 0.621326 0.890588 0.753926 0.848936 0.746464
3 0.537636 0.000000 0.588667 0.000000 0.543346 0.333277 0.492315 0.322435
3 0.475863 0.454692 0.523445 0.465817 0.467181 0.841798 0.419599 0.830673
3 0.608285 0.654574 0.660633 0.665294 0.634389 0.865534 0.582041 0.854814
3 0.953775 0.460154 0.993128 0.467477 0.979058 0.585640 0.939704 0.578318
