0 0.621051 0.744138 0.711110 0.768573 0.703143 0.814448 0.613085 0.790013
0 0.889023 0.898504 0.972647 0.943574 0.957937 0.986222 0.874313 0.941152
0 0.285535 0.486005 0.294327 0.533521 0.206321 0.558965 0.197529 0.511449
0 0.868631 0.735163 0.946805 0.792732 0.927377 0.833952 0.849203 0.776382
0 0.543235 0.070825 0.569215 0.100214 0.510281 0.181615 0.484301 0.152226
0 0.766424 0.752324 0.793224 0.782455 0.734028 0.864722 0.707228 0.834591
0 0.473125 0.688281 0.503125 0.707031 0.462812 0.807813 0.432813 0.789063
0 0.861065 0.666115 0.936732 0.727275 0.918625 0.762279 0.842958 0.701119
0 0.631255 0.808582 0.717966 0.827649 0.711713 0.872082 0.625002 0.853015
0 0.335523 0.127959 0.416784 0.167464 0.403123 0.211369 0.321862 0.171864
0 0.776320 0.161708 0.799269 0.196387 0.736514 0.261276 0.713565 0.226597
0 0.882772 0.841896 0.971131 0.864138 0.964496 0.905328 0.876136 0.883086
0 0.634857 0.864112 0.716650 0.905387 0.703127 0.947260 0.621334 0.905986
0 0.522942 0.838803 0.546106 0.870141 0.480964 0.945377 0.457800 0.914039
0 0.537164 0.899418 0.559389 0.932598 0.489398 0.998047 0.467172 0.972674
0 0.764373 0.676449 0.786731 0.711903 0.720002 0.777653 0.697645 0.742199
0 0.339457 0.197772 0.417995 0.232409 0.405397 0.277044 0.326859 0.242407
0 0.975264 0.452557 0.984312 0.497333 0.905138 0.522334 0.896090 0.477557
0 0.798438 0.882809 0.823433 0.916139 0.760238 0.990188 0.735243 0.956859
0 0.665129 0.940445 0.752110 0.981611 0.740621 0.998047 0.653640 0.978375
0 0.594127 0.071684 0.645388 0.144444 0.616845 0.175864 0.565584 0.103104
0 0.638879 0.337790 0.662656 0.371319 0.603381 0.436998 0.579604 0.403469
0 0.560165 0.133791 0.582447 0.166724 0.520304 0.232419 0.498022 0.199485
0 0.460948 0.404275 0.481238 0.505856 0.446308 0.516757 0.426018 0.415176
0 0.519018 0.017295 0.545682 0.046430 0.492240 0.122851 0.465576 0.093716
0 0.627103 0.614131 0.705511 0.642888 0.696323 0.682031 0.617915 0.653275
0 0.560270 0.200994 0.585233 0.229520 0.526536 0.309780 0.501573 0.281253
0 0.617463 0.665982 0.697981 0.699067 0.687023 0.740735 0.606505 0.707651
0 0.791120 0.214807 0.813281 0.248042 0.749506 0.314489 0.727345 0.281255
0 0.757800 0.097114 0.783897 0.126235 0.728415 0.203924 0.702317 0.174803
0 0.599329 0.169163 0.658589 0.239237 0.635827 0.269313 0.576567 0.199239
0 0.560073 0.011507 0.637500 0.048836 0.625084 0.089079 0.547656 0.051750
0 0.613278 0.301757 0.635776 0.330247 0.575621 0.404471 0.553123 0.375981
0 0.815179 0.263106 0.837762 0.296459 0.781471 0.356012 0.758888 0.322659
0 0.782341 0.831966 0.801566 0.863285 0.733283 0.928776 0.714058 0.897457
0 0.014063 0.296874 0.025882 0.381823 0.000000 0.387450 0.000000 0.302501
0 0.583640 0.247005 0.609888 0.272891 0.566091 0.342285 0.539842 0.316399
0 0.500939 0.780201 0.522640 0.807829 0.467907 0.875001 0.446206 0.847373
0 0.304687 0.074223 0.380746 0.082105 0.378109 0.121865 0.302050 0.113983
0 0.813274 0.596658 0.889059 0.607439 0.885410 0.647522 0.809625 0.636741
0 0.749493 0.043892 0.767391 0.076542 0.704619 0.130308 0.686721 0.097658
0 0.067188 0.702149 0.088130 0.792763 0.057812 0.803711 0.036870 0.713097
0 0.425000 0.291016 0.451666 0.379248 0.423438 0.392578 0.396772 0.304346
0 0.301224 0.012332 0.370313 0.039062 0.361276 0.075558 0.292187 0.048828
0 0.509237 0.000000 0.529688 0.000000 0.479825 0.058490 0.459375 0.031250
0 0.740272 0.000000 0.743287 0.028272 0.678014 0.037876 0.675000 0.005860
0 0.034375 0.809570 0.048678 0.898964 0.023437 0.905274 0.009134 0.815880
