0 0.721103 0.000000 0.761675 0.000000 0.757853 0.093571 0.717282 0.090982
0 0.739873 0.773395 0.741392 0.883494 0.701513 0.884353 0.699994 0.774254
0 0.803232 0.738889 0.806078 0.838506 0.767027 0.840250 0.764180 0.740632
0 0.282469 0.032135 0.288983 0.136634 0.254105 0.140031 0.247591 0.035532
0 0.813300 0.311497 0.850014 0.311947 0.849194 0.416445 0.812481 0.415995
0 0.846888 0.437265 0.849877 0.545633 0.812438 0.547247 0.809449 0.438879
0 0.649219 0.305664 0.687501 0.305664 0.687501 0.409180 0.649219 0.409180
0 0.667573 0.586929 0.701957 0.586929 0.701957 0.700181 0.667573 0.700181
0 0.707025 0.441941 0.745323 0.441941 0.745323 0.545493 0.707025 0.545493
0 0.649656 0.137334 0.686344 0.137334 0.686344 0.241912 0.649656 0.241912
0 0.714064 0.607005 0.750012 0.607429 0.749208 0.713879 0.713260 0.713455
0 0.810156 0.184570 0.845312 0.184570 0.845312 0.291015 0.810156 0.291015
0 0.688267 0.451731 0.697660 0.560605 0.660915 0.565558 0.651522 0.456685
0 0.757799 0.883795 0.792184 0.884186 0.791420 0.989250 0.757035 0.988860
0 0.802278 0.237570 0.804702 0.343731 0.773480 0.344844 0.771057 0.238684
0 0.793331 0.104048 0.796128 0.205082 0.761867 0.206564 0.759070 0.105530
0 0.769352 0.358380 0.804435 0.363327 0.795734 0.459742 0.760652 0.454795
1 0.801600 0.000000 0.853088 0.000000 0.853088 0.161073 0.801600 0.161073
1 0.778131 0.536138 0.818746 0.545862 0.797441 0.684904 0.756826 0.675180
3 0.820703 0.586818 0.880077 0.586818 0.880077 0.971776 0.820703 0.971776
3 0.629684 0.295825 0.645404 0.656393 0.589066 0.660231 0.573347 0.299663
3 0.765563 0.102960 0.782078 0.364271 0.717249 0.370672 0.700734 0.109361
3 0.670245 0.684051 0.706375 0.961896 0.650850 0.973177 0.614720 0.695333
3 0.575530 0.000000 0.633337 0.000000 0.626570 0.204172 0.568762 0.201178
