0 0.012500 0.085938 0.045591 0.184424 0.006250 0.205078 0.000000 0.106592
0 0.725538 0.463737 0.753899 0.492162 0.699116 0.577565 0.670755 0.549140
0 0.921766 0.700038 0.998438 0.707862 0.998438 0.757812 0.918632 0.749988
0 0.382373 0.008156 0.396636 0.050506 0.311915 0.095090 0.297652 0.052740
0 0.897656 0.588867 0.982697 0.590836 0.982032 0.635742 0.896991 0.633774
0 0.843896 0.743704 0.875578 0.766307 0.831676 0.862459 0.799994 0.839857
0 0.375039 0.098599 0.385928 0.141606 0.302669 0.174545 0.291780 0.131538
0 0.362500 0.615235 0.396875 0.720704 0.363274 0.737815 0.328899 0.632346
0 0.742370 0.526206 0.769637 0.553729 0.717410 0.634576 0.690143 0.607053
0 0.360938 0.646485 0.398750 0.741016 0.365000 0.762109 0.327188 0.667578
0 0.879518 0.530264 0.965459 0.540985 0.962210 0.581674 0.876269 0.570953
0 0.678105 0.338844 0.706240 0.365207 0.654410 0.451632 0.626276 0.425269
0 0.815052 0.703986 0.839988 0.732593 0.780398 0.813754 0.755462 0.785147
0 0.765688 0.582012 0.793648 0.607247 0.744366 0.692564 0.716406 0.667328
0 0.648438 0.027344 0.664283 0.063421 0.584596 0.118108 0.568751 0.082031
0 0.734157 0.177732 0.823732 0.180662 0.822873 0.221682 0.733299 0.218752
0 0.912859 0.643752 0.997019 0.656458 0.992983 0.698233 0.908823 0.685526
0 0.873455 0.153288 0.904688 0.178710 0.860921 0.262726 0.829688 0.237304
0 0.798800 0.624894 0.828393 0.647919 0.784370 0.736324 0.754777 0.713299
0 0.855534 0.466941 0.936924 0.476873 0.933592 0.519533 0.852203 0.509601
0 0.810909 0.401750 0.892973 0.421894 0.886746 0.461532 0.804683 0.441388
0 0.805585 0.348370 0.892969 0.364258 0.888166 0.405536 0.800781 0.389648
0 0.029486 0.069597 0.057813 0.169922 0.025202 0.184309 0.000000 0.083984
0 0.659216 0.277709 0.685182 0.301276 0.633756 0.389806 0.607790 0.366238
0 0.766835 0.283413 0.849999 0.301758 0.844101 0.343541 0.760937 0.325196
0 0.590401 0.155578 0.621875 0.166016 0.601005 0.264344 0.569531 0.253906
0 0.859449 0.087224 0.885988 0.115373 0.835137 0.190284 0.808598 0.162135
0 0.722456 0.104272 0.802350 0.120107 0.796932 0.162827 0.717037 0.146993
0 0.922028 0.265334 0.949067 0.288908 0.901411 0.374314 0.874372 0.350740
0 0.700415 0.402254 0.726298 0.427237 0.678929 0.503918 0.653046 0.478935
0 0.629209 0.233163 0.653283 0.254942 0.608651 0.332031 0.584577 0.310252
0 0.836077 0.234269 0.836718 0.274401 0.753767 0.276473 0.753125 0.236341
0 0.948438 0.058594 0.998438 0.093760 0.998438 0.130860 0.935228 0.095695
0 0.232812 0.296875 0.264062 0.388672 0.233860 0.404737 0.202610 0.312940
0 0.234375 0.273437 0.265625 0.365234 0.235423 0.381299 0.204173 0.289502
0 0.972574 0.405462 0.997651 0.433518 0.949244 0.501122 0.924167 0.473066
0 0.892997 0.226147 0.917188 0.252930 0.866380 0.324635 0.842188 0.297852
0 0.943968 0.350015 0.968613 0.375528 0.921084 0.447265 0.896439 0.421752
0 0.723437 0.055665 0.800077 0.071305 0.795255 0.108228 0.718615 0.092587
0 0.966456 0.000000 0.967984 0.038018 0.897606 0.042198 0.896079 0.002020
0 0.063224 0.023267 0.090626 0.108395 0.064104 0.121734 0.036702 0.036607
0 0.965742 0.129222 0.998438 0.162075 0.998438 0.196950 0.950459 0.164097
