0 0.339015 0.020256 0.412501 0.056490 0.400047 0.095954 0.326561 0.059720
0 0.264050 0.425837 0.350497 0.466995 0.338002 0.507999 0.251555 0.466841
0 0.128667 0.923988 0.204633 0.967476 0.189427 0.998047 0.113461 0.965492
0 0.042135 0.880857 0.110857 0.925742 0.096145 0.960939 0.027423 0.916054
0 0.514891 0.664282 0.591459 0.701979 0.578913 0.741798 0.502345 0.704101
0 0.080013 0.457189 0.155011 0.494311 0.142621 0.533421 0.067623 0.496299
0 0.804726 0.477535 0.876600 0.512705 0.864062 0.552741 0.792188 0.517571
0 0.702543 0.174520 0.776553 0.209964 0.765397 0.246364 0.691387 0.210920
0 0.619007 0.136493 0.695326 0.169907 0.685682 0.204327 0.609362 0.170913
0 0.522524 0.099559 0.585363 0.126066 0.576122 0.160297 0.513283 0.133790
