0 0.631991 0.752093 0.671874 0.754976 0.666501 0.871097 0.626618 0.868214
0 0.759395 0.472949 0.794563 0.474379 0.791387 0.596387 0.756219 0.594957
0 0.027244 0.838949 0.111720 0.857288 0.105206 0.904171 0.020730 0.885833
0 0.025595 0.664480 0.086251 0.718179 0.064481 0.756602 0.003825 0.702903
0 0.767044 0.342411 0.800656 0.344631 0.796136 0.451523 0.762525 0.449303
0 0.778884 0.129902 0.814921 0.134749 0.806844 0.228568 0.770808 0.223721
0 0.430788 0.040978 0.465162 0.042947 0.461618 0.139610 0.427244 0.137641
0 0.772660 0.235214 0.808635 0.238168 0.803902 0.328264 0.767927 0.325310
0 0.000000 0.928803 0.058189 0.951240 0.048116 0.992059 0.000000 0.969622
0 0.273044 0.371383 0.318012 0.451179 0.289502 0.476283 0.244534 0.396487
0 0.087501 0.654100 0.156286 0.704112 0.139841 0.739454 0.071056 0.689442
0 0.142726 0.622940 0.215391 0.656299 0.203902 0.695402 0.131237 0.662043
0 0.213955 0.547285 0.271764 0.602958 0.251557 0.635743 0.193748 0.580070
0 0.639067 0.226550 0.670311 0.226965 0.669522 0.319744 0.638277 0.319329
0 0.255973 0.520411 0.310956 0.580060 0.293247 0.605567 0.238264 0.545918
2 0.745212 0.621453 0.788070 0.624188 0.781208 0.792227 0.738350 0.789492
3 0.735062 0.825894 0.779626 0.828944 0.773460 0.969716 0.728896 0.966666
3 0.262774 0.443119 0.348707 0.535899 0.319528 0.578127 0.233595 0.485347
