0 0.769082 0.943576 0.863959 0.944483 0.863650 0.995088 0.768772 0.994181
0 0.634055 0.944344 0.634360 0.994194 0.538601 0.995109 0.538296 0.945260
0 0.635513 0.466742 0.636484 0.514606 0.539853 0.517668 0.538882 0.469804
0 0.344147 0.494917 0.345695 0.601354 0.304313 0.602295 0.302765 0.495857
0 0.185364 0.941276 0.289074 0.947241 0.287308 0.995212 0.183598 0.989247
0 0.668002 0.886736 0.668880 0.933617 0.570414 0.936500 0.569536 0.889619
0 0.908998 0.887694 0.909367 0.939463 0.821919 0.940438 0.821549 0.888669
0 0.399840 0.874003 0.495313 0.875979 0.494692 0.922873 0.399219 0.920897
0 0.383653 0.943378 0.387345 0.989042 0.295105 0.998047 0.291413 0.955028
0 0.182214 0.882812 0.274639 0.891155 0.271904 0.938502 0.179479 0.930159
0 0.351902 0.467751 0.438275 0.470714 0.437160 0.521508 0.350787 0.518544
0 0.745371 0.949149 0.746064 0.995132 0.660880 0.997141 0.660186 0.951158
0 0.374715 0.544024 0.461356 0.549840 0.459387 0.595667 0.372746 0.589851
0 0.098514 0.474554 0.186101 0.484703 0.182546 0.532636 0.094959 0.522487
0 0.788279 0.539075 0.877676 0.542004 0.876735 0.586908 0.787338 0.583980
0 0.084377 0.935558 0.166427 0.940418 0.164541 0.990148 0.082491 0.985288
0 0.796167 0.891593 0.796890 0.939457 0.712589 0.941444 0.711866 0.893581
0 0.049986 0.878913 0.142985 0.887676 0.140398 0.930585 0.047399 0.921822
0 0.402106 0.406804 0.414069 0.447285 0.330706 0.485776 0.318743 0.445295
0 0.661685 0.531270 0.749245 0.532762 0.748767 0.576605 0.661207 0.575114
0 0.914063 0.543945 0.998438 0.545949 0.998438 0.590821 0.913387 0.588817
0 0.870893 0.479471 0.871919 0.524362 0.786347 0.527420 0.785321 0.482528
0 0.939062 0.868164 0.998437 0.868164 0.998437 0.912108 0.939062 0.912108
0 0.499087 0.531214 0.584390 0.533225 0.583727 0.577184 0.498424 0.575173
0 0.564831 0.329099 0.655469 0.331052 0.654891 0.372991 0.564253 0.371038
0 0.371086 0.883769 0.372237 0.924781 0.284720 0.928618 0.283569 0.887607
0 0.079927 0.533134 0.160245 0.542980 0.156793 0.586982 0.076475 0.577136
0 0.889844 0.474609 0.971093 0.474609 0.971093 0.518555 0.889844 0.518555
0 0.518745 0.471719 0.519064 0.514720 0.441717 0.515615 0.441398 0.472614
0 0.770312 0.134765 0.852163 0.136733 0.851562 0.175781 0.769711 0.173813
0 0.400521 0.368914 0.470313 0.375000 0.468229 0.412336 0.398437 0.406250
0 0.438966 0.289869 0.448438 0.320313 0.392188 0.347657 0.382716 0.317213
1 0.511725 0.926777 0.512066 0.993179 0.394525 0.994121 0.394184 0.927719
1 0.766901 0.466804 0.767175 0.514679 0.662005 0.515618 0.661731 0.467743
1 0.971875 0.945312 0.972554 0.984399 0.900679 0.986352 0.900000 0.947265
