0 0.887529 0.369102 0.981140 0.371155 0.980442 0.420938 0.886830 0.418886
0 0.488965 0.263681 0.579718 0.269721 0.577433 0.323373 0.486680 0.317333
0 0.729436 0.276643 0.816837 0.282551 0.814866 0.328097 0.727465 0.322189
0 0.416506 0.278314 0.417174 0.324259 0.332714 0.326178 0.332046 0.280233
0 0.753134 0.370107 0.835951 0.371103 0.835628 0.413089 0.752812 0.412093
0 0.596317 0.277860 0.677587 0.283209 0.675777 0.326172 0.594507 0.320823
0 0.643751 0.365929 0.725362 0.369227 0.724227 0.413103 0.642616 0.409805
0 0.278906 0.368164 0.356250 0.368164 0.356250 0.409180 0.278906 0.409180
0 0.864863 0.450069 0.948472 0.450161 0.948445 0.489307 0.864836 0.489215
0 0.227281 0.275410 0.304281 0.277375 0.303563 0.321300 0.226563 0.319335
0 0.000000 0.177393 0.041165 0.190632 0.033297 0.228857 0.000000 0.215618
1 0.806682 0.189559 0.998438 0.286945 0.998438 0.369185 0.782900 0.271799
1 0.025889 0.254044 0.182919 0.263839 0.180469 0.325210 0.023439 0.315415
2 0.117193 0.348578 0.240657 0.351238 0.239849 0.409840 0.116385 0.407180
3 0.393712 0.328182 0.496562 0.331061 0.495302 0.401366 0.392452 0.398486
3 0.006237 0.341807 0.083163 0.342769 0.082827 0.384755 0.005901 0.383793
