0 0.834169 0.345730 0.874623 0.363053 0.849343 0.455291 0.808889 0.437967
0 0.832383 0.499322 0.866109 0.532491 0.813103 0.616702 0.779377 0.583533
0 0.906044 0.042616 0.944026 0.126082 0.909066 0.150940 0.871084 0.067474
0 0.718310 0.680641 0.741080 0.720323 0.673098 0.781273 0.650328 0.741591
0 0.660206 0.002336 0.725012 0.059565 0.701110 0.101856 0.636304 0.044627
0 0.338689 0.949024 0.353903 0.988269 0.278607 0.998047 0.263393 0.994631
0 0.511768 0.854033 0.528126 0.892586 0.450878 0.943800 0.434520 0.905246
0 0.521826 0.308504 0.526236 0.412083 0.490264 0.414476 0.485854 0.310897
0 0.871687 0.719389 0.888212 0.758314 0.810937 0.809573 0.794412 0.770648
0 0.600023 0.046450 0.666408 0.107440 0.646071 0.142026 0.579686 0.081036
0 0.519579 0.000000 0.578241 0.039200 0.557091 0.074467 0.498429 0.019499
0 0.885938 0.220703 0.922656 0.220703 0.922656 0.303711 0.885938 0.303711
0 0.783484 0.000000 0.853126 0.011719 0.848186 0.044854 0.778545 0.028634
