0 0.475019 0.720253 0.514844 0.720706 0.514063 0.828133 0.474238 0.827680
0 0.380789 0.708219 0.457856 0.758723 0.440305 0.800572 0.363237 0.750067
0 0.384089 0.841568 0.459859 0.892893 0.441691 0.934798 0.365922 0.883473
0 0.385189 0.775511 0.462052 0.827475 0.444747 0.867471 0.367884 0.815507
0 0.382826 0.644026 0.454941 0.692994 0.437740 0.732576 0.365625 0.683608
0 0.466892 0.888658 0.553611 0.892565 0.552344 0.936523 0.465625 0.932617
0 0.854309 0.198063 0.855844 0.305477 0.821463 0.306245 0.819928 0.198831
0 0.385942 0.583884 0.460122 0.634752 0.442934 0.673916 0.368754 0.623048
0 0.476562 0.453124 0.554688 0.453124 0.554688 0.499999 0.476562 0.499999
0 0.889082 0.810553 0.895332 0.911818 0.859521 0.915272 0.853271 0.814006
0 0.317552 0.328524 0.329299 0.363911 0.245358 0.407452 0.233611 0.372065
0 0.553127 0.265645 0.553495 0.312512 0.476561 0.313455 0.476193 0.266587
0 0.553495 0.575212 0.553853 0.618154 0.476177 0.619164 0.475820 0.576222
0 0.300248 0.464742 0.309405 0.504597 0.229484 0.533290 0.220327 0.493435
0 0.279497 0.764641 0.297663 0.800791 0.226391 0.856753 0.208225 0.820603
0 0.293371 0.636684 0.306250 0.675782 0.226563 0.716797 0.213684 0.677700
0 0.475781 0.626953 0.557031 0.626953 0.557031 0.671875 0.475781 0.671875
0 0.478906 0.378907 0.559374 0.378907 0.559374 0.421876 0.478906 0.421876
0 0.401713 0.166632 0.471283 0.214563 0.453913 0.253958 0.384343 0.206027
0 0.401115 0.219356 0.469510 0.271494 0.451229 0.308964 0.382834 0.256826
0 0.330902 0.097968 0.342935 0.133887 0.269098 0.172538 0.257065 0.136619
0 0.393163 0.519038 0.457057 0.568399 0.437667 0.607614 0.373773 0.558253
0 0.398477 0.048891 0.468561 0.102628 0.451337 0.137727 0.381253 0.083991
0 0.864869 0.427332 0.867931 0.524952 0.832755 0.526676 0.829693 0.429056
0 0.399072 0.394256 0.468215 0.447301 0.450014 0.484372 0.380871 0.431327
0 0.304779 0.392467 0.317202 0.431867 0.239665 0.470065 0.227242 0.430665
0 0.276512 0.701538 0.293523 0.738883 0.224048 0.788330 0.207037 0.750985
0 0.278714 0.841208 0.294725 0.879289 0.225310 0.924890 0.209299 0.886809
0 0.393711 0.337775 0.463774 0.383154 0.448007 0.421191 0.377944 0.375812
0 0.322359 0.149953 0.334537 0.187808 0.259377 0.225587 0.247199 0.187732
0 0.391889 0.100813 0.458608 0.146464 0.442457 0.183347 0.375738 0.137696
0 0.476564 0.219727 0.556251 0.219727 0.556251 0.259766 0.476564 0.259766
0 0.292394 0.515283 0.306824 0.550398 0.235730 0.596045 0.221300 0.560930
0 0.473437 0.517578 0.550000 0.517578 0.550000 0.560547 0.473437 0.560547
0 0.478124 0.157227 0.555468 0.157227 0.555468 0.199219 0.478124 0.199219
0 0.292673 0.576744 0.306311 0.613361 0.235423 0.654614 0.221785 0.617997
0 0.316928 0.205228 0.330711 0.240041 0.261432 0.282900 0.247649 0.248087
0 0.391162 0.459216 0.461092 0.510051 0.446338 0.541762 0.376409 0.490927
0 0.537631 0.016494 0.549408 0.054849 0.482083 0.087150 0.470306 0.048795
0 0.856829 0.320924 0.866220 0.403955 0.831249 0.410136 0.821858 0.327105
0 0.320825 0.000000 0.334302 0.029545 0.271363 0.065222 0.257886 0.028073
0 0.542977 0.329128 0.543689 0.370114 0.472647 0.372044 0.471935 0.331058
0 0.389441 0.273606 0.457057 0.319318 0.442393 0.353210 0.374777 0.307498
0 0.401289 0.003834 0.469524 0.050788 0.454821 0.084176 0.386586 0.037222
0 0.308636 0.268421 0.321877 0.300775 0.252752 0.344977 0.239511 0.312623
0 0.324221 0.051760 0.335765 0.084639 0.270119 0.120653 0.258575 0.087773
2 0.657419 0.157791 0.658984 0.390488 0.606643 0.391037 0.605079 0.158340
