0 0.325781 0.676758 0.418751 0.676758 0.418751 0.727539 0.325781 0.727539
0 0.000000 0.388557 0.070680 0.392670 0.068824 0.442497 0.000000 0.438384
0 0.858593 0.770512 0.858912 0.818342 0.765940 0.819311 0.765621 0.771480
0 0.398372 0.604115 0.492194 0.609435 0.490556 0.654569 0.396734 0.649249
0 0.534262 0.787119 0.617089 0.789109 0.616398 0.834007 0.533571 0.832017
0 0.368750 0.757812 0.453125 0.757812 0.453125 0.799804 0.368750 0.799804
0 0.420312 0.307617 0.500000 0.307617 0.500000 0.349611 0.420312 0.349611
0 0.775782 0.695313 0.853907 0.695313 0.853907 0.734375 0.775782 0.734375
0 0.998438 0.781231 0.998438 0.822232 0.957051 0.823261 0.956408 0.782260
3 0.000000 0.764625 0.283111 0.766628 0.282810 0.833031 0.000000 0.831028
