0 0.581285 0.326151 0.641394 0.422900 0.611285 0.452129 0.551176 0.355380
0 0.390835 0.365051 0.439062 0.451172 0.405715 0.480351 0.357488 0.394230
0 0.584502 0.672462 0.639064 0.761721 0.610030 0.789452 0.555468 0.700193
0 0.359023 0.655231 0.371875 0.763672 0.334728 0.770551 0.321875 0.662110
0 0.062186 0.031748 0.109033 0.111466 0.082044 0.136248 0.035197 0.056530
0 0.277278 0.046662 0.325060 0.129817 0.295432 0.156418 0.247650 0.073263
0 0.318075 0.486572 0.361263 0.577817 0.330475 0.600586 0.287287 0.509341
0 0.196682 0.000000 0.275001 0.041016 0.260255 0.074069 0.181936 0.019477
0 0.419862 0.527801 0.470308 0.610359 0.442118 0.637273 0.391672 0.554715
0 0.505615 0.671750 0.562302 0.756361 0.537925 0.781880 0.481238 0.697269
2 0.867187 0.488281 0.990939 0.687430 0.940831 0.736083 0.817079 0.536934
2 0.167188 0.205078 0.265625 0.378907 0.227508 0.412634 0.129071 0.238805
