0 0.523897 0.726218 0.546875 0.757813 0.493291 0.818704 0.470313 0.787109
0 0.442188 0.666016 0.465625 0.695312 0.415625 0.757813 0.392187 0.728516
0 0.720502 0.715681 0.784375 0.767578 0.768560 0.797991 0.704687 0.746094
0 0.410583 0.583011 0.464063 0.634766 0.444105 0.666989 0.390625 0.615234
0 0.201973 0.467542 0.218750 0.498047 0.160527 0.548082 0.143750 0.517577
0 0.830538 0.530347 0.896875 0.576171 0.883524 0.606371 0.817187 0.560546
0 0.552129 0.695316 0.607813 0.748047 0.590059 0.777340 0.534375 0.724609
0 0.686914 0.398037 0.705077 0.426934 0.650976 0.480069 0.632813 0.451172
0 0.415976 0.397264 0.434375 0.425782 0.380898 0.479690 0.362499 0.451173
0 0.625350 0.243438 0.681250 0.287109 0.665274 0.319062 0.609374 0.275391
0 0.890901 0.438878 0.951563 0.484374 0.937225 0.514246 0.876563 0.468750
0 0.360601 0.596885 0.376872 0.625545 0.320959 0.675145 0.304688 0.646485
0 0.856654 0.342510 0.879687 0.367188 0.838658 0.427022 0.815625 0.402344
0 0.769149 0.326709 0.828125 0.373047 0.813663 0.401807 0.754687 0.355469
0 0.648938 0.366534 0.667188 0.394531 0.616688 0.445966 0.598438 0.417969
0 0.582499 0.541468 0.604687 0.570313 0.562813 0.620642 0.540625 0.591797
0 0.697446 0.289743 0.759375 0.326172 0.747866 0.356741 0.685937 0.320312
0 0.582508 0.322922 0.601563 0.347657 0.553430 0.405594 0.534375 0.380860
0 0.854706 0.459320 0.914062 0.490234 0.903106 0.523102 0.843750 0.492188
0 0.549267 0.300834 0.570312 0.324218 0.527295 0.384712 0.506250 0.361328
0 0.442558 0.239760 0.456568 0.269635 0.399948 0.311124 0.385938 0.281249
0 0.483782 0.277692 0.504687 0.302734 0.461530 0.359026 0.440625 0.333984
0 0.519025 0.284069 0.539332 0.306733 0.495307 0.368367 0.475000 0.345704
0 0.286879 0.544311 0.309375 0.566406 0.270933 0.627563 0.248437 0.605468
0 0.905527 0.423729 0.970313 0.460937 0.959931 0.489181 0.895145 0.451973
0 0.559560 0.204232 0.618833 0.245908 0.606148 0.274098 0.546875 0.232422
0 0.544486 0.546795 0.545313 0.583984 0.486764 0.586017 0.485938 0.548828
0 0.148810 0.424671 0.165625 0.451172 0.115252 0.501111 0.098437 0.474610
0 0.204127 0.429498 0.250000 0.480468 0.231811 0.506048 0.185938 0.455078
0 0.613567 0.345145 0.631250 0.371093 0.584871 0.420479 0.567188 0.394531
0 0.205357 0.075085 0.219311 0.101709 0.165517 0.145765 0.151562 0.119141
0 0.426282 0.154536 0.476562 0.189453 0.462780 0.220464 0.412500 0.185547
0 0.497188 0.171094 0.554063 0.206641 0.542812 0.234766 0.485938 0.199219
0 0.267344 0.477193 0.309375 0.527344 0.290468 0.552103 0.248437 0.501952
0 0.650000 0.582031 0.670313 0.607422 0.631250 0.656251 0.610937 0.630860
0 0.128394 0.190288 0.143750 0.216797 0.095044 0.260884 0.079688 0.234375
0 0.044462 0.334442 0.057813 0.361328 0.005538 0.401886 0.000000 0.375000
0 0.112330 0.176816 0.123438 0.203125 0.065796 0.241152 0.054688 0.214843
0 0.223380 0.091702 0.239063 0.117187 0.192246 0.162204 0.176563 0.136719
0 0.342457 0.349226 0.357813 0.376953 0.312231 0.416398 0.296875 0.388671
0 0.393654 0.095914 0.445312 0.132813 0.432908 0.159946 0.381250 0.123047
0 0.253015 0.113688 0.267768 0.137662 0.219441 0.184130 0.204688 0.160156
0 0.282564 0.137046 0.298438 0.162110 0.253374 0.206704 0.237500 0.181640
0 0.713752 0.422490 0.731249 0.445312 0.689372 0.495478 0.671875 0.472656
0 0.080726 0.382192 0.098437 0.410156 0.058336 0.449840 0.040625 0.421876
0 0.334101 0.061401 0.383203 0.096811 0.370977 0.123301 0.321875 0.087891
0 0.460882 0.256896 0.476563 0.279297 0.432868 0.327088 0.417188 0.304687
0 0.160175 0.053094 0.173113 0.076453 0.123875 0.119062 0.110937 0.095703
0 0.215443 0.273315 0.234374 0.294922 0.198619 0.343873 0.179688 0.322266
0 0.185542 0.000000 0.200000 0.011719 0.156646 0.049417 0.142188 0.023437
0 0.338550 0.190638 0.354687 0.214844 0.314574 0.256628 0.298437 0.232422
0 0.189862 0.056999 0.201788 0.078531 0.152550 0.121141 0.140625 0.099609
0 0.304549 0.160732 0.321875 0.183593 0.286077 0.225986 0.268751 0.203124
0 0.285294 0.028033 0.331250 0.062500 0.319394 0.087201 0.273438 0.052734
0 0.141723 0.021062 0.153125 0.041016 0.106715 0.082454 0.095313 0.062500
3 0.337902 0.481134 0.403125 0.539062 0.382410 0.575506 0.317187 0.517578
3 0.482649 0.690563 0.509375 0.718750 0.462663 0.787953 0.435937 0.759766
3 0.177661 0.434878 0.198437 0.464844 0.147339 0.520200 0.126563 0.490234
3 0.315165 0.570699 0.337500 0.597656 0.289523 0.659769 0.267188 0.632812
3 0.263953 0.530679 0.276562 0.566406 0.218859 0.598228 0.206250 0.562500
3 0.308310 0.323772 0.329687 0.351563 0.285440 0.404744 0.264063 0.376953
3 0.896252 0.388594 0.950940 0.390547 0.950000 0.431640 0.895312 0.429687
3 0.117687 0.394063 0.134375 0.421876 0.083875 0.469219 0.067187 0.441407
3 0.241649 0.284583 0.260937 0.312500 0.222413 0.354089 0.203125 0.326172
3 0.747923 0.447670 0.767187 0.470703 0.728639 0.521080 0.709375 0.498047
4 0.632513 0.781713 0.673438 0.814453 0.659675 0.841333 0.618750 0.808593
