0 0.079734 0.109243 0.165671 0.126821 0.160156 0.168945 0.074219 0.151367
2 0.013309 0.706262 0.239871 0.751184 0.228125 0.843750 0.001563 0.798828
2 0.684535 0.556376 0.837660 0.759501 0.784375 0.822266 0.631250 0.619141
2 0.794665 0.586013 0.971228 0.777420 0.926563 0.841797 0.750000 0.650390
2 0.692188 0.363281 0.901488 0.380343 0.896801 0.470187 0.687500 0.453125
2 0.914585 0.590314 0.998438 0.843668 0.961848 0.877989 0.859964 0.624635
2 0.270312 0.507813 0.419531 0.694336 0.371094 0.754883 0.221875 0.568360
2 0.478924 0.331167 0.688299 0.364370 0.679688 0.449219 0.470313 0.416016
2 0.795313 0.240235 0.998438 0.276421 0.996875 0.359375 0.786194 0.323189
2 0.196963 0.087512 0.389063 0.136718 0.374913 0.223034 0.182813 0.173828
2 0.379695 0.516790 0.521875 0.718750 0.474993 0.770320 0.332813 0.568360
2 0.571267 0.546270 0.715017 0.749395 0.670313 0.798828 0.526563 0.595703
2 0.477007 0.527166 0.623882 0.736151 0.582813 0.781250 0.435938 0.572265
2 0.628858 0.000000 0.829687 0.019531 0.821142 0.089246 0.620313 0.050781
2 0.624170 0.047472 0.824999 0.085937 0.816454 0.155652 0.615624 0.117187
2 0.824170 0.088488 0.998438 0.127125 0.998437 0.196668 0.814806 0.158031
2 0.617920 0.143176 0.818749 0.181641 0.810204 0.251356 0.609375 0.212891
2 0.208438 0.040537 0.404688 0.078125 0.396250 0.146963 0.200000 0.109375
2 0.581248 0.199915 0.782811 0.244837 0.773438 0.310547 0.571875 0.265625
2 0.493766 0.269338 0.698438 0.294922 0.693750 0.353516 0.489078 0.327932
2 0.704688 0.294922 0.916062 0.316451 0.912500 0.371094 0.701126 0.349565
