0 0.900000 0.262695 0.993750 0.262695 0.993750 0.311523 0.900000 0.311523
0 0.712499 0.305664 0.713339 0.360293 0.629687 0.362304 0.628846 0.307674
0 0.603125 0.593750 0.603783 0.640611 0.514063 0.642578 0.513405 0.595717
0 0.514063 0.935547 0.603125 0.937500 0.602467 0.984395 0.513405 0.982442
0 0.297081 0.764889 0.315625 0.800782 0.240625 0.861329 0.222081 0.825436
0 0.184581 0.663326 0.203125 0.699219 0.128125 0.759766 0.109581 0.723873
0 0.214268 0.702389 0.232812 0.738282 0.157812 0.798829 0.139268 0.762936
0 0.259581 0.725826 0.278125 0.761719 0.203125 0.822266 0.184581 0.786373
0 0.705530 0.368182 0.706251 0.415039 0.625001 0.416992 0.624280 0.370135
0 0.603967 0.373065 0.604688 0.419922 0.523438 0.421875 0.522717 0.375018
0 0.607092 0.466815 0.607813 0.513672 0.526563 0.515625 0.525842 0.468768
0 0.596155 0.531268 0.596876 0.578125 0.515626 0.580078 0.514905 0.533221
0 0.602405 0.302752 0.603126 0.349609 0.521876 0.351562 0.521155 0.304705
0 0.374999 0.824219 0.397283 0.856988 0.334375 0.923828 0.312091 0.891058
0 0.339062 0.796875 0.361346 0.829645 0.298438 0.896485 0.276154 0.863715
0 0.523438 0.646484 0.603124 0.646484 0.603124 0.689453 0.523438 0.689453
0 0.512501 0.701172 0.592188 0.701172 0.592188 0.744141 0.512501 0.744141
0 0.517187 0.765625 0.596874 0.765625 0.596874 0.808594 0.517187 0.808594
0 0.517187 0.814453 0.596874 0.814453 0.596874 0.857422 0.517187 0.857422
0 0.515625 0.873047 0.595312 0.873047 0.595312 0.916016 0.515625 0.916016
