0 0.745744 0.104566 0.753125 0.169922 0.615194 0.194262 0.607813 0.128907
0 0.394892 0.000000 0.404988 0.031175 0.277284 0.063101 0.267188 0.000000
0 0.478124 0.892578 0.485797 0.956766 0.348437 0.982422 0.340764 0.918234
0 0.834451 0.944031 0.843750 0.998047 0.715549 0.998047 0.706250 0.978516
0 0.812407 0.766984 0.820312 0.830078 0.687594 0.856062 0.679688 0.792968
0 0.790944 0.534167 0.796875 0.595703 0.660618 0.616223 0.654687 0.554687
0 0.818330 0.862741 0.823438 0.925782 0.695732 0.941947 0.690625 0.878906
0 0.735938 0.031250 0.741590 0.094054 0.616590 0.111632 0.610938 0.048828
0 0.755343 0.238549 0.759376 0.296875 0.632813 0.310547 0.628781 0.252221
0 0.437500 0.404297 0.447874 0.466536 0.334376 0.496093 0.324002 0.433854
0 0.454688 0.580078 0.459379 0.636515 0.337501 0.652344 0.332810 0.595907
0 0.402592 0.073542 0.412500 0.132813 0.305220 0.160834 0.295312 0.101563
0 0.446875 0.500000 0.452683 0.552269 0.337501 0.572266 0.331693 0.519997
1 0.815625 0.644532 0.821875 0.724610 0.655509 0.744898 0.649259 0.664820
