0 0.418750 0.691406 0.462500 0.691406 0.462500 0.833984 0.418750 0.833984
0 0.414063 0.130860 0.465625 0.130860 0.465625 0.250000 0.414063 0.250000
0 0.362500 0.105468 0.407735 0.106288 0.406172 0.241054 0.360937 0.240234
0 0.226563 0.830079 0.307541 0.919154 0.278125 0.960938 0.197147 0.871862
0 0.350000 0.115235 0.353128 0.240356 0.306250 0.242187 0.303122 0.117066
0 0.284375 0.107422 0.287503 0.232543 0.240625 0.234374 0.237497 0.109253
0 0.867200 0.760308 0.870325 0.900933 0.829688 0.902344 0.826563 0.761719
0 0.520673 0.064754 0.539062 0.179688 0.492187 0.191406 0.473798 0.076472
0 0.230521 0.735581 0.309375 0.816406 0.281979 0.858169 0.203125 0.777344
0 0.446919 0.385055 0.492234 0.386913 0.489063 0.507813 0.443748 0.505956
0 0.305149 0.000000 0.350447 0.000000 0.340611 0.115407 0.295313 0.109375
0 0.831238 0.000000 0.832812 0.119141 0.789074 0.120037 0.787500 0.000000
0 0.843738 0.128024 0.845312 0.250000 0.801574 0.250882 0.800000 0.128906
0 0.937425 0.617340 0.946875 0.667969 0.846952 0.697114 0.837501 0.646485
0 0.848378 0.391786 0.850000 0.521484 0.809433 0.522276 0.807812 0.392578
0 0.404688 0.000000 0.407922 0.111253 0.362500 0.113281 0.359266 0.000075
0 0.400356 0.369683 0.404688 0.423829 0.310938 0.435547 0.306606 0.381401
0 0.248318 0.000692 0.293750 0.003906 0.289062 0.107422 0.243630 0.104208
0 0.275000 0.576172 0.333836 0.671581 0.303126 0.701172 0.244290 0.605763
3 0.437441 0.550981 0.482753 0.552934 0.479687 0.664063 0.434375 0.662110
4 0.410938 0.662110 0.412500 0.841797 0.362506 0.842476 0.360944 0.662789
4 0.418750 0.691406 0.462500 0.691406 0.462500 0.833984 0.418750 0.833984
4 0.415625 0.121094 0.467187 0.121094 0.467187 0.240234 0.415625 0.240234
4 0.306423 0.000000 0.351649 0.000000 0.340539 0.116135 0.295313 0.109375
4 0.364065 0.000000 0.409298 0.000000 0.407733 0.114249 0.362500 0.113281
4 0.362500 0.105468 0.407735 0.106288 0.406172 0.241054 0.360937 0.240234
4 0.350000 0.115235 0.353128 0.240356 0.306250 0.242187 0.303122 0.117066
4 0.285937 0.103516 0.289065 0.228637 0.242187 0.230468 0.239059 0.105347
4 0.867200 0.760308 0.870325 0.900933 0.829688 0.902344 0.826563 0.761719
4 0.520673 0.064754 0.539062 0.179688 0.492187 0.191406 0.473798 0.076472
4 0.446919 0.385055 0.492234 0.386913 0.489063 0.507813 0.443748 0.505956
4 0.831238 0.000000 0.832812 0.119141 0.789074 0.120037 0.787500 0.000000
4 0.843738 0.128024 0.845312 0.250000 0.801574 0.250882 0.800000 0.128906
4 0.937425 0.617340 0.946875 0.667969 0.846952 0.697114 0.837501 0.646485
4 0.374961 0.536285 0.417187 0.537110 0.415625 0.662109 0.373399 0.661285
4 0.848378 0.391786 0.850000 0.521484 0.809433 0.522276 0.807812 0.392578
4 0.253106 0.000000 0.298394 0.000000 0.289038 0.107709 0.243750 0.101562
4 0.400356 0.363823 0.404688 0.417969 0.310938 0.429687 0.306606 0.375541
4 0.439004 0.550981 0.484316 0.552934 0.481250 0.664063 0.435938 0.662110
4 0.275000 0.576172 0.333836 0.671581 0.303126 0.701172 0.244290 0.605763
