0 0.275000 0.893554 0.289063 0.985351 0.252088 0.994202 0.238025 0.902405
0 0.157241 0.696325 0.191615 0.702184 0.182031 0.790039 0.147657 0.784180
0 0.290592 0.786800 0.312535 0.812537 0.261752 0.880191 0.239809 0.854455
0 0.113760 0.923563 0.144000 0.937237 0.122446 0.998047 0.092206 0.998047
0 0.691406 0.538037 0.751289 0.546013 0.747546 0.589917 0.687663 0.581941
0 0.029173 0.461536 0.088283 0.465821 0.086453 0.505260 0.027343 0.500975
0 0.614844 0.820312 0.617969 0.904296 0.586714 0.906114 0.583589 0.822129
0 0.133861 0.793963 0.164844 0.802735 0.150515 0.881818 0.119532 0.873047
0 0.611719 0.408202 0.617815 0.480593 0.588289 0.484478 0.582193 0.412087
0 0.161922 0.616900 0.194531 0.620118 0.189640 0.697554 0.157031 0.694336
0 0.222096 0.559186 0.253907 0.562500 0.248998 0.636126 0.217188 0.632812
0 0.706641 0.722832 0.716400 0.790749 0.685546 0.797676 0.675786 0.729759
0 0.620313 0.658203 0.621894 0.731312 0.589063 0.732421 0.587482 0.659312
0 0.757142 0.630659 0.762500 0.667969 0.700670 0.681841 0.695312 0.644531
0 0.579687 0.557618 0.610937 0.557618 0.610937 0.631836 0.579687 0.631836
0 0.157324 0.471891 0.198468 0.501562 0.180988 0.539437 0.139844 0.509766
0 0.187500 0.404297 0.194470 0.440241 0.139062 0.457031 0.132091 0.421087
0 0.629655 0.324892 0.631250 0.388672 0.598469 0.389952 0.596874 0.326172
0 0.589357 0.014610 0.647233 0.020779 0.645059 0.052648 0.587183 0.046479
0 0.588834 0.000000 0.650000 0.007812 0.643978 0.039592 0.582812 0.021484
0 0.753125 0.617187 0.758084 0.649957 0.698437 0.664063 0.693478 0.631293
0 0.210535 0.282146 0.240068 0.285279 0.235753 0.348842 0.206220 0.345709
0 0.585053 0.318121 0.617866 0.320075 0.615625 0.378907 0.582812 0.376954
0 0.696875 0.425781 0.724386 0.437602 0.707199 0.500103 0.679688 0.488282
0 0.272266 0.558273 0.300000 0.561523 0.294922 0.629227 0.267188 0.625977
0 0.689562 0.412002 0.715625 0.421875 0.699501 0.488388 0.673437 0.478516
0 0.631001 0.064561 0.640623 0.093749 0.587748 0.120985 0.578126 0.091797
0 0.092542 0.567939 0.150000 0.587890 0.143396 0.617607 0.085938 0.597656
0 0.582860 0.645652 0.614062 0.648438 0.610890 0.703958 0.579688 0.701172
0 0.640710 0.054436 0.642272 0.085686 0.589062 0.089844 0.587500 0.058594
0 0.235937 0.183593 0.263571 0.188199 0.257321 0.246793 0.229687 0.242187
0 0.586719 0.139648 0.617969 0.139648 0.617969 0.190430 0.586719 0.190430
0 0.692333 0.094474 0.709357 0.115243 0.674855 0.159432 0.657831 0.138663
0 0.588281 0.197265 0.616405 0.197265 0.616405 0.251953 0.588281 0.251953
0 0.323438 0.332031 0.348438 0.332031 0.348438 0.392579 0.323438 0.392579
0 0.363757 0.068859 0.388281 0.072265 0.383117 0.130359 0.358593 0.126953
0 0.265717 0.017119 0.289614 0.024587 0.278585 0.079733 0.254688 0.072265
0 0.635938 0.046874 0.637129 0.072178 0.582812 0.076172 0.581622 0.050868
0 0.265301 0.000000 0.285937 0.001953 0.272199 0.062058 0.251563 0.054687
0 0.232842 0.114190 0.256250 0.115235 0.254658 0.170966 0.231250 0.169922
0 0.353810 0.171844 0.377539 0.179753 0.366699 0.230566 0.342969 0.222657
0 0.682243 0.142068 0.699219 0.162109 0.669320 0.201682 0.652343 0.181641
0 0.254687 0.074219 0.279109 0.078916 0.272859 0.129697 0.248437 0.125000
0 0.355504 0.124457 0.380469 0.126954 0.377310 0.176325 0.352345 0.173828
0 0.242203 0.130627 0.264063 0.132813 0.260923 0.181873 0.239063 0.179687
0 0.245559 0.061784 0.264063 0.064453 0.259129 0.117904 0.240625 0.115235
0 0.368778 0.017282 0.384375 0.019531 0.379660 0.070608 0.364063 0.068359
0 0.375028 0.027048 0.390625 0.029297 0.385910 0.080374 0.370313 0.078125
3 0.780492 0.791994 0.782906 0.834963 0.727321 0.839842 0.724907 0.796874
3 0.298263 0.635969 0.336075 0.644563 0.326875 0.707813 0.289063 0.699219
3 0.294126 0.338153 0.322833 0.344569 0.314468 0.403057 0.285761 0.396641
3 0.736726 0.573788 0.747656 0.607422 0.692962 0.635196 0.682032 0.601562
3 0.329687 0.390625 0.352566 0.443736 0.332253 0.457409 0.309374 0.404297
4 0.303142 0.541038 0.337500 0.541992 0.335920 0.630838 0.301562 0.629884
