0 0.895313 0.845704 0.998438 0.847732 0.998438 0.906251 0.894581 0.904222
0 0.101600 0.766993 0.146875 0.771485 0.139026 0.895117 0.093751 0.890626
0 0.848188 0.770477 0.878576 0.881665 0.835104 0.900229 0.804716 0.789041
0 0.878298 0.753644 0.981423 0.773175 0.975000 0.826172 0.871875 0.806641
0 0.889407 0.000000 0.890625 0.041016 0.798094 0.044937 0.796875 0.000000
0 0.160011 0.642403 0.162500 0.691406 0.064063 0.699219 0.061574 0.650216
0 0.000000 0.925726 0.082835 0.927735 0.082016 0.980524 0.000000 0.978515
0 0.051860 0.376559 0.131250 0.415038 0.116890 0.461331 0.037500 0.422851
0 0.287500 0.445313 0.287500 0.542969 0.254688 0.542969 0.254688 0.445313
0 0.186719 0.076172 0.194532 0.115235 0.118061 0.139132 0.110248 0.100069
0 0.260989 0.119230 0.292187 0.120117 0.290573 0.208894 0.259375 0.208007
