0 0.134505 0.725044 0.189062 0.727539 0.184375 0.887696 0.129818 0.885201
0 0.700008 0.046080 0.751563 0.046875 0.749992 0.205874 0.698438 0.205079
0 0.634376 0.398438 0.642188 0.460937 0.514828 0.485812 0.507016 0.423313
0 0.605882 0.285985 0.621094 0.352539 0.511306 0.391749 0.496094 0.325195
0 0.494264 0.502027 0.631764 0.503981 0.631250 0.560547 0.493750 0.558594
0 0.631250 0.707031 0.632350 0.765455 0.499538 0.769361 0.498438 0.710937
0 0.631250 0.681641 0.632350 0.740065 0.499538 0.743971 0.498438 0.685547
0 0.482812 0.060547 0.606250 0.060547 0.606250 0.123047 0.482812 0.123047
0 0.592187 0.029297 0.592853 0.091733 0.471875 0.093749 0.471209 0.031313
0 0.140620 0.326389 0.190625 0.328125 0.187500 0.468749 0.137495 0.467013
0 0.629183 0.622645 0.632813 0.681640 0.514283 0.693038 0.510653 0.634042
0 0.624494 0.589442 0.628125 0.648437 0.509595 0.659834 0.505965 0.600839
0 0.582758 0.176356 0.600000 0.236329 0.496930 0.282630 0.479688 0.222657
0 0.157272 0.000000 0.197657 0.000000 0.191166 0.134873 0.150781 0.131836
0 0.582812 0.140625 0.587499 0.193359 0.489062 0.207031 0.484375 0.154297
0 0.576562 0.119141 0.581249 0.171875 0.482812 0.185547 0.478125 0.132813
3 0.592491 0.000000 0.596265 0.052076 0.460635 0.064481 0.456861 0.000000
3 0.581982 0.820517 0.603857 0.884969 0.493750 0.943359 0.471875 0.878907
3 0.578857 0.785361 0.600732 0.849813 0.490625 0.908203 0.468750 0.843751
3 0.151507 0.148201 0.198245 0.150537 0.193613 0.295305 0.146875 0.292969
