0 0.960568 0.900211 0.962500 0.972656 0.817556 0.978696 0.815624 0.906250
0 0.942634 0.812316 0.946875 0.884765 0.816741 0.896668 0.812500 0.824219
0 0.412500 0.642578 0.471961 0.646295 0.465626 0.804688 0.406165 0.800972
0 0.922909 0.656203 0.925000 0.728516 0.795313 0.734375 0.793222 0.662062
0 0.520313 0.683593 0.578215 0.687212 0.571875 0.845703 0.513973 0.842084
0 0.100000 0.917969 0.103582 0.989998 0.000000 0.998047 0.000000 0.926018
0 0.775029 0.742930 0.781279 0.906993 0.728125 0.910157 0.721875 0.746094
0 0.278125 0.808593 0.331357 0.815007 0.318857 0.977117 0.265625 0.970703
0 0.714882 0.862888 0.718750 0.998047 0.665686 0.998047 0.661818 0.865261
0 0.121875 0.660157 0.125211 0.726052 0.001773 0.735817 0.000000 0.669922
0 0.222721 0.626556 0.275846 0.630462 0.268750 0.781250 0.215626 0.777344
0 0.941998 0.736266 0.943751 0.796874 0.812690 0.802796 0.810938 0.742188
0 0.814622 0.968721 0.946429 0.972643 0.945871 0.998047 0.814063 0.998047
0 0.810938 0.494141 0.938106 0.496128 0.937501 0.556641 0.810332 0.554654
0 0.000000 0.824053 0.103477 0.835978 0.098426 0.904464 0.000000 0.892538
0 0.209250 0.835601 0.260937 0.841796 0.250000 0.984375 0.198313 0.978180
0 0.187500 0.068360 0.189063 0.128907 0.067012 0.133828 0.065449 0.073281
0 0.386023 0.271052 0.440670 0.274111 0.435897 0.407356 0.381250 0.404297
0 0.785937 0.249999 0.906251 0.249999 0.906251 0.310546 0.785937 0.310546
0 0.593750 0.878906 0.648438 0.878906 0.648438 0.998047 0.593750 0.998047
0 0.000000 0.745736 0.115706 0.753912 0.113040 0.812858 0.000000 0.804682
0 0.125000 0.593750 0.127230 0.648095 0.000000 0.656250 0.000000 0.601906
0 0.031250 0.390626 0.137500 0.390626 0.137500 0.455079 0.031250 0.455079
0 0.309303 0.622196 0.356250 0.626954 0.346875 0.771484 0.299928 0.766726
0 0.657812 0.687500 0.706250 0.687500 0.706250 0.828125 0.657812 0.828125
0 0.246875 0.257812 0.295313 0.257812 0.295313 0.398438 0.246875 0.398438
0 0.781833 0.469202 0.806833 0.519983 0.710937 0.593750 0.685937 0.542969
0 0.781250 0.000000 0.890625 0.000000 0.890625 0.044922 0.781250 0.044922
0 0.131250 0.451172 0.134766 0.511825 0.026954 0.521590 0.023438 0.460937
0 0.650000 0.384765 0.700098 0.388619 0.693680 0.518985 0.643582 0.515131
0 0.176133 0.138557 0.179687 0.193359 0.062929 0.205193 0.059375 0.150391
0 0.898893 0.181780 0.900000 0.234375 0.781250 0.238282 0.780142 0.185687
0 0.060937 0.203125 0.175000 0.210938 0.172677 0.263941 0.058614 0.256128
0 0.784249 0.111305 0.898437 0.132813 0.892313 0.183617 0.778125 0.162109
0 0.077751 0.013659 0.189062 0.017578 0.187873 0.070325 0.076562 0.066406
0 0.242947 0.431799 0.289062 0.441406 0.272677 0.564295 0.226562 0.554688
0 0.323635 0.114926 0.368750 0.121094 0.357615 0.248356 0.312500 0.242188
0 0.264821 0.000000 0.310938 0.000000 0.302367 0.120365 0.256250 0.115234
0 0.013986 0.531092 0.135938 0.537109 0.134452 0.584142 0.012500 0.578125
0 0.584375 0.164062 0.629687 0.164062 0.629687 0.289062 0.584375 0.289062
0 0.803055 0.305057 0.912501 0.337891 0.903126 0.386719 0.793680 0.353885
0 0.261482 0.130771 0.306794 0.134678 0.300000 0.257813 0.254688 0.253906
0 0.323556 0.000000 0.371876 0.000000 0.368632 0.111570 0.320313 0.109375
0 0.051563 0.263672 0.165625 0.273437 0.163025 0.320892 0.048962 0.311127
0 0.655156 0.187399 0.699013 0.191460 0.692187 0.306641 0.648331 0.302580
0 0.690626 0.058593 0.693751 0.169921 0.649945 0.171843 0.646820 0.060515
0 0.880076 0.050705 0.881250 0.097656 0.781250 0.101563 0.780076 0.054612
0 0.585969 0.000000 0.628000 0.000000 0.623281 0.089404 0.581250 0.085938
3 0.356239 0.424864 0.357824 0.555604 0.303125 0.556640 0.301540 0.425900
3 0.593750 0.687500 0.643719 0.688356 0.642156 0.830934 0.592187 0.830078
4 0.795312 0.359375 0.938223 0.406489 0.923438 0.476563 0.780527 0.429449
4 0.020454 0.304465 0.154688 0.314453 0.151422 0.383035 0.017188 0.373047
