0 0.067757 0.724095 0.118750 0.734375 0.102309 0.861794 0.051316 0.851513
0 0.298437 0.611329 0.325979 0.730811 0.278124 0.748047 0.250583 0.628564
0 0.111174 0.734292 0.154687 0.742188 0.140388 0.865317 0.096875 0.857422
0 0.490270 0.567895 0.519054 0.684828 0.476562 0.701171 0.447778 0.584238
0 0.439743 0.579198 0.457813 0.701173 0.415625 0.710938 0.397555 0.588963
0 0.147362 0.411720 0.193750 0.416016 0.187014 0.529686 0.140626 0.525390
0 0.533756 0.554466 0.567188 0.671875 0.527182 0.689674 0.493750 0.572266
0 0.053613 0.651006 0.137500 0.677735 0.126075 0.733760 0.042188 0.707031
0 0.034375 0.701171 0.074924 0.721822 0.040549 0.827291 0.000000 0.806640
0 0.345313 0.603516 0.362899 0.717828 0.322274 0.727594 0.304687 0.613282
0 0.393275 0.596344 0.409375 0.707031 0.369225 0.716156 0.353125 0.605469
0 0.707401 0.402936 0.764063 0.498047 0.733225 0.526752 0.676563 0.431641
0 0.750692 0.370346 0.802254 0.460189 0.768750 0.490234 0.717188 0.400391
0 0.320312 0.423829 0.332451 0.526253 0.290264 0.534066 0.278125 0.431641
0 0.465625 0.384765 0.483152 0.492318 0.445313 0.501953 0.427786 0.394400
0 0.362089 0.416995 0.371464 0.528323 0.334375 0.533203 0.325000 0.421875
0 0.432812 0.396484 0.440766 0.505843 0.404700 0.509942 0.396746 0.400583
0 0.899912 0.193274 0.968750 0.259766 0.946964 0.295008 0.878125 0.228516
0 0.666520 0.437004 0.718082 0.520989 0.689062 0.548828 0.637500 0.464843
0 0.604687 0.498047 0.654796 0.588969 0.626563 0.613281 0.576454 0.522359
0 0.285983 0.436704 0.287546 0.542172 0.253125 0.542969 0.251562 0.437500
0 0.873438 0.234375 0.934375 0.304687 0.911192 0.336081 0.850255 0.265769
0 0.395313 0.412109 0.406305 0.518111 0.373437 0.523437 0.362444 0.417435
0 0.567187 0.523437 0.600494 0.604723 0.571875 0.623046 0.538568 0.541761
3 0.969829 0.114872 0.998438 0.191044 0.998437 0.228516 0.939062 0.152344
3 0.576067 0.243748 0.631250 0.306641 0.606745 0.340236 0.551562 0.277344
3 0.930000 0.155247 0.987889 0.213919 0.965702 0.248125 0.907812 0.189453
3 0.633688 0.160000 0.685938 0.208984 0.664750 0.244296 0.612500 0.195312
