0 0.384971 0.808852 0.469346 0.814712 0.467187 0.863282 0.382812 0.857422
0 0.390473 0.857563 0.473285 0.861469 0.471875 0.908204 0.389063 0.904297
0 0.688511 0.954881 0.690625 0.998047 0.611489 0.998047 0.609375 0.960937
0 0.690200 0.907504 0.692188 0.947265 0.608238 0.953824 0.606250 0.914063
0 0.393709 0.424075 0.467146 0.427982 0.465625 0.472656 0.392188 0.468750
0 0.596421 0.773550 0.672984 0.781363 0.670312 0.822266 0.593750 0.814453
0 0.567187 0.363281 0.636735 0.365303 0.635937 0.408203 0.566389 0.406181
0 0.391340 0.767513 0.463215 0.769466 0.462500 0.810547 0.390625 0.808594
0 0.458577 0.558662 0.459375 0.601563 0.392187 0.603516 0.391389 0.560615
0 0.676782 0.860901 0.679687 0.896484 0.599779 0.906677 0.596874 0.871094
0 0.584375 0.664062 0.660657 0.668208 0.659375 0.705078 0.583093 0.700932
0 0.033303 0.182202 0.103616 0.188061 0.101563 0.226562 0.031250 0.220703
0 0.036021 0.808944 0.038617 0.851815 0.000000 0.855468 0.000000 0.812597
0 0.000000 0.636719 0.057072 0.638695 0.056250 0.675781 0.000000 0.673805
0 0.000000 0.716797 0.051021 0.718783 0.050000 0.759765 0.000000 0.757779
0 0.663388 0.714863 0.664062 0.751954 0.595312 0.753907 0.594638 0.716816
0 0.004687 0.558594 0.067187 0.558594 0.067187 0.595703 0.004687 0.595703
0 0.561807 0.167582 0.619619 0.173442 0.617187 0.210938 0.559375 0.205078
0 0.048437 0.134765 0.110095 0.136741 0.109375 0.171875 0.047717 0.169899
0 0.553125 0.226563 0.556316 0.290401 0.523437 0.292969 0.520246 0.229131
0 0.551915 0.044227 0.612852 0.053993 0.609375 0.087891 0.548438 0.078125
0 0.462587 0.164717 0.493750 0.166015 0.492101 0.227861 0.460938 0.226563
0 0.460700 0.093492 0.462500 0.125000 0.403316 0.130284 0.401516 0.098776
0 0.459628 0.000000 0.460937 0.017578 0.401262 0.022906 0.399953 0.000000
0 0.000000 0.599609 0.054688 0.599609 0.054688 0.628906 0.000000 0.628906
0 0.552036 0.121062 0.619223 0.123016 0.618750 0.148438 0.551563 0.146484
0 0.557325 0.142444 0.618750 0.146485 0.617675 0.172010 0.556250 0.167969
0 0.618749 0.091797 0.619296 0.117064 0.557812 0.119141 0.557266 0.093874
0 0.143112 0.051109 0.145313 0.074219 0.079688 0.083985 0.077487 0.060875
0 0.148045 0.031172 0.148437 0.052735 0.079687 0.054688 0.079295 0.033125
0 0.128125 0.078125 0.129282 0.103432 0.073437 0.107421 0.072280 0.082114
0 0.087500 0.011719 0.143750 0.011719 0.143750 0.031250 0.087500 0.031250
4 0.020275 0.366435 0.117187 0.371094 0.115625 0.421875 0.018713 0.417216
