0 0.263858 0.754452 0.273168 0.856030 0.234282 0.861599 0.224972 0.760021
0 0.521094 0.830079 0.548402 0.928468 0.514062 0.943360 0.486754 0.844971
0 0.928797 0.108829 0.937500 0.146485 0.860265 0.174375 0.851562 0.136719
0 0.995312 0.292969 0.998438 0.326012 0.932812 0.353515 0.924588 0.320473
2 0.137500 0.228515 0.148468 0.304331 0.000000 0.337891 0.000000 0.262075
2 0.374810 0.612339 0.418750 0.830078 0.362530 0.847805 0.318590 0.630066
2 0.438839 0.592687 0.484375 0.808594 0.429775 0.826587 0.384239 0.610680
2 0.309333 0.628711 0.356250 0.847656 0.303167 0.865430 0.256250 0.646484
2 0.790764 0.376537 0.844351 0.404447 0.781250 0.593751 0.727663 0.565841
2 0.686198 0.069156 0.737500 0.105469 0.659114 0.278500 0.607813 0.242187
2 0.531250 0.269531 0.587499 0.458984 0.533472 0.484049 0.477222 0.294595
2 0.935867 0.474417 0.998438 0.671875 0.959445 0.699411 0.887500 0.501953
2 0.362969 0.224414 0.415625 0.421875 0.363125 0.443750 0.310469 0.246289
2 0.483870 0.583810 0.534375 0.796875 0.486442 0.814628 0.435937 0.601563
2 0.307440 0.253896 0.343750 0.445313 0.290998 0.460948 0.254688 0.269532
2 0.109750 0.099829 0.124742 0.162999 0.000000 0.209257 0.000000 0.146087
2 0.760526 0.297683 0.806250 0.324219 0.737682 0.508825 0.691958 0.482289
2 0.738470 0.222125 0.781250 0.250000 0.704688 0.433594 0.661908 0.405718
2 0.476434 0.276928 0.535938 0.468750 0.490754 0.490650 0.431250 0.298828
2 0.246875 0.265625 0.287500 0.460937 0.239905 0.476406 0.199280 0.281093
2 0.418751 0.234375 0.467188 0.427735 0.420848 0.445873 0.372410 0.252513
2 0.714403 0.151789 0.756250 0.179687 0.679347 0.359929 0.637500 0.332031
2 0.119945 0.162225 0.133200 0.218026 0.000000 0.267463 0.000000 0.211662
2 0.440559 0.117289 0.487500 0.283204 0.439130 0.304587 0.392188 0.138672
2 0.656596 0.000000 0.698437 0.015625 0.634028 0.188430 0.592187 0.164063
2 0.377003 0.075497 0.418749 0.246094 0.376121 0.262393 0.334375 0.091796
2 0.474986 0.105706 0.532812 0.281250 0.495326 0.300544 0.437500 0.125000
2 0.269532 0.088868 0.296875 0.259766 0.253906 0.270508 0.226563 0.099610
2 0.633292 0.000000 0.665624 0.000000 0.590998 0.116085 0.558666 0.083607
