0 0.940733 0.723902 0.964063 0.792969 0.814479 0.871916 0.791150 0.802849
0 0.954063 0.829066 0.978124 0.900391 0.842811 0.971716 0.818750 0.900391
0 0.801847 0.914247 0.828125 0.986328 0.698153 0.998047 0.671875 0.988282
0 0.296665 0.839104 0.341848 0.998047 0.284547 0.998047 0.239364 0.864555
0 0.718272 0.659513 0.743751 0.726563 0.617667 0.801425 0.592188 0.734376
0 0.984290 0.515690 0.998438 0.583984 0.875084 0.644466 0.854687 0.576172
0 0.806105 0.695823 0.834375 0.759765 0.715625 0.841797 0.687355 0.777854
0 0.321875 0.578125 0.340012 0.648756 0.213449 0.699537 0.195312 0.628906
0 0.184375 0.634766 0.201135 0.700721 0.067187 0.753906 0.050427 0.687951
0 0.228380 0.865212 0.271964 0.998047 0.218584 0.998047 0.175000 0.892579
0 0.855192 0.584670 0.876562 0.648437 0.751058 0.714157 0.729688 0.650391
0 0.363043 0.808087 0.423981 0.970196 0.376563 0.998047 0.315625 0.835938
0 0.786723 0.817176 0.809375 0.876954 0.682028 0.952357 0.659375 0.892579
0 0.937742 0.635933 0.960938 0.701172 0.843508 0.766411 0.820312 0.701172
0 0.628635 0.606881 0.650510 0.667428 0.525000 0.738281 0.503125 0.677734
0 0.595703 0.540274 0.617188 0.603516 0.498047 0.666758 0.476562 0.603516
0 0.147545 0.905182 0.193750 0.998047 0.144643 0.998047 0.098438 0.943359
0 0.309331 0.649574 0.354644 0.799964 0.303125 0.824218 0.257812 0.673828
0 0.179876 0.715317 0.223626 0.873520 0.175000 0.894531 0.131250 0.736328
0 0.245355 0.681132 0.290625 0.832031 0.240625 0.855468 0.195355 0.704569
0 0.267606 0.508227 0.285937 0.574218 0.169894 0.624585 0.151563 0.558593
0 0.112500 0.744140 0.146579 0.898308 0.095312 0.916016 0.061233 0.761848
0 0.537500 0.402343 0.560937 0.460937 0.445312 0.533203 0.421875 0.474609
0 0.567922 0.476200 0.585937 0.533203 0.458640 0.596066 0.440625 0.539063
0 0.437620 0.151592 0.456250 0.216796 0.345192 0.266376 0.326562 0.201172
0 0.982301 0.566846 0.998438 0.600381 0.968515 0.703010 0.927972 0.669476
0 0.522214 0.339266 0.539063 0.392578 0.412500 0.455078 0.395651 0.401766
0 0.416881 0.088445 0.435938 0.148438 0.326869 0.202571 0.307812 0.142578
0 0.498228 0.279736 0.514062 0.333984 0.390835 0.390186 0.375000 0.335938
0 0.468489 0.212673 0.485938 0.267578 0.371876 0.324219 0.354426 0.269314
0 0.366067 0.000000 0.381250 0.044921 0.260495 0.099429 0.245312 0.046875
0 0.389844 0.045899 0.403125 0.095704 0.278906 0.147461 0.265625 0.097656
0 0.998438 0.682853 0.998438 0.731693 0.956229 0.793709 0.928509 0.744869
4 0.128525 0.572152 0.148838 0.650276 0.018751 0.703124 0.000000 0.625000
