0 0.762537 0.743422 0.779687 0.861328 0.734587 0.871578 0.717437 0.753672
0 0.774700 0.863713 0.785937 0.994141 0.745612 0.998047 0.734375 0.869141
0 0.192469 0.708597 0.234375 0.712891 0.226281 0.836326 0.184375 0.832032
0 0.749887 0.498896 0.759374 0.591797 0.715737 0.598760 0.706250 0.505859
0 0.215625 0.480469 0.254574 0.482306 0.251449 0.585821 0.212500 0.583984
0 0.751898 0.605195 0.760937 0.703125 0.720312 0.708985 0.711273 0.611054
0 0.206250 0.599610 0.243750 0.599610 0.243750 0.699218 0.206250 0.699218
0 0.235937 0.181641 0.275111 0.185899 0.268861 0.275743 0.229687 0.271485
0 0.729550 0.283134 0.735937 0.376953 0.698575 0.380928 0.692187 0.287109
0 0.258610 0.091799 0.295313 0.097656 0.285938 0.189453 0.249236 0.183596
0 0.706222 0.000000 0.707831 0.063541 0.670360 0.064991 0.668751 0.000000
0 0.290625 0.015625 0.292279 0.098337 0.251563 0.099609 0.249908 0.016897
0 0.720373 0.185171 0.723498 0.267202 0.684375 0.269531 0.681250 0.187500
0 0.710937 0.080079 0.721875 0.160156 0.685659 0.167885 0.674721 0.087808
