0 0.471942 0.868918 0.517188 0.871094 0.513996 0.974832 0.468750 0.972657
0 0.642187 0.945313 0.731250 0.945313 0.731250 0.998047 0.642187 0.998047
0 0.660938 0.808594 0.743750 0.808594 0.743750 0.861328 0.660938 0.861328
0 0.660937 0.898438 0.753125 0.898438 0.753125 0.941406 0.660937 0.941406
0 0.253125 0.751953 0.326886 0.792041 0.311261 0.836963 0.237500 0.796875
0 0.233335 0.707176 0.314062 0.736328 0.304165 0.779152 0.223438 0.750000
0 0.284711 0.378301 0.353816 0.412452 0.339417 0.457979 0.270312 0.423828
0 0.331250 0.558593 0.368750 0.558593 0.368750 0.654297 0.331250 0.654297
0 0.320579 0.427795 0.321875 0.470703 0.239063 0.474609 0.237767 0.431701
0 0.737500 0.763672 0.738096 0.804674 0.651562 0.806641 0.650966 0.765638
0 0.646875 0.718750 0.732813 0.718750 0.732813 0.759766 0.646875 0.759766
0 0.254687 0.863281 0.257183 0.910078 0.185937 0.916015 0.183441 0.869218
0 0.295507 0.896619 0.329687 0.898437 0.326367 0.995959 0.292187 0.994141
0 0.655847 0.587800 0.740223 0.591707 0.739063 0.630860 0.654687 0.626953
0 0.651563 0.673828 0.731250 0.673828 0.731250 0.714844 0.651563 0.714844
0 0.657812 0.630859 0.737499 0.630859 0.737499 0.671875 0.657812 0.671875
0 0.700187 0.335751 0.703125 0.378906 0.627937 0.386905 0.624999 0.343750
0 0.665625 0.859375 0.748437 0.859375 0.748437 0.898437 0.665625 0.898437
0 0.581250 0.689453 0.614080 0.690274 0.612518 0.787931 0.579688 0.787110
0 0.270313 0.187500 0.336467 0.197837 0.331779 0.244712 0.265625 0.234375
0 0.320312 0.224609 0.393750 0.238281 0.388902 0.278977 0.315464 0.265305
0 0.372323 0.322744 0.403125 0.330078 0.388615 0.425302 0.357813 0.417968
0 0.284375 0.291016 0.351562 0.291016 0.351562 0.335938 0.284375 0.335938
0 0.299232 0.567762 0.332812 0.574219 0.322642 0.656848 0.289062 0.650391
0 0.429580 0.436428 0.465625 0.443359 0.456250 0.519531 0.420205 0.512599
0 0.629687 0.396485 0.701563 0.396485 0.701563 0.435547 0.629687 0.435547
0 0.645313 0.230469 0.715625 0.230469 0.715625 0.269531 0.645313 0.269531
0 0.637202 0.037093 0.710938 0.041015 0.709674 0.078141 0.635938 0.074219
0 0.405863 0.083124 0.418750 0.121093 0.358199 0.153204 0.345312 0.115235
0 0.700031 0.435118 0.703126 0.470703 0.628095 0.480898 0.625000 0.445313
0 0.700715 0.298586 0.703125 0.333984 0.627410 0.342038 0.624999 0.306640
0 0.703259 0.511517 0.706250 0.550781 0.638929 0.558795 0.635938 0.519531
0 0.412625 0.157109 0.431375 0.188359 0.378125 0.238281 0.359375 0.207031
0 0.571875 0.949219 0.607813 0.949219 0.607813 0.998047 0.571875 0.998047
0 0.720863 0.546635 0.723438 0.582031 0.652575 0.590083 0.650001 0.554687
0 0.701737 0.476171 0.703125 0.511719 0.632636 0.516017 0.631249 0.480469
0 0.415030 0.123971 0.423437 0.156250 0.353720 0.184623 0.345313 0.152344
0 0.378107 0.445472 0.410938 0.451172 0.403125 0.521484 0.370295 0.515784
0 0.642187 0.162109 0.710937 0.166015 0.709729 0.199239 0.640979 0.195333
0 0.586475 0.072919 0.618750 0.078125 0.611963 0.143877 0.579688 0.138671
0 0.621862 0.000000 0.625000 0.054688 0.590772 0.057601 0.587634 0.000000
0 0.646875 0.195312 0.709171 0.199305 0.707813 0.232422 0.645517 0.228429
0 0.646875 0.273437 0.709375 0.273437 0.709375 0.304687 0.646875 0.304687
0 0.600959 0.126683 0.620312 0.156250 0.581853 0.195584 0.562500 0.166016
0 0.639024 0.000000 0.703125 0.000000 0.702590 0.027423 0.638489 0.025469
0 0.401743 0.008638 0.429688 0.015625 0.420133 0.075346 0.392188 0.068359
