0 0.836507 0.783820 0.921877 0.826971 0.905649 0.877134 0.820279 0.833984
0 0.860461 0.534712 0.867969 0.583984 0.800477 0.600054 0.792969 0.550782
0 0.157031 0.583008 0.232031 0.583008 0.232031 0.624024 0.157031 0.624024
0 0.613850 0.929930 0.618750 0.998047 0.586151 0.998047 0.581250 0.933594
0 0.784375 0.000000 0.853870 0.001974 0.853125 0.042968 0.783630 0.040994
0 0.784375 0.024414 0.853870 0.026388 0.853125 0.067382 0.783630 0.065408
0 0.012091 0.461733 0.092187 0.465820 0.091033 0.501157 0.010937 0.497070
0 0.034748 0.358218 0.114844 0.362305 0.113690 0.397642 0.033594 0.393555
0 0.029279 0.402163 0.109375 0.406250 0.108221 0.441587 0.028125 0.437500
0 0.001935 0.539858 0.082031 0.543945 0.080877 0.579282 0.000781 0.575195
0 0.534375 0.580077 0.570298 0.582380 0.567173 0.658553 0.531250 0.656250
0 0.695313 0.470703 0.728125 0.470703 0.728125 0.552735 0.695313 0.552735
0 0.046737 0.299907 0.118612 0.301860 0.117969 0.338867 0.046094 0.336914
0 0.066268 0.262797 0.138143 0.264750 0.137500 0.301757 0.065625 0.299804
0 0.827813 0.317188 0.881563 0.350782 0.867813 0.385156 0.814063 0.351562
0 0.821875 0.193359 0.829687 0.230469 0.773235 0.249039 0.765423 0.211929
0 0.243062 0.074090 0.306250 0.085938 0.302250 0.119270 0.239062 0.107422
0 0.247750 0.087762 0.310938 0.099610 0.306938 0.132942 0.243750 0.121094
0 0.238375 0.130730 0.301563 0.142578 0.297563 0.175910 0.234375 0.164062
0 0.238375 0.115105 0.301563 0.126953 0.297563 0.160285 0.234375 0.148437
0 0.729803 0.010542 0.765741 0.014449 0.761718 0.072266 0.725781 0.068359
0 0.712977 0.264595 0.720158 0.327424 0.689789 0.332847 0.682609 0.270018
