0 0.913738 0.801145 0.940626 0.962891 0.889388 0.976199 0.862500 0.814453
0 0.256250 0.892579 0.314062 0.892579 0.314062 0.998047 0.256250 0.998047
0 0.904849 0.663332 0.920312 0.800781 0.871713 0.809324 0.856250 0.671875
0 0.326610 0.607689 0.370312 0.608398 0.368702 0.763405 0.325000 0.762696
0 0.310157 0.525391 0.311773 0.680956 0.269532 0.681641 0.267915 0.526077
0 0.885328 0.504859 0.896875 0.634766 0.847484 0.641625 0.835937 0.511719
0 0.259385 0.708148 0.306251 0.708984 0.304679 0.846540 0.257813 0.845704
0 0.860569 0.156340 0.871875 0.273437 0.820681 0.281160 0.809375 0.164063
0 0.879699 0.298811 0.890781 0.421537 0.843107 0.428263 0.832025 0.305537
0 0.285938 0.179687 0.334426 0.181675 0.331250 0.302735 0.282763 0.300747
0 0.283490 0.067976 0.333429 0.071180 0.328842 0.182902 0.278903 0.179698
0 0.281250 0.341797 0.325000 0.341797 0.325000 0.464843 0.281250 0.464843
0 0.858365 0.068019 0.867181 0.154298 0.828353 0.160497 0.819537 0.074218
1 0.285937 0.187500 0.331303 0.189359 0.328125 0.310546 0.282759 0.308687
