0 0.385170 0.122367 0.399294 0.160941 0.346648 0.191059 0.332524 0.152485
0 0.395505 0.844509 0.426572 0.865219 0.393557 0.942601 0.362491 0.921891
0 0.412601 0.456976 0.424182 0.493188 0.361053 0.524736 0.349472 0.488524
0 0.704679 0.531771 0.719265 0.613319 0.689715 0.621577 0.675129 0.540029
0 0.714224 0.249528 0.725000 0.283203 0.665464 0.312972 0.654688 0.279297
0 0.420169 0.400310 0.422165 0.438543 0.362785 0.443388 0.360789 0.405155
0 0.767555 0.440751 0.773438 0.482422 0.720313 0.494141 0.714430 0.452470
0 0.765180 0.385418 0.768680 0.415995 0.706697 0.427082 0.703196 0.396505
0 0.441925 0.178351 0.450819 0.240823 0.423809 0.246831 0.414915 0.184359
0 0.752653 0.359264 0.754687 0.390624 0.696875 0.396484 0.694841 0.365124
0 0.385529 0.310917 0.410741 0.310917 0.410741 0.380369 0.385529 0.380369
0 0.736746 0.328768 0.742188 0.359375 0.685938 0.375000 0.680497 0.344393
0 0.661563 0.136289 0.678909 0.186518 0.653953 0.199985 0.636607 0.149756
0 0.691716 0.199329 0.704687 0.228515 0.659847 0.259655 0.646875 0.230469
0 0.630554 0.000000 0.645313 0.003907 0.603822 0.041249 0.589063 0.015625
0 0.770756 0.419618 0.773437 0.447266 0.719868 0.455382 0.717187 0.427734
0 0.646563 0.001172 0.656250 0.025391 0.611249 0.053516 0.601562 0.029298
3 0.748140 0.702895 0.765625 0.738282 0.709672 0.781481 0.692187 0.746094
4 0.398893 0.656497 0.412500 0.681641 0.357357 0.728269 0.343750 0.703125
