0 0.413225 0.067071 0.429687 0.136718 0.292187 0.187499 0.275725 0.117852
0 0.227060 0.409970 0.231250 0.482421 0.099502 0.494326 0.095312 0.421875
0 0.401563 0.162109 0.418594 0.225976 0.292031 0.278711 0.275000 0.214844
0 0.534375 0.142578 0.655428 0.165379 0.646875 0.236328 0.525822 0.213527
0 0.395951 0.239781 0.421875 0.296875 0.305611 0.379359 0.279687 0.322265
0 0.434375 0.808594 0.458696 0.864948 0.339946 0.945026 0.315625 0.888672
0 0.422021 0.703973 0.450001 0.759766 0.345313 0.841797 0.317333 0.786004
0 0.404688 0.535156 0.436238 0.584060 0.337500 0.683594 0.305950 0.634690
0 0.396875 0.436524 0.423351 0.487376 0.324913 0.567454 0.298437 0.516602
0 0.370312 0.000000 0.390709 0.042922 0.293750 0.095703 0.273353 0.037156
0 0.545313 0.337891 0.642170 0.414936 0.618171 0.462075 0.521315 0.385030
0 0.629888 0.000000 0.632813 0.048828 0.535644 0.056664 0.532719 0.000000
0 0.550000 0.230469 0.643169 0.287713 0.623438 0.337891 0.530269 0.280647
1 0.285713 0.498498 0.304698 0.856447 0.239567 0.861844 0.220582 0.503896
1 0.393496 0.325104 0.424925 0.387136 0.330469 0.461914 0.299039 0.399882
3 0.553125 0.441406 0.660687 0.519669 0.634375 0.576172 0.526813 0.497909
4 0.564088 0.606120 0.612535 0.607615 0.609375 0.767578 0.560929 0.766083
