0 0.274532 0.205000 0.403780 0.226672 0.396436 0.295110 0.267188 0.273438
0 0.551593 0.026124 0.686032 0.031375 0.684375 0.097656 0.549936 0.092405
0 0.154688 0.087890 0.276563 0.138672 0.260938 0.197266 0.139063 0.146484
0 0.082813 0.341797 0.207813 0.341797 0.207813 0.404297 0.082813 0.404297
0 0.673773 0.109316 0.675000 0.169922 0.549665 0.173888 0.548438 0.113282
0 0.535937 0.250000 0.665625 0.250000 0.665625 0.308594 0.535937 0.308594
0 0.529687 0.400391 0.653125 0.417969 0.647793 0.476471 0.524355 0.458893
0 0.139063 0.187500 0.262361 0.202912 0.257673 0.261506 0.134375 0.246094
0 0.282627 0.129130 0.402939 0.148662 0.396875 0.207032 0.276563 0.187500
0 0.529269 0.473214 0.646875 0.519532 0.633231 0.573662 0.515625 0.527344
0 0.284294 0.059719 0.401563 0.080078 0.395395 0.135593 0.278125 0.115234
0 0.528124 0.332031 0.648437 0.332031 0.648437 0.386719 0.528124 0.386719
0 0.549799 0.179541 0.666987 0.189307 0.664063 0.244141 0.546875 0.234375
0 0.630193 0.573975 0.638005 0.630616 0.528125 0.654297 0.520313 0.597656
3 0.164042 0.025385 0.278125 0.058593 0.267208 0.117193 0.153125 0.083985
3 0.100000 0.240235 0.208027 0.262015 0.200214 0.322561 0.092187 0.300781
4 0.220313 0.333985 0.376562 0.353516 0.370916 0.424099 0.214666 0.404568
