0 0.856977 0.795489 0.896875 0.916015 0.860211 0.934980 0.820313 0.814453
0 0.907070 0.786873 0.950000 0.900391 0.913243 0.922111 0.870312 0.808594
0 0.663955 0.878569 0.701563 0.996094 0.665733 0.998047 0.628125 0.896484
0 0.919532 0.186096 0.964063 0.292969 0.928906 0.315858 0.884375 0.208985
0 0.901193 0.926698 0.948437 0.998047 0.919119 0.998047 0.871875 0.957031
0 0.976833 0.179552 0.998438 0.281250 0.970044 0.300916 0.937501 0.199218
0 0.515025 0.909957 0.542187 0.998047 0.505287 0.998047 0.478125 0.927735
0 0.814277 0.817772 0.848438 0.931641 0.813849 0.947855 0.779688 0.833985
0 0.616086 0.889972 0.642187 0.998047 0.604226 0.998047 0.578125 0.904297
0 0.959352 0.073312 0.993750 0.177735 0.957836 0.196220 0.923437 0.091797
0 0.982789 0.059640 0.998438 0.164063 0.981273 0.182548 0.946875 0.078125
0 0.547188 0.647266 0.589063 0.751953 0.555938 0.772656 0.514063 0.667969
0 0.964051 0.919771 0.998438 0.998047 0.964074 0.998047 0.929688 0.943359
0 0.759308 0.839480 0.789063 0.953125 0.754754 0.967160 0.725000 0.853515
0 0.461727 0.680335 0.487500 0.789063 0.452335 0.802087 0.426562 0.693359
0 0.150943 0.216473 0.154688 0.261718 0.064063 0.273437 0.060318 0.228192
0 0.567430 0.902992 0.593750 0.998047 0.559132 0.998047 0.532812 0.917969
0 0.906822 0.412028 0.939063 0.511719 0.904116 0.529378 0.871875 0.429687
0 0.366570 0.708208 0.390626 0.814453 0.355306 0.826948 0.331251 0.720703
0 0.317002 0.719705 0.335937 0.822265 0.298621 0.833029 0.279687 0.730469
0 0.927399 0.080276 0.963282 0.180664 0.930415 0.199020 0.894532 0.098632
0 0.461680 0.931411 0.490625 0.998047 0.458632 0.998047 0.429687 0.953125
0 0.270159 0.735487 0.289062 0.839844 0.253195 0.849995 0.234292 0.745638
0 0.339982 0.588580 0.360938 0.693359 0.325644 0.704388 0.304688 0.599609
0 0.885625 0.090382 0.921094 0.187499 0.887813 0.206492 0.852344 0.109374
0 0.845417 0.108350 0.873437 0.203124 0.837395 0.219774 0.809375 0.124999
0 0.614330 0.504606 0.640625 0.609375 0.607546 0.622348 0.581251 0.517579
0 0.952795 0.400691 0.985937 0.498047 0.953455 0.515325 0.920313 0.417969
0 0.976368 0.530776 0.998438 0.632812 0.972071 0.646958 0.943750 0.544922
0 0.627754 0.180110 0.660937 0.273438 0.630058 0.290593 0.596875 0.197266
0 0.155809 0.120980 0.175000 0.210938 0.139503 0.222770 0.120312 0.132812
0 0.126562 0.435547 0.143750 0.539062 0.112858 0.547077 0.095670 0.443562
0 0.187500 0.640625 0.207813 0.742188 0.176930 0.751839 0.156618 0.650276
0 0.289564 0.079493 0.310938 0.169922 0.277624 0.182225 0.256250 0.091796
0 0.559727 0.018681 0.582813 0.109374 0.551211 0.121943 0.528125 0.031250
0 0.716624 0.000000 0.735938 0.056640 0.705252 0.069890 0.685938 0.000000
0 0.130698 0.334789 0.146875 0.425782 0.114614 0.434743 0.098437 0.343750
0 0.418125 0.066797 0.450000 0.146485 0.419375 0.165625 0.387500 0.085937
0 0.756136 0.000000 0.785937 0.039063 0.757926 0.060590 0.728125 0.000000
0 0.195901 0.108819 0.215625 0.199219 0.185348 0.209541 0.165625 0.119141
0 0.675079 0.174933 0.701563 0.259766 0.671798 0.274285 0.645313 0.189452
0 0.626517 0.000000 0.648437 0.078125 0.618795 0.090167 0.596875 0.005859
3 0.323929 0.128158 0.395313 0.148438 0.387009 0.194108 0.315625 0.173828
