0 0.238531 0.921311 0.287500 0.998047 0.261469 0.998047 0.212500 0.947266
0 0.110760 0.915424 0.175001 0.961914 0.157992 0.998047 0.093751 0.952148
0 0.761719 0.649414 0.803870 0.717158 0.775745 0.744501 0.733594 0.676758
0 0.910776 0.796708 0.917335 0.882795 0.883122 0.886868 0.876563 0.800781
0 0.692187 0.593750 0.692897 0.632792 0.623437 0.634766 0.622727 0.595724
0 0.721251 0.688867 0.734376 0.721679 0.668751 0.762695 0.655626 0.729883
0 0.689062 0.502930 0.690379 0.539966 0.620066 0.543872 0.618749 0.506836
0 0.626562 0.439453 0.693750 0.439453 0.693750 0.474609 0.626562 0.474609
0 0.692188 0.389649 0.692806 0.422880 0.625618 0.424833 0.625000 0.391602
0 0.773784 0.226881 0.782031 0.294921 0.752778 0.300461 0.744531 0.232421
0 0.620312 0.361329 0.687499 0.361329 0.687499 0.390626 0.620312 0.390626
0 0.071094 0.259766 0.100782 0.259766 0.100782 0.322266 0.071094 0.322266
0 0.764687 0.042578 0.775000 0.068359 0.718125 0.103906 0.707812 0.078125
0 0.769375 0.026953 0.779688 0.052734 0.722813 0.088281 0.712500 0.062500
0 0.228134 0.248847 0.256250 0.250977 0.253116 0.315607 0.225000 0.313477
0 0.024411 0.258633 0.050781 0.265625 0.039651 0.331211 0.013281 0.324219
0 0.015865 0.906701 0.043750 0.958985 0.020313 0.978516 0.000000 0.926232
0 0.430469 0.245117 0.432778 0.299962 0.403091 0.301915 0.400781 0.247071
0 0.311719 0.233398 0.338281 0.233398 0.338281 0.293946 0.311719 0.293946
0 0.275000 0.229492 0.303099 0.231914 0.299974 0.288554 0.271875 0.286132
0 0.711195 0.231848 0.739844 0.290040 0.720055 0.305262 0.691406 0.247070
0 0.197074 0.241138 0.222656 0.250977 0.209177 0.305738 0.183594 0.295899
0 0.032549 0.085848 0.053125 0.130860 0.028389 0.148528 0.007813 0.103516
0 0.571758 0.219712 0.578125 0.273437 0.551680 0.278334 0.545313 0.224609
0 0.485111 0.222229 0.486719 0.272461 0.458639 0.273865 0.457031 0.223633
0 0.105459 0.085545 0.131762 0.089929 0.126303 0.141103 0.100000 0.136719
0 0.516406 0.047851 0.518053 0.105464 0.496094 0.106445 0.494448 0.048832
0 0.349832 0.047146 0.354688 0.095703 0.329688 0.099610 0.324832 0.051053
3 0.588281 0.042968 0.639159 0.044956 0.638281 0.080078 0.587403 0.078090
