0 0.882031 0.737305 0.896094 0.915040 0.833281 0.922805 0.819218 0.745071
0 0.250778 0.812419 0.258681 0.998047 0.200784 0.998047 0.192881 0.816270
0 0.250407 0.394171 0.258527 0.559006 0.200021 0.563509 0.191901 0.398674
0 0.788692 0.200437 0.800000 0.341797 0.747247 0.348391 0.735938 0.207031
0 0.243750 0.170898 0.251142 0.318758 0.201142 0.322664 0.193750 0.174804
0 0.843743 0.000000 0.845348 0.090834 0.793758 0.092237 0.792153 0.000000
3 0.868750 0.285156 0.870340 0.464084 0.815624 0.464844 0.814034 0.285916
3 0.887987 0.543072 0.897362 0.695416 0.837499 0.701172 0.828124 0.548828
3 0.793746 0.807429 0.817969 0.963867 0.767102 0.976173 0.742880 0.819735
3 0.247070 0.632748 0.254883 0.787045 0.204688 0.791016 0.196875 0.636719
3 0.254793 0.017095 0.257563 0.148703 0.201277 0.150555 0.198507 0.018947
3 0.779519 0.010920 0.785769 0.149591 0.732813 0.153320 0.726562 0.014649
3 0.747602 0.377096 0.797656 0.377930 0.796094 0.524414 0.746040 0.523580
