0 0.321875 0.281250 0.342187 0.332031 0.317187 0.347656 0.296875 0.296875
0 0.351788 0.379608 0.371875 0.427734 0.346510 0.444276 0.326423 0.396150
0 0.160000 0.233985 0.168750 0.255860 0.125000 0.283203 0.116250 0.261328
0 0.129018 0.183056 0.137500 0.205078 0.094420 0.231006 0.085938 0.208984
0 0.067967 0.133407 0.075001 0.152343 0.028909 0.179093 0.021875 0.160157
0 0.874336 0.019704 0.905586 0.052907 0.893750 0.070312 0.862500 0.037109
0 0.054151 0.116450 0.060938 0.132812 0.017701 0.160836 0.010914 0.144474
0 0.035952 0.098671 0.043750 0.119141 0.009360 0.139611 0.001562 0.119141
0 0.774636 0.069707 0.801562 0.105469 0.789426 0.119747 0.762500 0.083985
0 0.619160 0.113506 0.643750 0.150391 0.630840 0.163838 0.606250 0.126953
0 0.714110 0.122630 0.746922 0.155833 0.739062 0.167968 0.706250 0.134766
4 0.340668 0.203392 0.440625 0.384765 0.404644 0.415748 0.304687 0.234375
4 0.647618 0.063753 0.779687 0.210938 0.755506 0.244841 0.623437 0.097656
4 0.433640 0.191785 0.535937 0.332031 0.505422 0.366809 0.403125 0.226563
4 0.586467 0.114691 0.710937 0.242187 0.686893 0.278865 0.562423 0.151369
4 0.245044 0.846079 0.321875 0.994140 0.286207 0.998047 0.209375 0.875000
4 0.524740 0.152115 0.629687 0.281250 0.601822 0.316634 0.496875 0.187500
4 0.777764 0.000000 0.935337 0.121244 0.918510 0.152794 0.760938 0.021484
4 0.714782 0.050320 0.835938 0.154297 0.814490 0.193346 0.693334 0.089369
4 0.394644 0.216124 0.491519 0.354796 0.464063 0.384766 0.367187 0.246094
4 0.462026 0.179419 0.570313 0.310547 0.546594 0.341151 0.438308 0.210023
4 0.312533 0.858054 0.381282 0.973288 0.348437 0.998047 0.279688 0.888672
4 0.193432 0.888532 0.248438 0.984375 0.211256 0.998047 0.156250 0.921875
4 0.582813 0.164063 0.667371 0.263888 0.646875 0.291015 0.562317 0.191190
