0 0.876113 0.921032 0.917187 0.998047 0.887685 0.998047 0.846610 0.945617
0 0.895312 0.800781 0.939062 0.875000 0.910388 0.901411 0.866637 0.827192
0 0.172255 0.738273 0.203908 0.816406 0.171495 0.836923 0.139842 0.758790
0 0.664892 0.441948 0.706249 0.504883 0.677294 0.534614 0.635937 0.471679
0 0.430678 0.590204 0.460938 0.659180 0.428698 0.681280 0.398438 0.612304
0 0.518478 0.541839 0.550781 0.606446 0.520584 0.630037 0.488281 0.565430
0 0.774700 0.378832 0.811719 0.448242 0.784676 0.470778 0.747657 0.401368
0 0.128171 0.759279 0.157031 0.835938 0.130469 0.851563 0.101609 0.774904
0 0.610875 0.482969 0.646875 0.542969 0.620375 0.567813 0.584375 0.507813
0 0.818995 0.347856 0.864844 0.400391 0.843505 0.429488 0.797656 0.376953
0 0.201519 0.721385 0.232769 0.791698 0.207031 0.809571 0.175781 0.739258
0 0.460457 0.571364 0.495313 0.636719 0.470793 0.657152 0.435937 0.591797
0 0.740704 0.409802 0.782031 0.469727 0.760858 0.492542 0.719531 0.432617
0 0.893815 0.304286 0.937565 0.362880 0.917969 0.385742 0.874219 0.327148
0 0.854560 0.327722 0.889063 0.383789 0.867316 0.404700 0.832813 0.348633
0 0.237349 0.706857 0.270312 0.766602 0.248587 0.785330 0.215624 0.725586
0 0.713098 0.423771 0.739844 0.479493 0.715028 0.498105 0.688282 0.442383
0 0.979466 0.265840 0.998438 0.311244 0.998438 0.335938 0.960535 0.290534
0 0.985717 0.248262 0.998438 0.296051 0.998438 0.318360 0.965193 0.270571
0 0.926890 0.291914 0.957812 0.342773 0.937172 0.362382 0.906250 0.311523
0 0.961904 0.293577 0.992188 0.339844 0.975596 0.356813 0.945312 0.310546
0 0.957217 0.272093 0.987500 0.318360 0.970909 0.335329 0.940625 0.289062
