0 0.176519 0.373896 0.277117 0.381880 0.274035 0.442554 0.173437 0.434570
0 0.205927 0.000000 0.292187 0.039063 0.275323 0.090804 0.189063 0.046875
0 0.209052 0.000000 0.295312 0.015625 0.278448 0.067366 0.192188 0.023437
0 0.244481 0.120226 0.283594 0.123047 0.278907 0.224609 0.239794 0.221789
1 0.000000 0.684570 0.303125 0.684570 0.303125 0.788086 0.000000 0.788086
1 0.000000 0.764615 0.217828 0.766568 0.217189 0.877930 0.000000 0.875976
1 0.310937 0.421875 0.313300 0.511492 0.023437 0.523437 0.021073 0.433820
1 0.468749 0.000000 0.468749 0.378906 0.403125 0.378906 0.403125 0.000000
1 0.293750 0.609375 0.294219 0.703122 0.043750 0.705078 0.043281 0.611332
1 0.151563 0.866211 0.154742 0.961674 0.000000 0.969727 0.000000 0.874263
1 0.273169 0.513474 0.276563 0.589844 0.079687 0.603516 0.076293 0.527146
1 0.992641 0.000000 0.998438 0.144142 0.961681 0.157280 0.937637 0.000000
1 0.140625 0.281250 0.287500 0.281250 0.287500 0.359375 0.140625 0.359375
1 0.185955 0.038528 0.234374 0.041016 0.229669 0.184128 0.181250 0.181640
