0 0.342315 0.240494 0.373438 0.244141 0.368623 0.308334 0.337500 0.304687
0 0.575000 0.191406 0.635803 0.195515 0.634376 0.228516 0.573573 0.224407
0 0.243750 0.148437 0.248219 0.181018 0.190626 0.193359 0.186157 0.160778
0 0.106576 0.208787 0.118750 0.240235 0.069986 0.269729 0.057812 0.238281
0 0.270510 0.233099 0.300000 0.240234 0.290428 0.302057 0.260938 0.294922
0 0.563594 0.202930 0.620313 0.226563 0.612500 0.255860 0.555781 0.232227
0 0.575000 0.126953 0.634375 0.130860 0.633072 0.161819 0.573697 0.157912
0 0.560938 0.007812 0.617882 0.009790 0.617188 0.041016 0.560244 0.039038
0 0.316875 0.233203 0.341875 0.248829 0.320313 0.302735 0.295313 0.287109
0 0.389274 0.244510 0.415626 0.250000 0.407602 0.310178 0.381250 0.304688
0 0.198598 0.227547 0.225000 0.234375 0.215464 0.291985 0.189062 0.285157
0 0.453053 0.057609 0.478125 0.060547 0.473437 0.123047 0.448365 0.120109
0 0.359954 0.047643 0.384375 0.054687 0.374236 0.109605 0.349815 0.102561
0 0.326740 0.046944 0.351740 0.056710 0.339062 0.107422 0.314062 0.097656
0 0.447767 0.119337 0.474329 0.125196 0.467188 0.175781 0.440625 0.169922
0 0.383628 0.103491 0.407812 0.111329 0.396875 0.164063 0.372690 0.156225
0 0.235481 0.232290 0.257619 0.238676 0.246875 0.296876 0.224737 0.290490
0 0.319876 0.101750 0.343313 0.105656 0.337500 0.160156 0.314063 0.156250
0 0.427147 0.059883 0.450000 0.064453 0.443165 0.117851 0.420312 0.113281
0 0.396251 0.054297 0.418751 0.060547 0.409375 0.113281 0.386875 0.107031
0 0.002188 0.146094 0.045313 0.164063 0.038438 0.189844 0.000000 0.171875
0 0.489063 0.066406 0.511090 0.067508 0.509375 0.121094 0.487348 0.119992
0 0.241406 0.051757 0.263369 0.052813 0.261806 0.103595 0.239843 0.102539
0 0.256653 0.000000 0.279994 0.000000 0.274903 0.039819 0.251562 0.035156
0 0.418751 0.113281 0.440775 0.118069 0.434375 0.164063 0.412352 0.159275
3 0.503125 0.230469 0.569121 0.236505 0.567187 0.269532 0.501192 0.263495
3 0.427598 0.246657 0.454688 0.259766 0.434902 0.323655 0.407813 0.310547
