0 0.315625 0.847656 0.392188 0.847656 0.392188 0.892578 0.315625 0.892578
0 0.386535 0.896427 0.389063 0.937500 0.307813 0.945313 0.305285 0.904240
0 0.885937 0.820313 0.893749 0.908203 0.861509 0.912681 0.853696 0.824791
0 0.859375 0.617187 0.867668 0.704263 0.835937 0.708984 0.827644 0.621909
0 0.963985 0.035161 0.965700 0.078022 0.901563 0.082031 0.899848 0.039170
0 0.998437 0.320313 0.998438 0.353675 0.956035 0.370181 0.948918 0.336819
0 0.959375 0.755860 0.998438 0.755860 0.998438 0.791016 0.959375 0.791016
0 0.380542 0.945241 0.381250 0.982422 0.315624 0.984375 0.314916 0.947194
0 0.822851 0.424280 0.834375 0.492188 0.800211 0.501246 0.788687 0.433338
0 0.998438 0.360896 0.998438 0.394272 0.957812 0.402344 0.953937 0.368968
0 0.998438 0.702487 0.998438 0.737830 0.964033 0.746731 0.958936 0.711388
0 0.959375 0.402343 0.998438 0.402343 0.998438 0.439452 0.959375 0.439452
0 0.528193 0.375751 0.573437 0.425781 0.554619 0.452372 0.509375 0.402343
0 0.831251 0.087891 0.892187 0.087891 0.892187 0.121093 0.831251 0.121093
0 0.901888 0.140582 0.904688 0.173829 0.844988 0.181684 0.842188 0.148438
0 0.906442 0.163901 0.909567 0.193198 0.850001 0.203125 0.846876 0.173828
0 0.821849 0.368104 0.823438 0.431641 0.796901 0.432678 0.795313 0.369141
0 0.894191 0.115171 0.896875 0.144531 0.841747 0.152407 0.839063 0.123047
0 0.814062 0.277343 0.815625 0.337891 0.789040 0.338963 0.787477 0.278415
0 0.942665 0.176384 0.956250 0.242188 0.933897 0.249398 0.920312 0.183594
0 0.975089 0.179098 0.989063 0.240234 0.965537 0.248636 0.951563 0.187500
0 0.418048 0.084153 0.446173 0.086106 0.443750 0.140625 0.415625 0.138672
0 0.389063 0.068359 0.415625 0.068359 0.415625 0.123047 0.389063 0.123047
0 0.506250 0.220703 0.507892 0.278177 0.482812 0.279297 0.481170 0.221823
0 0.217187 0.408203 0.259375 0.408203 0.259375 0.441406 0.217187 0.441406
0 0.676562 0.039062 0.726562 0.039062 0.726562 0.066406 0.676562 0.066406
0 0.417227 0.143283 0.442187 0.144531 0.440585 0.194607 0.415625 0.193359
0 0.435937 0.269532 0.439062 0.322266 0.415753 0.324424 0.412628 0.271690
0 0.417187 0.199219 0.440535 0.200300 0.438973 0.253033 0.415625 0.251952
0 0.512500 0.072265 0.514152 0.113569 0.487500 0.115235 0.485848 0.073931
