0 0.393160 0.944010 0.403126 0.980469 0.335432 0.998047 0.325467 0.972919
0 0.640625 0.373047 0.641372 0.415996 0.569497 0.417949 0.568750 0.375000
0 0.481986 0.815886 0.512500 0.830078 0.486764 0.916536 0.456250 0.902344
0 0.556875 0.634375 0.592500 0.649219 0.573125 0.721875 0.537500 0.707031
0 0.635001 0.461328 0.662500 0.478516 0.630625 0.558204 0.603126 0.541016
0 0.632812 0.228516 0.698437 0.234375 0.696320 0.271434 0.630695 0.265575
0 0.151654 0.685513 0.192188 0.740234 0.170222 0.765659 0.129688 0.710938
0 0.628125 0.261719 0.693750 0.261719 0.693750 0.294922 0.628125 0.294922
0 0.599731 0.552869 0.625000 0.566406 0.600269 0.638537 0.575000 0.625000
0 0.788095 0.096916 0.822344 0.103765 0.815499 0.157240 0.781250 0.150391
0 0.815516 0.045347 0.843750 0.056641 0.831250 0.105469 0.803016 0.094175
0 0.773437 0.156250 0.796875 0.169922 0.777355 0.222208 0.753917 0.208536
0 0.845567 0.000000 0.867187 0.013672 0.845835 0.057043 0.824215 0.040412
1 0.648696 0.730063 0.698437 0.763672 0.582554 0.998047 0.532812 0.998047
1 0.750001 0.468750 0.801819 0.499322 0.709375 0.744140 0.657558 0.713568
1 0.837499 0.253906 0.886323 0.282160 0.807812 0.494140 0.758988 0.465886
1 0.943263 0.000000 0.998437 0.000000 0.953612 0.115492 0.898437 0.082031
1 0.900191 0.083429 0.948437 0.109375 0.890433 0.277900 0.842187 0.251953
3 0.528125 0.718750 0.557500 0.737110 0.527813 0.811328 0.498438 0.792969
4 0.354688 0.550781 0.400065 0.589725 0.327276 0.722248 0.281899 0.683305
