0 0.998438 0.388671 0.998438 0.430210 0.958191 0.539012 0.920891 0.497474
0 0.859197 0.755739 0.896875 0.798828 0.826741 0.894651 0.789063 0.851562
0 0.955281 0.159246 0.988423 0.198237 0.911267 0.300710 0.878125 0.261719
0 0.842095 0.913223 0.870313 0.957031 0.786030 0.998047 0.757813 0.998047
0 0.838800 0.587678 0.875000 0.628906 0.806512 0.722868 0.770312 0.681640
0 0.531207 0.581115 0.567188 0.621094 0.498481 0.717713 0.462500 0.677734
0 0.907031 0.817383 0.942187 0.861328 0.871875 0.949219 0.836719 0.905274
0 0.982812 0.718750 0.998438 0.758430 0.943750 0.855468 0.909935 0.815787
0 0.830859 0.213495 0.862500 0.253906 0.784767 0.349005 0.753126 0.308594
0 0.957096 0.346553 0.990625 0.386718 0.917904 0.481571 0.884375 0.441406
0 0.690461 0.076182 0.723438 0.113281 0.651727 0.212880 0.618750 0.175781
0 0.695427 0.766911 0.731250 0.802735 0.667073 0.903011 0.631250 0.867188
0 0.203186 0.051051 0.234375 0.093750 0.159314 0.179417 0.128125 0.136718
0 0.954688 0.873046 0.989061 0.913967 0.921210 0.998047 0.886837 0.962101
0 0.643750 0.025391 0.672740 0.063107 0.593052 0.158811 0.564062 0.121094
0 0.328125 0.015626 0.356585 0.058824 0.276897 0.140854 0.248438 0.097656
0 0.095730 0.094979 0.123438 0.136719 0.041770 0.221427 0.014062 0.179687
0 0.882035 0.257112 0.909375 0.294922 0.825776 0.389372 0.798437 0.351562
0 0.044618 0.047450 0.075000 0.089844 0.000000 0.173828 0.000000 0.131434
0 0.809806 0.532610 0.840625 0.570313 0.766756 0.664656 0.735937 0.626953
0 0.912500 0.119140 0.942188 0.156250 0.865625 0.251953 0.835938 0.214844
0 0.784854 0.860294 0.818750 0.896485 0.752646 0.993222 0.718750 0.957032
0 0.915750 0.304745 0.945312 0.343750 0.869078 0.434027 0.839516 0.395022
0 0.728481 0.624244 0.760937 0.662109 0.691831 0.754662 0.659375 0.716797
0 0.172450 0.010317 0.200000 0.050781 0.119738 0.136167 0.092188 0.095703
0 0.573151 0.440622 0.601563 0.480469 0.523726 0.567190 0.495313 0.527343
0 0.680501 0.405560 0.711751 0.446576 0.640625 0.531250 0.609375 0.490234
0 0.279938 0.000000 0.309375 0.011719 0.235686 0.090111 0.206249 0.046875
0 0.752625 0.118162 0.781250 0.158203 0.705187 0.243166 0.676562 0.203125
0 0.405410 0.278160 0.437500 0.316406 0.369590 0.405434 0.337500 0.367188
0 0.774534 0.000000 0.803125 0.021485 0.727028 0.114624 0.698437 0.078125
0 0.498579 0.536055 0.525000 0.574218 0.443749 0.662109 0.417328 0.623946
0 0.378512 0.413135 0.406637 0.456103 0.331250 0.533203 0.303125 0.490235
0 0.161093 0.191416 0.192816 0.235244 0.125473 0.311406 0.093750 0.267578
0 0.343445 0.366711 0.368750 0.406250 0.286243 0.488757 0.260938 0.449218
0 0.252820 0.270962 0.279688 0.312500 0.201868 0.391148 0.175000 0.349609
0 0.998438 0.212890 0.998438 0.249421 0.953124 0.339844 0.924523 0.303313
0 0.745313 0.814453 0.777530 0.850441 0.711905 0.942237 0.679688 0.906249
0 0.248028 0.102452 0.276562 0.142578 0.203534 0.223721 0.175000 0.183594
0 0.985057 0.024481 0.998438 0.058529 0.943117 0.153189 0.914063 0.119141
0 0.577860 0.629331 0.606250 0.664063 0.534375 0.755860 0.505985 0.721127
0 0.548316 0.000000 0.575000 0.000000 0.503246 0.071272 0.476562 0.029296
0 0.126713 0.142409 0.154687 0.181640 0.082661 0.261887 0.054687 0.222656
0 0.528033 0.410354 0.556250 0.447266 0.484467 0.533006 0.456250 0.496094
0 0.127615 0.000000 0.154688 0.011719 0.081761 0.085042 0.054688 0.042969
0 0.526417 0.242856 0.553125 0.281249 0.478272 0.362612 0.451563 0.324219
0 0.721454 0.449611 0.751562 0.486328 0.684796 0.571873 0.654688 0.535156
0 0.622943 0.677190 0.651068 0.714299 0.579687 0.798828 0.551562 0.761719
0 0.610938 0.496094 0.638155 0.532436 0.564718 0.618373 0.537501 0.582032
0 0.604530 0.000000 0.631251 0.009765 0.556408 0.099337 0.529688 0.064453
0 0.482812 0.187500 0.510333 0.223465 0.438458 0.309402 0.410937 0.273437
0 0.493233 0.364507 0.519440 0.401360 0.444957 0.484119 0.418750 0.447266
0 0.688568 0.581975 0.718750 0.613281 0.655182 0.709041 0.625000 0.677735
0 0.651562 0.361328 0.676468 0.398535 0.599906 0.478614 0.575000 0.441406
0 0.659372 0.724800 0.687500 0.761719 0.618754 0.843560 0.590626 0.806641
0 0.450001 0.498047 0.478125 0.533203 0.409376 0.619141 0.381251 0.583985
0 0.613489 0.319597 0.637500 0.355469 0.558387 0.438215 0.534375 0.402343
0 0.448919 0.327575 0.475000 0.363281 0.402643 0.445862 0.376562 0.410157
0 0.774364 0.686252 0.801562 0.724610 0.732813 0.800781 0.705614 0.762424
0 0.289862 0.325856 0.315625 0.363281 0.244512 0.439768 0.218749 0.402343
0 0.830561 0.032055 0.856250 0.066407 0.784375 0.150391 0.758686 0.116040
0 0.366240 0.241666 0.392188 0.277344 0.321260 0.357944 0.295312 0.322266
0 0.651562 0.544922 0.677338 0.581169 0.606250 0.660156 0.580474 0.623909
0 0.442187 0.152344 0.466570 0.188157 0.393133 0.266282 0.368750 0.230469
0 0.421113 0.458197 0.443749 0.494140 0.369511 0.567194 0.346875 0.531250
0 0.762365 0.494393 0.787500 0.527344 0.718885 0.609123 0.693750 0.576172
0 0.713065 0.000000 0.737501 0.000000 0.671311 0.065769 0.646876 0.027344
0 0.888860 0.000000 0.917188 0.000000 0.859578 0.065987 0.831250 0.027344
