0 0.667358 0.892479 0.681250 0.929688 0.610766 0.970803 0.596875 0.933595
0 0.645134 0.840981 0.660937 0.882813 0.602664 0.917210 0.586861 0.875378
0 0.478095 0.952217 0.487500 0.992188 0.423885 0.998047 0.414480 0.975604
0 0.973577 0.709741 0.985937 0.746095 0.923437 0.779298 0.911077 0.742944
0 0.974522 0.407949 0.982813 0.443359 0.914152 0.468479 0.905861 0.433069
0 0.506720 0.568627 0.517187 0.603515 0.451091 0.634497 0.440625 0.599609
0 0.435938 0.441406 0.450000 0.474609 0.393716 0.511856 0.379654 0.478653
0 0.609537 0.782732 0.620312 0.816406 0.560776 0.846175 0.550000 0.812500
0 0.925114 0.354587 0.935938 0.386719 0.874886 0.418851 0.864062 0.386719
0 0.378697 0.330519 0.387500 0.361328 0.321874 0.390625 0.313072 0.359816
0 0.387500 0.361329 0.396875 0.394531 0.337620 0.420673 0.328245 0.387471
0 0.854781 0.251965 0.864063 0.283203 0.804353 0.310925 0.795071 0.279687
0 0.909368 0.325661 0.918750 0.353515 0.854694 0.387229 0.845312 0.359375
0 0.172206 0.138288 0.176563 0.171875 0.118750 0.183594 0.114393 0.150007
0 0.346642 0.282109 0.353385 0.313715 0.297368 0.332387 0.290625 0.300781
0 0.767500 0.127735 0.778125 0.154297 0.726250 0.186719 0.715625 0.160157
0 0.248438 0.111328 0.251690 0.140603 0.195312 0.150390 0.192060 0.121115
2 0.364866 0.039986 0.376994 0.087630 0.276190 0.127722 0.264063 0.080078
3 0.543234 0.656089 0.554688 0.691406 0.492705 0.722817 0.481250 0.687500
4 0.829169 0.907860 0.843750 0.949219 0.751563 0.998047 0.736982 0.958641
4 0.815882 0.182497 0.829687 0.228516 0.760681 0.260863 0.746875 0.214844
4 0.486258 0.532336 0.496876 0.568359 0.435618 0.596570 0.425000 0.560547
4 0.460399 0.475904 0.470312 0.499999 0.414601 0.535814 0.404688 0.511719
