0 0.193758 0.865430 0.260938 0.941406 0.231250 0.982422 0.164070 0.906446
0 0.671875 0.500000 0.743749 0.500000 0.743749 0.541016 0.671875 0.541016
0 0.140625 0.679688 0.157070 0.710932 0.095313 0.761719 0.078868 0.730474
0 0.806710 0.261813 0.818750 0.294922 0.760477 0.328031 0.748438 0.294922
0 0.721875 0.197266 0.779688 0.197266 0.779688 0.232422 0.721875 0.232422
0 0.777462 0.130939 0.779688 0.160157 0.714063 0.167969 0.711836 0.138751
0 0.204823 0.425789 0.240625 0.474609 0.220177 0.498039 0.184375 0.449219
0 0.717188 0.085938 0.776563 0.085938 0.776563 0.115234 0.717188 0.115234
0 0.083321 0.437720 0.113008 0.486548 0.090625 0.507812 0.060938 0.458984
0 0.188246 0.003702 0.193750 0.035156 0.143004 0.049032 0.137500 0.017578
0 0.124758 0.427825 0.146875 0.474610 0.120554 0.494051 0.098437 0.447266
0 0.267187 0.550781 0.290625 0.550781 0.290625 0.619141 0.267187 0.619141
0 0.807850 0.191216 0.834375 0.199219 0.823400 0.256050 0.796875 0.248047
0 0.167371 0.432675 0.192187 0.484375 0.170129 0.500919 0.145312 0.449219
0 0.710938 0.027344 0.768834 0.033212 0.767188 0.058594 0.709292 0.052726
0 0.770313 0.054688 0.770877 0.080059 0.714627 0.082012 0.714063 0.056641
