0 0.516820 0.919466 0.525000 0.958007 0.444118 0.984830 0.435938 0.946289
0 0.648333 0.783003 0.731251 0.792969 0.728231 0.832231 0.645313 0.822265
0 0.727468 0.829909 0.728906 0.873047 0.653906 0.876953 0.652468 0.833815
0 0.514559 0.875215 0.517969 0.916991 0.441407 0.926757 0.437997 0.884981
0 0.705468 0.654297 0.706232 0.697244 0.635919 0.699197 0.635156 0.656250
0 0.085937 0.592773 0.086587 0.631778 0.009375 0.633789 0.008725 0.594784
0 0.517156 0.723059 0.520312 0.761719 0.443750 0.771485 0.440594 0.732825
0 0.640625 0.878906 0.715625 0.878906 0.715625 0.917968 0.640625 0.917968
0 0.629687 0.615235 0.704687 0.615235 0.704687 0.654297 0.629687 0.654297
0 0.637218 0.576140 0.708363 0.584225 0.705520 0.623320 0.634375 0.615235
0 0.522656 0.659179 0.524300 0.696174 0.450830 0.701277 0.449186 0.664282
0 0.521492 0.811023 0.523437 0.846679 0.448820 0.853039 0.446875 0.817383
0 0.609270 0.268457 0.676457 0.272363 0.675000 0.311523 0.607813 0.307617
0 0.452095 0.767738 0.522407 0.771644 0.521093 0.808594 0.450781 0.804688
0 0.678201 0.430654 0.681251 0.469726 0.616093 0.477672 0.613043 0.438600
0 0.010937 0.634766 0.082813 0.634766 0.082813 0.669922 0.010937 0.669922
0 0.052813 0.292951 0.123126 0.296858 0.121875 0.332031 0.051562 0.328125
0 0.092344 0.558567 0.092969 0.593750 0.022656 0.595703 0.022031 0.560521
0 0.000000 0.803711 0.056251 0.803711 0.056251 0.840820 0.000000 0.840820
0 0.456251 0.509766 0.528126 0.509766 0.528126 0.542969 0.456251 0.542969
0 0.020312 0.525391 0.092188 0.525391 0.092188 0.558594 0.020312 0.558594
0 0.527490 0.626832 0.528125 0.660156 0.458446 0.662230 0.457812 0.628906
0 0.710505 0.744693 0.713282 0.780273 0.649219 0.788085 0.646442 0.752505
0 0.000000 0.766602 0.060938 0.766602 0.060938 0.797852 0.000000 0.797852
0 0.039187 0.396105 0.109500 0.401964 0.107813 0.433594 0.037500 0.427734
0 0.521279 0.572190 0.521875 0.603515 0.453721 0.605544 0.453125 0.574219
0 0.618750 0.474609 0.686519 0.476579 0.685938 0.507813 0.618169 0.505843
0 0.038281 0.453125 0.104163 0.459151 0.102343 0.490235 0.036461 0.484209
0 0.442088 0.279269 0.503026 0.281222 0.502344 0.314453 0.441406 0.312500
0 0.084999 0.066426 0.147500 0.068379 0.146875 0.099610 0.084374 0.097657
0 0.509127 0.096554 0.510937 0.125977 0.447013 0.132124 0.445203 0.102701
0 0.062806 0.267300 0.125000 0.273437 0.123132 0.303012 0.060938 0.296875
0 0.063016 0.236390 0.128641 0.244202 0.126562 0.271485 0.060937 0.263672
0 0.653124 0.171875 0.653905 0.205049 0.599999 0.207031 0.599219 0.173857
0 0.937500 0.179688 0.941185 0.214230 0.890830 0.222622 0.887146 0.188080
0 0.448475 0.247073 0.512538 0.252933 0.510937 0.280273 0.446874 0.274413
0 0.506569 0.067156 0.507812 0.096679 0.448437 0.100586 0.447194 0.071063
0 0.946627 0.126827 0.948438 0.156250 0.889293 0.161937 0.887482 0.132514
0 0.136433 0.114948 0.139063 0.144531 0.080755 0.152630 0.078125 0.123047
0 0.132031 0.176757 0.133329 0.205964 0.075781 0.209961 0.074483 0.180754
0 0.657143 0.124968 0.657813 0.154297 0.602233 0.156282 0.601563 0.126953
0 0.940625 0.234375 0.945076 0.264968 0.893513 0.276687 0.889063 0.246094
0 0.508358 0.223600 0.509374 0.249024 0.446875 0.252930 0.445858 0.227506
0 0.067969 0.213866 0.130469 0.213866 0.130469 0.239257 0.067969 0.239257
0 0.600000 0.099609 0.662500 0.099609 0.662500 0.125001 0.600000 0.125001
0 0.447656 0.173827 0.508593 0.173827 0.508593 0.199219 0.447656 0.199219
0 0.066347 0.047502 0.090625 0.052735 0.082091 0.114608 0.057813 0.109375
0 0.060097 0.026017 0.084375 0.031250 0.075841 0.093123 0.051563 0.087890
0 0.000000 0.506434 0.021951 0.513293 0.009375 0.576172 0.000000 0.569313
0 0.445312 0.197266 0.504688 0.199219 0.504154 0.224592 0.444778 0.222639
0 0.488407 0.026599 0.491407 0.055664 0.442969 0.063477 0.439969 0.034412
0 0.190945 0.155384 0.231570 0.178821 0.221875 0.205078 0.181250 0.181641
0 0.196229 0.127020 0.231250 0.144531 0.222521 0.171808 0.187500 0.154297
0 0.873438 0.083984 0.906251 0.083984 0.906251 0.115234 0.873438 0.115234
0 0.896875 0.056640 0.900257 0.075666 0.868823 0.084398 0.865441 0.065372
3 0.000000 0.712430 0.069203 0.720757 0.065261 0.771944 0.000000 0.763617
3 0.521756 0.455190 0.522657 0.505859 0.452344 0.507812 0.451443 0.457143
3 0.000000 0.921873 0.047498 0.925834 0.045312 0.966797 0.000000 0.962836
3 0.029687 0.484375 0.098897 0.490273 0.096875 0.527343 0.027665 0.521445
3 0.043341 0.170102 0.068341 0.174009 0.062499 0.232422 0.037499 0.228515
