0 0.253944 0.180773 0.295312 0.213867 0.241368 0.319227 0.200000 0.286133
0 0.661734 0.805667 0.706010 0.817098 0.685306 0.942393 0.641030 0.930962
0 0.711763 0.867740 0.754231 0.874685 0.740593 0.998047 0.698125 0.998047
0 0.750614 0.942276 0.810142 0.953724 0.803278 0.998047 0.743750 0.998047
0 0.645312 0.423828 0.687557 0.445136 0.651562 0.556640 0.609317 0.535332
0 0.407031 0.438477 0.450781 0.452149 0.427527 0.568417 0.383777 0.554745
0 0.502599 0.585729 0.546093 0.593750 0.531776 0.715053 0.488281 0.707032
0 0.318199 0.252972 0.345313 0.298828 0.272427 0.366168 0.245313 0.320312
0 0.755987 0.626571 0.823438 0.724609 0.794013 0.756241 0.726562 0.658203
0 0.455192 0.521634 0.495313 0.528321 0.482308 0.650242 0.442188 0.643555
0 0.669994 0.515990 0.740625 0.612305 0.712818 0.644166 0.642187 0.547852
0 0.371875 0.373047 0.410500 0.392014 0.376125 0.501389 0.337500 0.482422
0 0.374804 0.044892 0.378907 0.167969 0.339912 0.170000 0.335809 0.046923
0 0.840625 0.762695 0.879784 0.763539 0.878125 0.883789 0.838966 0.882945
0 0.552435 0.308585 0.583322 0.328681 0.540008 0.432701 0.509120 0.412605
0 0.196017 0.098202 0.218750 0.138672 0.141483 0.206486 0.118750 0.166016
0 0.185080 0.076717 0.207813 0.117187 0.130546 0.185001 0.107813 0.144531
0 0.610571 0.738164 0.647449 0.747994 0.628113 0.861328 0.591236 0.851498
0 0.631250 0.414062 0.670663 0.435176 0.637850 0.530880 0.598437 0.509766
0 0.339844 0.312500 0.372371 0.337708 0.323934 0.435364 0.291407 0.410156
0 0.279483 0.000000 0.325000 0.000000 0.322079 0.043804 0.276562 0.039063
0 0.297388 0.000000 0.339063 0.000000 0.332300 0.067108 0.290625 0.060547
0 0.403834 0.107675 0.442968 0.125000 0.416406 0.218751 0.377272 0.201426
0 0.895323 0.795753 0.932930 0.800188 0.924999 0.905273 0.887392 0.900839
0 0.492466 0.227797 0.532812 0.234376 0.523158 0.326891 0.482812 0.320312
3 0.559628 0.651124 0.601815 0.664796 0.574219 0.797852 0.532031 0.784180
3 0.450109 0.172280 0.490978 0.180189 0.475185 0.307702 0.434316 0.299793
3 0.583120 0.346378 0.622656 0.354492 0.605468 0.485352 0.565932 0.477238
3 0.210157 0.135742 0.238769 0.158502 0.195019 0.244440 0.166407 0.221680
4 0.187445 0.000000 0.217187 0.054688 0.121875 0.134766 0.092133 0.079452
4 0.170258 0.000000 0.200000 0.027344 0.104688 0.107422 0.074946 0.052108
