1 0.542187 0.011719 0.585009 0.020640 0.567821 0.149545 0.525000 0.140624
2 0.852946 0.759464 0.871875 0.998046 0.806428 0.998047 0.787500 0.767577
2 0.678022 0.750820 0.685938 0.988281 0.626666 0.991368 0.618751 0.753907
2 0.293750 0.765605 0.353057 0.766851 0.349932 0.998047 0.290625 0.998047
2 0.262500 0.753906 0.264098 0.989605 0.204688 0.990234 0.203090 0.754535
2 0.462500 0.753906 0.520312 0.753906 0.520312 0.996094 0.462500 0.996094
2 0.131746 0.756643 0.190625 0.761719 0.177630 0.997263 0.118751 0.992187
2 0.039226 0.743115 0.096875 0.746093 0.088900 0.987352 0.031251 0.984375
2 0.100000 0.226562 0.101571 0.472093 0.045312 0.472656 0.043741 0.227125
2 0.379687 0.757813 0.440625 0.757813 0.440625 0.984375 0.379687 0.984375
2 0.592191 0.744317 0.596879 0.982598 0.539063 0.984375 0.534375 0.746094
2 0.121875 0.226562 0.176495 0.228188 0.171807 0.474282 0.117187 0.472656
2 0.728125 0.236329 0.748437 0.470703 0.692505 0.478278 0.672193 0.243903
2 0.264062 0.234375 0.318750 0.234375 0.318750 0.476563 0.264062 0.476563
2 0.601562 0.238281 0.656250 0.238281 0.656250 0.470703 0.601562 0.470703
2 0.189063 0.230468 0.242187 0.230469 0.242187 0.464844 0.189063 0.464844
2 0.589045 0.231860 0.590625 0.464844 0.537517 0.465406 0.535937 0.232422
2 0.334375 0.236328 0.385950 0.237402 0.382813 0.472656 0.331239 0.471582
2 0.512470 0.230885 0.517188 0.470703 0.467218 0.472239 0.462500 0.232421
2 0.398438 0.232422 0.448438 0.232422 0.448438 0.468750 0.398438 0.468750
2 0.795073 0.265082 0.806250 0.472656 0.753365 0.477106 0.742188 0.269532
