0 0.698103 0.843741 0.829687 0.847657 0.828459 0.912120 0.696875 0.908203
0 0.638736 0.910608 0.642187 0.998047 0.586041 0.998047 0.582589 0.914071
0 0.704687 0.925782 0.825000 0.927735 0.824371 0.988297 0.704058 0.986344
0 0.896875 0.714844 0.998438 0.714844 0.998438 0.775391 0.896875 0.775391
0 0.345312 0.033203 0.393750 0.033203 0.393750 0.177735 0.345312 0.177735
0 0.334457 0.711545 0.376563 0.713867 0.371793 0.849001 0.329688 0.846679
0 0.342285 0.301084 0.381250 0.302735 0.378027 0.421573 0.339062 0.419922
3 0.685853 0.243851 0.800000 0.248047 0.798438 0.314454 0.684290 0.310257
3 0.703125 0.177735 0.812340 0.181692 0.810937 0.242187 0.701722 0.238230
3 0.671875 0.324219 0.775000 0.333985 0.771207 0.396569 0.668082 0.386804
3 0.331249 0.455078 0.378125 0.455078 0.378125 0.589844 0.331249 0.589844
