0 0.819498 0.486235 0.886686 0.490142 0.885156 0.531250 0.817968 0.527344
0 0.246094 0.907226 0.275782 0.907226 0.275782 0.993164 0.246094 0.993164
0 0.648438 0.494141 0.712500 0.494141 0.712500 0.533203 0.648438 0.533203
0 0.376479 0.930334 0.381251 0.998047 0.351647 0.998047 0.346875 0.933593
0 0.839638 0.944863 0.850000 0.998047 0.822862 0.998047 0.812500 0.953124
0 0.799809 0.491141 0.802345 0.524414 0.736129 0.532297 0.733594 0.499024
0 0.657031 0.949219 0.686719 0.949219 0.686719 0.998047 0.657031 0.998047
0 0.289844 0.923828 0.316406 0.923828 0.316406 0.998047 0.289844 0.998047
0 0.786597 0.941810 0.789844 0.998047 0.761841 0.998047 0.758594 0.944336
0 0.748435 0.957365 0.750023 0.998047 0.723463 0.998047 0.721875 0.958984
0 0.734382 0.951711 0.735960 0.998047 0.709389 0.998047 0.707812 0.953124
0 0.035937 0.185547 0.090625 0.185547 0.090625 0.216797 0.035937 0.216797
0 0.023437 0.175781 0.078125 0.175781 0.078125 0.207031 0.023437 0.207031
0 0.087500 0.155273 0.088798 0.184480 0.031250 0.188477 0.029952 0.159270
0 0.389062 0.101563 0.444419 0.103540 0.443750 0.132813 0.388393 0.130836
0 0.084375 0.246094 0.085749 0.275289 0.031251 0.279296 0.029877 0.250101
0 0.075000 0.236329 0.076374 0.265524 0.021876 0.269531 0.020502 0.240336
0 0.464844 0.178711 0.491406 0.178711 0.491406 0.235351 0.464844 0.235351
0 0.315625 0.508789 0.370313 0.508789 0.370313 0.536133 0.315625 0.536133
0 0.093749 0.134766 0.094392 0.162086 0.040625 0.164062 0.039982 0.136742
0 0.074999 0.121094 0.075642 0.148414 0.021875 0.150390 0.021232 0.123070
0 0.433594 0.156250 0.458594 0.156250 0.458594 0.214844 0.433594 0.214844
0 0.516027 0.127597 0.558014 0.147783 0.549799 0.174483 0.507812 0.154297
0 0.925826 0.023292 0.934375 0.070313 0.913236 0.076318 0.904687 0.029297
0 0.905918 0.091359 0.912500 0.138671 0.892520 0.143015 0.885938 0.095703
1 0.010111 0.295924 0.066362 0.297877 0.065625 0.331054 0.009374 0.329101
3 0.219531 0.919922 0.239843 0.919922 0.239843 0.990234 0.219531 0.990234
4 0.929675 0.120772 0.942968 0.208008 0.904699 0.217120 0.891406 0.129884
