0 0.988850 0.479969 0.995312 0.554688 0.962712 0.559093 0.956250 0.484375
0 0.077997 0.472464 0.114063 0.476563 0.109375 0.541016 0.073309 0.536917
0 0.874456 0.476119 0.882812 0.542968 0.850544 0.549271 0.842188 0.482422
0 0.372035 0.468863 0.400000 0.470703 0.396715 0.548715 0.368750 0.546875
0 0.330085 0.480869 0.360938 0.484375 0.355853 0.554287 0.325000 0.550781
0 0.949400 0.484525 0.959376 0.546875 0.928727 0.554537 0.918751 0.492187
0 0.582812 0.470703 0.614062 0.470703 0.614062 0.533203 0.582812 0.533203
0 0.911959 0.479042 0.921875 0.541016 0.892728 0.548302 0.882812 0.486328
0 0.517188 0.478516 0.545334 0.479582 0.543750 0.544922 0.515604 0.543856
0 0.121395 0.475661 0.148438 0.482422 0.137981 0.547777 0.110938 0.541016
0 0.259616 0.472206 0.287500 0.476563 0.281010 0.541466 0.253126 0.537109
0 0.220251 0.474291 0.248437 0.482422 0.237561 0.541333 0.209375 0.533203
0 0.657812 0.476562 0.687500 0.476562 0.687500 0.535156 0.657812 0.535156
0 0.022212 0.465295 0.045313 0.474609 0.027788 0.542517 0.004687 0.533203
0 0.773437 0.476563 0.779687 0.537110 0.752023 0.541572 0.745773 0.481025
0 0.829687 0.478516 0.832812 0.535156 0.803051 0.537722 0.799926 0.481081
0 0.650000 0.470703 0.652931 0.532988 0.626368 0.534941 0.623437 0.472656
0 0.551563 0.482422 0.578125 0.482422 0.578125 0.544922 0.551563 0.544922
0 0.704688 0.480468 0.731250 0.480468 0.731250 0.541016 0.704688 0.541016
0 0.450260 0.470221 0.476563 0.472656 0.473178 0.529780 0.446875 0.527344
0 0.294740 0.474069 0.318750 0.478516 0.311510 0.539603 0.287500 0.535156
0 0.165025 0.470750 0.187500 0.476562 0.177163 0.539016 0.154688 0.533204
0 0.407166 0.472724 0.433729 0.474677 0.431250 0.527344 0.404687 0.525391
0 0.056391 0.476768 0.078125 0.484375 0.065483 0.540810 0.043749 0.533203
3 0.940624 0.726563 0.998437 0.726563 0.998437 0.779297 0.940624 0.779297
