0 0.051563 0.489257 0.092294 0.522049 0.029687 0.643555 0.000000 0.610763
0 0.600754 0.462242 0.645313 0.482422 0.605496 0.619790 0.560938 0.599610
0 0.086711 0.277310 0.167194 0.375008 0.134573 0.416996 0.054090 0.319298
0 0.885008 0.285739 0.907593 0.413716 0.860147 0.426799 0.837561 0.298822
0 0.915480 0.039130 0.918750 0.169922 0.870458 0.171808 0.867188 0.041016
0 0.931105 0.013739 0.934375 0.144531 0.886083 0.146417 0.882813 0.015625
0 0.527973 0.478714 0.569048 0.503123 0.522325 0.625972 0.481250 0.601563
0 0.000000 0.284788 0.042188 0.284788 0.042188 0.422244 0.000000 0.422244
0 0.288829 0.265841 0.335156 0.389648 0.297109 0.411893 0.250782 0.288086
0 0.392188 0.480468 0.429688 0.503906 0.381250 0.625000 0.343750 0.601562
0 0.771875 0.460937 0.793750 0.585938 0.753489 0.596947 0.731614 0.471946
0 0.760937 0.069336 0.804687 0.069336 0.804687 0.188476 0.760937 0.188476
0 0.221316 0.280058 0.270323 0.384762 0.237224 0.408968 0.188217 0.304264
0 0.194760 0.492683 0.224218 0.514648 0.170864 0.626457 0.141406 0.604492
