0 0.891052 0.453734 0.964062 0.542969 0.935510 0.579470 0.862500 0.490235
0 0.942615 0.410765 0.998438 0.500000 0.987073 0.536501 0.914062 0.447266
0 0.794127 0.520502 0.868750 0.607422 0.841811 0.643559 0.767188 0.556640
0 0.173438 0.103516 0.196054 0.153776 0.121054 0.206510 0.098438 0.156250
0 0.507214 0.869860 0.570313 0.962891 0.539662 0.995374 0.476563 0.902344
0 0.555651 0.840563 0.618750 0.933594 0.588099 0.966077 0.525000 0.873046
0 0.604089 0.803454 0.667188 0.896485 0.636537 0.928968 0.573438 0.835937
0 0.657214 0.768298 0.720313 0.861329 0.689662 0.893812 0.626563 0.800781
0 0.707214 0.737048 0.770313 0.830079 0.739662 0.862562 0.676563 0.769531
0 0.758776 0.699938 0.821875 0.792968 0.791224 0.825452 0.728125 0.732421
0 0.444828 0.723520 0.504687 0.812501 0.473922 0.844840 0.414062 0.755859
0 0.385453 0.764536 0.445312 0.853516 0.414547 0.885855 0.354688 0.796875
0 0.487016 0.684458 0.546876 0.773438 0.516110 0.805777 0.456251 0.716797
0 0.535453 0.649302 0.595313 0.738282 0.564547 0.770621 0.504688 0.681641
0 0.453916 0.910603 0.514062 0.998047 0.483584 0.998047 0.423437 0.943359
0 0.678180 0.462543 0.739063 0.546874 0.709321 0.580425 0.648438 0.496094
0 0.829872 0.488990 0.914939 0.572829 0.894442 0.605325 0.809375 0.521485
0 0.339783 0.803315 0.392188 0.888671 0.360217 0.919341 0.307813 0.833985
0 0.562637 0.292714 0.620312 0.373046 0.590487 0.406504 0.532812 0.326171
0 0.606387 0.271230 0.664062 0.351563 0.634237 0.385020 0.576562 0.304687
0 0.650137 0.238027 0.707812 0.318360 0.677987 0.351817 0.620312 0.271484
0 0.515762 0.316152 0.573437 0.396485 0.543612 0.429942 0.485937 0.349610
0 0.730871 0.182953 0.795313 0.265625 0.769129 0.297515 0.704687 0.214843
0 0.774621 0.157563 0.839063 0.240235 0.812879 0.272125 0.748438 0.189453
0 0.085724 0.150413 0.103126 0.191407 0.023652 0.244119 0.006250 0.203125
0 0.807441 0.377095 0.878125 0.458985 0.855059 0.490094 0.784375 0.408203
0 0.855878 0.347798 0.926562 0.429688 0.903496 0.460797 0.832812 0.378906
0 0.898066 0.322407 0.968750 0.404297 0.945684 0.435405 0.875000 0.353515
0 0.768379 0.406392 0.839063 0.488282 0.815997 0.519391 0.745313 0.437500
0 0.819531 0.133789 0.882812 0.212891 0.857031 0.245117 0.793750 0.166016
0 0.950372 0.295584 0.998438 0.373046 0.990254 0.403634 0.926563 0.326172
0 0.761219 0.000047 0.831250 0.072266 0.810655 0.103469 0.740625 0.031250
0 0.804970 0.000000 0.875001 0.044922 0.854406 0.076125 0.784375 0.003906
0 0.903986 0.093640 0.964063 0.162109 0.939764 0.195422 0.879687 0.126953
0 0.729289 0.028621 0.790625 0.107421 0.767587 0.135441 0.706251 0.056641
0 0.856250 0.107422 0.920313 0.187500 0.898438 0.214844 0.834375 0.134766
0 0.470687 0.181633 0.528125 0.259766 0.504313 0.287117 0.446875 0.208984
0 0.680898 0.051594 0.732812 0.126953 0.708164 0.153484 0.656250 0.078125
0 0.643398 0.078938 0.695312 0.154297 0.670664 0.180828 0.618750 0.105469
0 0.604336 0.102375 0.656250 0.177734 0.631602 0.204265 0.579688 0.128906
0 0.560586 0.125813 0.612500 0.201172 0.587852 0.227703 0.535938 0.152344
0 0.155648 0.076351 0.168751 0.105469 0.091228 0.159977 0.078125 0.130859
