0 0.040631 0.824765 0.135944 0.857969 0.123437 0.914063 0.028124 0.880860
0 0.041076 0.899507 0.112758 0.956526 0.090432 0.998047 0.018750 0.943360
0 0.848437 0.468750 0.857812 0.568359 0.815657 0.574558 0.806282 0.474949
0 0.061607 0.585918 0.150000 0.587891 0.149330 0.634786 0.060938 0.632813
0 0.085024 0.490991 0.158462 0.543725 0.139062 0.585937 0.065624 0.533203
0 0.115625 0.634766 0.131250 0.673828 0.052501 0.723047 0.036876 0.683984
0 0.247082 0.661926 0.267187 0.697266 0.196668 0.759950 0.176563 0.724610
0 0.632812 0.005859 0.634409 0.089657 0.592208 0.090913 0.590612 0.007115
0 0.100437 0.329235 0.165930 0.372323 0.148305 0.414181 0.082812 0.371093
0 0.039696 0.411264 0.071875 0.417968 0.058742 0.516470 0.026563 0.509766
0 0.032764 0.057179 0.068750 0.066406 0.054736 0.151805 0.018750 0.142578
0 0.112500 0.441406 0.168750 0.503906 0.147456 0.533850 0.091206 0.471350
0 0.126710 0.105871 0.190624 0.142579 0.176414 0.181239 0.112500 0.144531
0 0.111020 0.257494 0.171957 0.318040 0.153124 0.347656 0.092187 0.287110
0 0.108552 0.141147 0.167187 0.191406 0.149260 0.224087 0.090625 0.173828
0 0.141544 0.011552 0.204045 0.046708 0.190626 0.083984 0.128125 0.048828
0 0.117430 0.200373 0.173680 0.241389 0.157812 0.275391 0.101562 0.234375
0 0.145512 0.071180 0.197075 0.096571 0.187500 0.126954 0.135937 0.101563
1 0.896718 0.650110 0.901563 0.898437 0.837500 0.900390 0.832655 0.652063
1 0.848093 0.157744 0.857813 0.335937 0.806595 0.340302 0.796875 0.162109
1 0.185328 0.491927 0.236890 0.493880 0.232812 0.662109 0.181250 0.660156
1 0.204688 0.289063 0.248599 0.290913 0.243750 0.470703 0.199839 0.468853
1 0.237653 0.000000 0.279720 0.000000 0.271755 0.100892 0.229688 0.095702
1 0.657812 0.816406 0.714062 0.816406 0.714062 0.933594 0.657812 0.933594
1 0.224025 0.111277 0.264710 0.113396 0.259375 0.273437 0.218690 0.271318
1 0.834317 0.009698 0.837500 0.121093 0.792245 0.123114 0.789062 0.011719
2 0.175470 0.736284 0.234375 0.744141 0.212030 0.998047 0.153125 0.998047
3 0.052327 0.771644 0.138265 0.773597 0.137501 0.826172 0.051563 0.824219
3 0.768750 0.873047 0.770361 0.967709 0.731250 0.968749 0.729639 0.874087
