0 0.424156 0.805946 0.446875 0.847656 0.368032 0.914757 0.345313 0.873046
0 0.505781 0.734570 0.528814 0.776651 0.460533 0.835050 0.437500 0.792969
0 0.663908 0.035675 0.689063 0.074219 0.628281 0.136201 0.603126 0.097657
0 0.673401 0.590050 0.692188 0.626953 0.618787 0.685340 0.600000 0.648437
0 0.592187 0.662109 0.612788 0.700292 0.545601 0.756933 0.525000 0.718750
0 0.729241 0.000000 0.750000 0.025391 0.687947 0.079897 0.667188 0.042969
2 0.558014 0.096373 0.592188 0.167969 0.396674 0.313783 0.362500 0.242187
2 0.871782 0.388830 0.904688 0.451172 0.743844 0.583826 0.710938 0.521484
2 0.325895 0.865460 0.357812 0.919922 0.219417 0.998047 0.187500 0.992188
2 0.990341 0.301895 0.998438 0.351562 0.906535 0.438339 0.881250 0.388672
4 0.346474 0.260388 0.379688 0.328125 0.278526 0.405628 0.245312 0.337891
