0 0.531250 0.490234 0.531981 0.531360 0.461668 0.533314 0.460937 0.492188
1 0.843301 0.258214 0.856249 0.359375 0.817187 0.367188 0.804238 0.266027
1 0.896034 0.256460 0.912501 0.359375 0.875842 0.368540 0.859375 0.265625
1 0.944383 0.258657 0.957812 0.359375 0.924367 0.366343 0.910937 0.265625
1 0.500052 0.295192 0.534375 0.296874 0.531250 0.396484 0.496927 0.394802
1 0.976061 0.219703 0.985937 0.316407 0.955189 0.321313 0.945313 0.224609
1 0.988562 0.207984 0.998438 0.304688 0.967689 0.309594 0.957813 0.212890
1 0.790625 0.273437 0.795038 0.367208 0.768475 0.369161 0.764062 0.275390
4 0.878125 0.378906 0.889062 0.419921 0.785937 0.462890 0.775000 0.421875
4 0.718614 0.072390 0.726647 0.180835 0.685938 0.185546 0.677905 0.077101
4 0.671590 0.067105 0.678125 0.185547 0.640910 0.188755 0.634375 0.070313
4 0.866346 0.050406 0.884375 0.163086 0.847716 0.172250 0.829687 0.059570
4 0.442704 0.077864 0.481767 0.081770 0.475000 0.187500 0.435937 0.183594
4 0.765494 0.062548 0.773438 0.177734 0.737632 0.181592 0.729688 0.066406
4 0.489062 0.078124 0.525000 0.078124 0.525000 0.193359 0.489062 0.193359
4 0.589062 0.074218 0.625000 0.074218 0.625000 0.187500 0.589062 0.187500
4 0.815575 0.059245 0.832812 0.172851 0.798486 0.180989 0.781250 0.067383
4 0.904779 0.053588 0.928125 0.164063 0.895221 0.174928 0.871875 0.064453
4 0.921967 0.037963 0.945313 0.148438 0.912409 0.159303 0.889063 0.048828
4 0.456250 0.257813 0.469023 0.377559 0.437500 0.382813 0.424727 0.263067
