2 0.625034 0.673652 0.657813 0.740235 0.487467 0.871270 0.454688 0.804687
2 0.427865 0.203028 0.559375 0.341797 0.523697 0.394628 0.392187 0.255859
2 0.584124 0.630848 0.614063 0.689454 0.472126 0.802746 0.442187 0.744141
2 0.513190 0.538619 0.543750 0.597656 0.405560 0.709427 0.375000 0.650390
2 0.549168 0.590225 0.576562 0.648438 0.433644 0.753525 0.406250 0.695312
2 0.336523 0.320683 0.359375 0.369141 0.208789 0.480099 0.185938 0.431641
2 0.450245 0.458247 0.476562 0.509765 0.343505 0.615971 0.317187 0.564453
2 0.478370 0.501216 0.504687 0.552734 0.371630 0.658940 0.345313 0.607422
2 0.413814 0.422702 0.440625 0.472656 0.311186 0.581205 0.284375 0.531250
2 0.387117 0.395232 0.409375 0.445313 0.275383 0.538363 0.253125 0.488281
2 0.658980 0.067210 0.765625 0.179687 0.733208 0.227712 0.626563 0.115235
2 0.599795 0.092885 0.718750 0.216797 0.690830 0.258677 0.571874 0.134765
2 0.229240 0.015566 0.331250 0.121093 0.298884 0.169980 0.196874 0.064453
2 0.300703 0.288169 0.323438 0.335938 0.196173 0.430581 0.173438 0.382812
2 0.491917 0.184055 0.593750 0.294922 0.562771 0.339383 0.460938 0.228516
2 0.361943 0.367132 0.381250 0.412109 0.244307 0.503961 0.225000 0.458984
2 0.577550 0.127632 0.679687 0.238281 0.649012 0.282524 0.546875 0.171875
2 0.535363 0.158882 0.637500 0.269531 0.606825 0.313774 0.504688 0.203125
2 0.306691 0.000000 0.417188 0.083984 0.388971 0.123448 0.278474 0.000000
2 0.324965 0.000000 0.459375 0.058593 0.443721 0.104717 0.309312 0.033441
2 0.271250 0.248437 0.289062 0.292968 0.149062 0.380468 0.131250 0.335938
2 0.173287 0.143882 0.190626 0.189453 0.054839 0.270180 0.037500 0.224609
2 0.138911 0.104820 0.156250 0.150391 0.020463 0.231118 0.003124 0.185547
2 0.110786 0.075523 0.128952 0.120573 0.000000 0.201821 0.000000 0.156771
2 0.231562 0.210490 0.250000 0.253906 0.116876 0.342244 0.098438 0.298828
2 0.201873 0.181193 0.220312 0.224609 0.087189 0.312947 0.068750 0.269531
2 0.276567 0.000000 0.370312 0.097656 0.339057 0.141508 0.245312 0.037110
2 0.737570 0.018462 0.845313 0.125000 0.818680 0.167084 0.710937 0.060546
2 0.703548 0.048018 0.807813 0.148437 0.780828 0.192216 0.676563 0.091797
2 0.088900 0.023936 0.105742 0.065728 0.000000 0.132314 0.000000 0.090522
2 0.822526 0.000000 0.928124 0.072266 0.905598 0.110608 0.800000 0.013672
2 0.780339 0.000720 0.885937 0.097656 0.863411 0.135998 0.757813 0.039062
