0 0.509150 0.941112 0.517188 0.998047 0.406302 0.998047 0.398264 0.965572
0 0.492187 0.851563 0.504338 0.907257 0.398437 0.943359 0.386286 0.887666
0 0.465000 0.775000 0.479687 0.830078 0.376562 0.873046 0.361875 0.817968
0 0.119924 0.585424 0.139092 0.707216 0.092188 0.718750 0.073020 0.596958
0 0.178677 0.565258 0.202390 0.683824 0.159375 0.697266 0.135662 0.578700
0 0.250000 0.544922 0.264062 0.662110 0.220816 0.670218 0.206754 0.553030
0 0.050874 0.607194 0.068176 0.711005 0.023438 0.722656 0.006136 0.618845
0 0.306412 0.247009 0.326724 0.362244 0.287500 0.373047 0.267188 0.257812
0 0.318750 0.537109 0.340123 0.648083 0.300000 0.660157 0.278627 0.549183
0 0.251562 0.263671 0.264168 0.375941 0.225000 0.382813 0.212394 0.270543
0 0.359344 0.218613 0.383013 0.323152 0.343982 0.336961 0.320313 0.232422
0 0.150501 0.278101 0.168750 0.376953 0.128125 0.388671 0.109876 0.289819
0 0.096349 0.296668 0.109375 0.398437 0.070313 0.406250 0.057287 0.304481
0 0.037500 0.312500 0.059798 0.416023 0.025000 0.427734 0.002702 0.324211
0 0.446876 0.507813 0.467336 0.596344 0.431250 0.609375 0.410790 0.520844
4 0.453125 0.648437 0.476055 0.701352 0.360837 0.779364 0.337907 0.726450
