0 0.475000 0.601563 0.479416 0.671748 0.339062 0.685547 0.334646 0.615362
0 0.482813 0.423828 0.483405 0.488273 0.346875 0.490234 0.346283 0.425789
0 0.347542 0.708947 0.475667 0.710900 0.475000 0.779297 0.346875 0.777344
0 0.343749 0.000000 0.464062 0.000000 0.464062 0.066406 0.343749 0.066406
0 0.468750 0.062499 0.472462 0.133021 0.353712 0.142787 0.350000 0.072265
0 0.476563 0.162109 0.477227 0.228554 0.352227 0.230507 0.351563 0.164062
0 0.475000 0.902344 0.480460 0.964524 0.350000 0.982422 0.344540 0.920243
0 0.462500 0.814453 0.463200 0.880899 0.344450 0.882853 0.343750 0.816406
0 0.464062 0.343750 0.464633 0.402263 0.331250 0.404296 0.330679 0.345783
0 0.350001 0.251953 0.465626 0.251953 0.465626 0.316406 0.350001 0.316406
0 0.460938 0.517578 0.465888 0.579459 0.351562 0.593750 0.346612 0.531869
0 0.220313 0.269531 0.225179 0.415518 0.178125 0.417969 0.173259 0.271982
3 0.206249 0.035156 0.207845 0.190729 0.165625 0.191406 0.164029 0.035833
3 0.188902 0.673500 0.237500 0.792969 0.197035 0.818688 0.148438 0.699219
