0 0.783610 0.880923 0.784373 0.928668 0.707016 0.930601 0.706252 0.882856
0 0.777797 0.745128 0.778122 0.789105 0.700775 0.790000 0.700450 0.746024
0 0.772299 0.430803 0.774064 0.472839 0.711011 0.476976 0.709246 0.434939
0 0.777931 0.795916 0.778901 0.832071 0.710507 0.834936 0.709538 0.798781
0 0.649940 0.842656 0.651562 0.925782 0.615684 0.926876 0.614062 0.843750
0 0.688282 0.595703 0.760157 0.595703 0.760157 0.636719 0.688282 0.636719
0 0.778907 0.927735 0.782104 0.970695 0.714916 0.978508 0.711719 0.935547
0 0.767513 0.703108 0.768750 0.740235 0.693425 0.744158 0.692188 0.707031
0 0.250001 0.781250 0.281258 0.782987 0.278133 0.870878 0.246875 0.869141
0 0.767188 0.554688 0.768571 0.593586 0.698258 0.597493 0.696875 0.558594
0 0.240555 0.390460 0.311719 0.392578 0.311009 0.429852 0.239845 0.427734
0 0.388282 0.386718 0.388974 0.423898 0.321786 0.425852 0.321094 0.388672
0 0.692969 0.634766 0.766406 0.636719 0.765841 0.669948 0.692403 0.667995
0 0.600782 0.593750 0.632032 0.593750 0.632032 0.669922 0.600782 0.669922
0 0.709723 0.978482 0.781251 0.980469 0.780903 0.998047 0.709376 0.998047
0 0.333035 0.458972 0.334375 0.494141 0.268527 0.498060 0.267187 0.462891
0 0.404688 0.457032 0.405649 0.497897 0.352524 0.499850 0.351563 0.458985
0 0.742230 0.548825 0.743751 0.583984 0.685896 0.587893 0.684376 0.552734
0 0.177344 0.298828 0.221389 0.329414 0.205764 0.364570 0.161719 0.333984
0 0.190625 0.351563 0.229688 0.392578 0.210265 0.421481 0.171202 0.380466
0 0.832183 0.308672 0.853125 0.371094 0.827191 0.384688 0.806249 0.322266
0 0.816559 0.306719 0.837501 0.369141 0.811567 0.382735 0.790625 0.320313
0 0.017968 0.367187 0.076562 0.367187 0.076562 0.398437 0.017968 0.398437
0 0.870985 0.313241 0.874237 0.378294 0.846221 0.380483 0.842969 0.315430
0 0.603125 0.843750 0.626423 0.844517 0.624861 0.918736 0.601563 0.917969
0 0.181663 0.259958 0.233773 0.295487 0.223203 0.319708 0.171093 0.284179
0 0.604688 0.671875 0.629688 0.671875 0.629688 0.730469 0.604688 0.730469
0 0.212004 0.172643 0.240625 0.212891 0.225496 0.229701 0.196875 0.189453
0 0.197941 0.166783 0.226562 0.207031 0.211433 0.223841 0.182812 0.183593
0 0.136744 0.139381 0.138307 0.182349 0.116406 0.183593 0.114843 0.140625
3 0.913673 0.079437 0.921969 0.134744 0.894233 0.141244 0.885937 0.085938
