0 0.948191 0.846291 0.953264 0.903195 0.846163 0.918116 0.841090 0.861211
0 0.998438 0.832620 0.998438 0.889390 0.948468 0.908734 0.937024 0.851965
0 0.927931 0.745207 0.935937 0.808594 0.842221 0.827091 0.834215 0.763704
0 0.562850 0.708944 0.659728 0.709891 0.659368 0.767564 0.562490 0.766618
0 0.883219 0.580402 0.886942 0.636639 0.794905 0.646160 0.791182 0.589924
0 0.998438 0.730469 0.998438 0.788442 0.931562 0.806892 0.922542 0.748918
0 0.984195 0.622472 0.986112 0.670399 0.897117 0.675962 0.895200 0.628035
0 0.559657 0.584511 0.651844 0.594277 0.648437 0.644531 0.556250 0.634766
0 0.797087 0.089539 0.803125 0.144531 0.721664 0.158507 0.715625 0.103515
0 0.866288 0.526825 0.868750 0.578125 0.783712 0.584503 0.781250 0.533203
0 0.115625 0.447266 0.159107 0.451529 0.152857 0.551138 0.109375 0.546875
0 0.915625 0.705078 0.918825 0.755070 0.832813 0.763672 0.829613 0.713679
0 0.556250 0.458985 0.632812 0.466797 0.629370 0.519499 0.552808 0.511687
0 0.654149 0.671854 0.654688 0.712890 0.558351 0.714864 0.557812 0.673828
0 0.620313 0.500000 0.623954 0.546428 0.540625 0.556640 0.536984 0.510212
0 0.685565 0.927771 0.688690 0.976599 0.610937 0.984375 0.607812 0.935547
0 0.619531 0.304688 0.622026 0.347572 0.536089 0.355384 0.533594 0.312500
0 0.626420 0.545445 0.628155 0.586655 0.547048 0.591991 0.545312 0.550781
0 0.911048 0.665440 0.912500 0.708984 0.837500 0.712890 0.836048 0.669346
0 0.631767 0.631120 0.634375 0.671875 0.556250 0.679688 0.553641 0.638933
0 0.989063 0.660156 0.989760 0.701112 0.912999 0.703154 0.912302 0.662198
0 0.988567 0.697658 0.993750 0.740235 0.921875 0.753906 0.916692 0.711330
0 0.790625 0.498047 0.868750 0.498047 0.868750 0.537109 0.790625 0.537109
0 0.614062 0.980263 0.700000 0.980263 0.700000 0.998047 0.614062 0.998047
3 0.767188 0.441406 0.850000 0.441406 0.850000 0.496094 0.767188 0.496094
