0 0.760739 0.814791 0.777014 0.947028 0.724999 0.957031 0.708724 0.824794
0 0.183335 0.905695 0.233008 0.921893 0.213735 0.998047 0.164062 0.998047
0 0.717187 0.585937 0.762613 0.588121 0.759375 0.693359 0.713949 0.691175
0 0.206835 0.797687 0.243750 0.808594 0.222853 0.919110 0.185938 0.908203
0 0.734751 0.398451 0.746875 0.498047 0.705876 0.505845 0.693751 0.406249
0 0.759302 0.933165 0.785781 0.998047 0.748354 0.998047 0.721875 0.957031
0 0.231104 0.452256 0.268750 0.455079 0.264062 0.552735 0.226416 0.549911
0 0.298625 0.000000 0.336381 0.000000 0.320443 0.057940 0.282687 0.041712
0 0.247948 0.356720 0.281250 0.365235 0.266114 0.457734 0.232812 0.449219
0 0.662500 0.113281 0.701562 0.113281 0.701562 0.193359 0.662500 0.193359
0 0.257813 0.273437 0.293906 0.279882 0.284375 0.363281 0.248282 0.356835
0 0.267691 0.180384 0.301563 0.185547 0.293247 0.270788 0.259375 0.265625
0 0.721875 0.322266 0.731250 0.400391 0.695415 0.407110 0.686040 0.328985
0 0.737500 0.494140 0.746875 0.578124 0.713834 0.583887 0.704459 0.499903
0 0.721945 0.247734 0.725070 0.321952 0.690625 0.324218 0.687500 0.250000
0 0.709375 0.048828 0.717187 0.121094 0.684341 0.126642 0.676529 0.054376
0 0.276563 0.111328 0.304754 0.112335 0.303125 0.183594 0.274934 0.182587
