0 0.788013 0.553217 0.809375 0.619141 0.679175 0.685065 0.657812 0.619141
0 0.954468 0.719605 0.989055 0.771459 0.883035 0.881957 0.848447 0.830104
0 0.998438 0.799543 0.998438 0.847851 0.958319 0.954171 0.917637 0.905863
0 0.407275 0.559010 0.502716 0.658428 0.470313 0.707032 0.374872 0.607614
0 0.288647 0.415400 0.380835 0.522822 0.346875 0.568360 0.254687 0.460938
0 0.198296 0.000000 0.236718 0.001953 0.166406 0.107422 0.127984 0.067399
3 0.618751 0.402344 0.656172 0.447507 0.568671 0.560788 0.531250 0.515625
3 0.553125 0.341797 0.591134 0.382061 0.512499 0.498047 0.474490 0.457783
3 0.652036 0.477359 0.686370 0.513839 0.618750 0.613281 0.584416 0.576801
3 0.465243 0.252464 0.498438 0.294921 0.428507 0.380348 0.395312 0.337891
