0 0.537867 0.410703 0.543750 0.457031 0.445313 0.476563 0.439430 0.430235
0 0.123386 0.522188 0.175000 0.599609 0.140420 0.635629 0.088806 0.558209
0 0.998437 0.463361 0.998438 0.518280 0.947292 0.529913 0.940264 0.474994
0 0.298482 0.493068 0.300045 0.592677 0.256250 0.593751 0.254687 0.494141
0 0.180755 0.513104 0.237005 0.577557 0.209375 0.615234 0.153125 0.550781
0 0.059720 0.523168 0.112500 0.597656 0.084030 0.629176 0.031250 0.554688
0 0.004688 0.544921 0.051563 0.611328 0.019936 0.646211 0.000000 0.579804
0 0.746681 0.448057 0.796874 0.537110 0.768943 0.561709 0.718749 0.472656
0 0.568939 0.465460 0.615625 0.548828 0.587311 0.573603 0.540625 0.490234
0 0.514932 0.089666 0.520312 0.130860 0.442880 0.146662 0.437500 0.105468
0 0.343802 0.491121 0.345364 0.577059 0.307812 0.578125 0.306250 0.492188
0 0.528258 0.345778 0.529688 0.388672 0.454688 0.392578 0.453258 0.349684
0 0.529806 0.294908 0.532812 0.333984 0.451444 0.343764 0.448438 0.304688
0 0.521120 0.146019 0.526562 0.184571 0.446874 0.202149 0.441432 0.163597
0 0.518578 0.240574 0.523438 0.279297 0.443750 0.294922 0.438891 0.256199
0 0.453608 0.494384 0.500483 0.568603 0.475000 0.593750 0.428125 0.519531
0 0.517305 0.044915 0.518867 0.083977 0.440625 0.088867 0.439063 0.049805
0 0.510306 0.487063 0.562500 0.562500 0.539694 0.587155 0.487500 0.511718
0 0.525096 0.000000 0.525638 0.031273 0.448980 0.033229 0.448438 0.000000
0 0.524375 0.200169 0.525104 0.241164 0.453125 0.243163 0.452397 0.202168
0 0.685938 0.466797 0.733594 0.526367 0.710156 0.555664 0.662500 0.496093
0 0.585937 0.343750 0.618729 0.344775 0.617167 0.422900 0.584375 0.421875
0 0.631250 0.478516 0.672442 0.537927 0.651562 0.560547 0.610370 0.501135
