0 0.100140 0.641749 0.134375 0.696290 0.027984 0.800635 0.000000 0.746094
0 0.028028 0.896117 0.160937 0.942383 0.145408 0.998047 0.012499 0.965821
0 0.969851 0.664825 0.998438 0.717709 0.910976 0.826235 0.873036 0.773351
0 0.180215 0.782447 0.309752 0.813161 0.299841 0.878473 0.170304 0.847759
0 0.878125 0.622071 0.906741 0.678834 0.792678 0.768677 0.764063 0.711914
0 0.722706 0.283637 0.843019 0.350043 0.821094 0.412109 0.700782 0.345703
0 0.853454 0.181356 0.971875 0.242189 0.951234 0.304974 0.832812 0.244142
0 0.926858 0.138727 0.998438 0.195288 0.998438 0.255805 0.903728 0.199244
0 0.895534 0.000000 0.928921 0.003917 0.831810 0.098483 0.798423 0.044911
0 0.657812 0.365234 0.795313 0.410156 0.783428 0.466998 0.645927 0.422076
0 0.252599 0.530367 0.279688 0.580078 0.171875 0.671875 0.144786 0.622164
0 0.545313 0.470703 0.664063 0.527344 0.646861 0.583695 0.528111 0.527054
0 0.404982 0.604369 0.520607 0.649291 0.506250 0.707031 0.390625 0.662109
0 0.985859 0.773840 0.998438 0.822668 0.940625 0.916016 0.904687 0.867188
0 0.727616 0.099389 0.757304 0.148217 0.662500 0.238281 0.632812 0.189453
0 0.267717 0.718847 0.381250 0.769532 0.365095 0.826075 0.251562 0.775390
0 0.625001 0.199219 0.650001 0.251953 0.552733 0.324003 0.527733 0.271269
0 0.598162 0.423254 0.712500 0.458984 0.701838 0.512293 0.587500 0.476562
0 0.131478 0.847135 0.232812 0.886719 0.218522 0.943881 0.117188 0.904297
0 0.329687 0.662109 0.436326 0.699433 0.425389 0.748261 0.318749 0.710937
3 0.703125 0.732422 0.820313 0.820312 0.793291 0.876608 0.676103 0.788718
3 0.500140 0.300057 0.529688 0.353516 0.443750 0.427735 0.414202 0.374276
