0 0.740494 0.625210 0.859244 0.668179 0.848437 0.714844 0.729688 0.671875
0 0.467187 0.722656 0.507812 0.740234 0.477737 0.848840 0.437112 0.831262
0 0.983825 0.923872 0.998438 0.943283 0.983141 0.998047 0.953125 0.998047
0 0.930898 0.898316 0.970312 0.917969 0.938488 0.998047 0.899073 0.998047
0 0.471637 0.552081 0.553126 0.615235 0.531489 0.658857 0.450000 0.595703
0 0.782812 0.845703 0.823673 0.860296 0.798437 0.970703 0.757577 0.956110
0 0.882812 0.625000 0.979635 0.656745 0.970312 0.701172 0.873489 0.669427
0 0.879743 0.888444 0.917120 0.902627 0.890502 0.998047 0.853125 0.998047
0 0.645502 0.588153 0.732813 0.630859 0.718750 0.675781 0.631439 0.633075
0 0.744531 0.825195 0.782031 0.840820 0.753125 0.949219 0.715625 0.933594
0 0.692188 0.816406 0.728456 0.830723 0.700000 0.943360 0.663732 0.929043
0 0.957573 0.766937 0.991948 0.782561 0.959375 0.894531 0.925000 0.878906
0 0.353989 0.233210 0.445312 0.269532 0.434375 0.312500 0.343052 0.276178
0 0.128600 0.776853 0.225000 0.820312 0.213588 0.859865 0.117188 0.816406
0 0.572030 0.500739 0.667342 0.541755 0.656250 0.582031 0.560938 0.541015
0 0.924152 0.569989 0.998438 0.605860 0.998438 0.646807 0.913132 0.610937
0 0.978009 0.785156 0.998438 0.785156 0.998438 0.910156 0.978009 0.910156
0 0.821586 0.722522 0.856052 0.738395 0.825000 0.843750 0.790534 0.827877
0 0.100308 0.861045 0.190933 0.866904 0.189062 0.912109 0.098437 0.906250
0 0.557288 0.770571 0.591878 0.785704 0.562501 0.890625 0.527910 0.875492
0 0.739193 0.500693 0.825131 0.535849 0.814063 0.578125 0.728125 0.542969
0 0.646875 0.787109 0.679095 0.798415 0.653125 0.914062 0.620905 0.902757
0 0.642188 0.650390 0.674752 0.664928 0.643502 0.774303 0.610938 0.759766
0 0.514703 0.753094 0.550000 0.769531 0.520313 0.869140 0.485016 0.852703
0 0.685938 0.669922 0.720795 0.683898 0.694232 0.787414 0.659375 0.773438
0 0.909538 0.747258 0.942187 0.757812 0.918750 0.871094 0.886101 0.860540
0 0.838755 0.865804 0.873129 0.881429 0.843750 0.982422 0.809375 0.966797
0 0.767647 0.708639 0.801470 0.719209 0.779687 0.828125 0.745863 0.817555
0 0.458645 0.389228 0.539062 0.425781 0.526563 0.468750 0.446145 0.432196
0 0.246529 0.812054 0.329341 0.856976 0.315625 0.896484 0.232813 0.851562
0 0.315000 0.478907 0.403125 0.515625 0.392812 0.554297 0.304687 0.517579
0 0.597532 0.780545 0.629687 0.792969 0.603124 0.900391 0.570969 0.887967
0 0.335937 0.335937 0.428125 0.373047 0.418597 0.410029 0.326409 0.372919
0 0.486002 0.870880 0.515625 0.884765 0.482812 0.994140 0.453189 0.980255
0 0.642488 0.463049 0.732813 0.500000 0.723139 0.536951 0.632813 0.500000
0 0.413277 0.497761 0.500000 0.529297 0.490887 0.568455 0.404164 0.536919
0 0.539493 0.476679 0.570313 0.490234 0.540625 0.595703 0.509805 0.582148
0 0.904447 0.539514 0.910938 0.580078 0.825001 0.601562 0.818510 0.560998
0 0.865767 0.673889 0.957955 0.712952 0.948437 0.748047 0.856250 0.708984
0 0.416159 0.456305 0.506785 0.481696 0.500001 0.519531 0.409375 0.494140
0 0.669761 0.933265 0.700000 0.955078 0.670091 0.998047 0.639852 0.998047
0 0.351667 0.283733 0.437500 0.324219 0.426457 0.360800 0.340624 0.320313
0 0.528173 0.882623 0.557812 0.894531 0.529638 0.998047 0.500000 0.992187
0 0.624488 0.916739 0.656251 0.933593 0.628638 0.998047 0.596876 0.998047
0 0.859829 0.743730 0.893750 0.753906 0.874999 0.851563 0.841079 0.841386
0 0.251644 0.300818 0.331331 0.335974 0.320312 0.375000 0.240625 0.339844
0 0.548120 0.428215 0.634057 0.461418 0.625000 0.498047 0.539063 0.464844
0 0.263127 0.253039 0.345648 0.281692 0.337209 0.319669 0.254688 0.291016
0 0.242651 0.351560 0.331250 0.392578 0.321411 0.425784 0.232812 0.384766
0 0.594933 0.638510 0.625000 0.648438 0.603125 0.751954 0.573058 0.742026
0 0.313624 0.429948 0.401563 0.458984 0.394188 0.493880 0.306250 0.464844
0 0.225161 0.398908 0.306250 0.439453 0.295151 0.474138 0.214062 0.433593
0 0.569385 0.919810 0.601141 0.935078 0.577069 0.998047 0.545313 0.998047
0 0.728125 0.691406 0.756250 0.701171 0.732812 0.806640 0.704688 0.796875
0 0.676562 0.548828 0.759061 0.582542 0.750000 0.617188 0.667501 0.583474
0 0.548070 0.628791 0.576747 0.637753 0.556250 0.740235 0.527573 0.731273
0 0.139495 0.923006 0.167714 0.946212 0.128219 0.998047 0.100000 0.998047
0 0.567626 0.558063 0.639062 0.591797 0.627686 0.629437 0.556250 0.595703
0 0.336125 0.392247 0.425188 0.413732 0.420312 0.445313 0.331250 0.423828
0 0.972389 0.709271 0.998438 0.746326 0.998438 0.783203 0.953100 0.746148
0 0.763424 0.583742 0.851562 0.617187 0.844388 0.646726 0.756250 0.613281
0 0.459434 0.277116 0.489062 0.289063 0.473378 0.349838 0.443750 0.337891
