0 0.493750 0.683594 0.539238 0.689168 0.531250 0.791016 0.485762 0.785442
0 0.066980 0.191323 0.069432 0.236271 0.000000 0.242189 0.000000 0.197241
0 0.473965 0.023651 0.491432 0.067384 0.415097 0.115021 0.397630 0.071288
0 0.431010 0.000000 0.453125 0.005859 0.384616 0.062951 0.362501 0.021485
0 0.539655 0.132266 0.543750 0.175781 0.460345 0.188046 0.456250 0.144531
2 0.646875 0.501953 0.770382 0.736885 0.715695 0.781806 0.592188 0.546875
2 0.501988 0.232538 0.620738 0.472772 0.570312 0.511719 0.451562 0.271484
2 0.374599 0.436116 0.487100 0.680257 0.439063 0.714844 0.326562 0.470703
2 0.409452 0.100207 0.460938 0.214844 0.431174 0.235731 0.379688 0.121094
3 0.496938 0.798235 0.539212 0.805229 0.525000 0.939453 0.482726 0.932459
3 0.207990 0.148817 0.250178 0.238660 0.218750 0.261719 0.176562 0.171876
3 0.502801 0.076637 0.512500 0.121094 0.439387 0.146019 0.429688 0.101562
3 0.163611 0.059445 0.199999 0.148438 0.170763 0.167117 0.134375 0.078124
3 0.260178 0.246348 0.291428 0.332286 0.260938 0.349610 0.229688 0.263672
3 0.113405 0.000000 0.153126 0.052734 0.127221 0.074356 0.087500 0.000000
