0 0.157866 0.672683 0.196929 0.692215 0.167188 0.785157 0.128125 0.765625
0 0.155931 0.420897 0.236229 0.443709 0.227173 0.493515 0.146875 0.470703
0 0.100576 0.674811 0.139063 0.689453 0.115050 0.788079 0.076563 0.773437
0 0.654677 0.517705 0.696876 0.523438 0.689063 0.613281 0.646865 0.607548
0 0.859449 0.089640 0.900000 0.091797 0.896875 0.183594 0.856324 0.181437
0 0.137500 0.505859 0.215625 0.505859 0.215625 0.552734 0.137500 0.552734
0 0.269136 0.495741 0.307812 0.505859 0.293364 0.592150 0.254687 0.582031
0 0.288225 0.383862 0.325000 0.398438 0.303963 0.481372 0.267188 0.466797
0 0.212358 0.262965 0.276420 0.280544 0.268750 0.324219 0.204688 0.306640
0 0.243688 0.372500 0.248438 0.414062 0.179750 0.426328 0.175000 0.384766
0 0.314375 0.087110 0.323438 0.121094 0.260625 0.147266 0.251563 0.113282
0 0.859375 0.191407 0.890547 0.194566 0.885859 0.266831 0.854687 0.263672
0 0.771874 0.044922 0.806249 0.044922 0.806249 0.101562 0.771874 0.101562
2 0.339975 0.082295 0.400913 0.099873 0.370313 0.265625 0.309375 0.248047
