0 0.548438 0.202149 0.552079 0.297728 0.511100 0.300167 0.507459 0.204588
0 0.598316 0.539307 0.660846 0.593999 0.642956 0.625959 0.580426 0.571267
0 0.629008 0.749547 0.657031 0.778320 0.616304 0.840297 0.588281 0.811524
0 0.738933 0.572119 0.740668 0.615371 0.675953 0.619425 0.674219 0.576174
0 0.646827 0.828987 0.678124 0.847656 0.651611 0.917107 0.620314 0.898437
0 0.656019 0.923738 0.682813 0.939453 0.654919 0.998047 0.628125 0.998047
0 0.583499 0.347630 0.648438 0.349610 0.647751 0.384792 0.582812 0.382812
0 0.582069 0.465508 0.628126 0.527344 0.608558 0.550117 0.562501 0.488281
0 0.582069 0.481134 0.628126 0.542969 0.608558 0.565742 0.562501 0.503907
0 0.735622 0.410321 0.782796 0.460983 0.767503 0.483234 0.720328 0.432571
0 0.673437 0.496094 0.731325 0.500350 0.729687 0.535156 0.671799 0.530900
0 0.727922 0.308105 0.745313 0.333985 0.700205 0.381349 0.682813 0.355469
0 0.786722 0.410193 0.835937 0.458984 0.821090 0.482385 0.771875 0.433594
0 0.812950 0.387787 0.865625 0.429688 0.854237 0.452057 0.801563 0.410156
0 0.878126 0.324219 0.878621 0.349595 0.814063 0.351563 0.813568 0.326188
0 0.617960 0.225840 0.632813 0.246094 0.592978 0.291738 0.578125 0.271485
0 0.612124 0.283919 0.625000 0.300781 0.586315 0.346941 0.573438 0.330079
