0 0.488462 0.772611 0.513282 0.812500 0.452164 0.871921 0.427344 0.832032
0 0.508197 0.611746 0.524218 0.656250 0.458989 0.692941 0.442968 0.648438
0 0.191325 0.694434 0.267887 0.696387 0.267187 0.739258 0.190625 0.737305
0 0.366524 0.689490 0.368042 0.730378 0.296880 0.734506 0.295362 0.693618
0 0.496964 0.945902 0.514800 0.986033 0.453774 0.998047 0.435938 0.988281
0 0.262920 0.661957 0.264042 0.702148 0.193330 0.705231 0.192208 0.665040
0 0.082812 0.537109 0.083509 0.578065 0.007812 0.580078 0.007115 0.539123
0 0.209376 0.437499 0.276563 0.437499 0.276563 0.480468 0.209376 0.480468
0 0.195214 0.585659 0.267188 0.589844 0.265724 0.629184 0.193751 0.625000
0 0.484046 0.337572 0.500018 0.372086 0.440172 0.415358 0.424200 0.380844
0 0.306250 0.234375 0.375000 0.234375 0.375000 0.275391 0.306250 0.275391
0 0.998438 0.309217 0.998438 0.350575 0.937638 0.356799 0.935040 0.315441
0 0.019461 0.466586 0.092188 0.468750 0.091477 0.506070 0.018750 0.503906
0 0.499347 0.518728 0.514063 0.548828 0.449091 0.598460 0.434375 0.568360
0 0.497314 0.436734 0.512500 0.470702 0.452686 0.512484 0.437500 0.478515
0 0.513781 0.560579 0.528125 0.593750 0.467469 0.634733 0.453125 0.601562
0 0.378125 0.265625 0.378799 0.302715 0.309375 0.304687 0.308701 0.267597
0 0.364062 0.296875 0.367187 0.335937 0.302212 0.344059 0.299087 0.304997
0 0.304750 0.549788 0.363365 0.551767 0.362580 0.588076 0.303966 0.586098
0 0.363304 0.509691 0.364063 0.546867 0.302344 0.548835 0.301585 0.511659
0 0.482349 0.388831 0.500000 0.419921 0.447339 0.466637 0.429688 0.435547
0 0.226562 0.225587 0.289062 0.225587 0.289062 0.264649 0.226562 0.264649
0 0.303905 0.430664 0.369530 0.430664 0.369530 0.467773 0.303905 0.467773
0 0.960428 0.563042 0.971875 0.638672 0.941134 0.645942 0.929687 0.570312
0 0.100838 0.359349 0.101563 0.396484 0.037500 0.398437 0.036775 0.361302
0 0.992686 0.258347 0.995312 0.291992 0.927626 0.300247 0.925000 0.266602
0 0.205469 0.476563 0.278907 0.476563 0.278907 0.507813 0.205469 0.507813
0 0.998438 0.383679 0.998438 0.416945 0.944828 0.422961 0.942537 0.389695
0 0.364063 0.328125 0.365814 0.363145 0.301611 0.368161 0.299860 0.333141
0 0.216406 0.366211 0.279609 0.368187 0.278906 0.403321 0.215704 0.401345
0 0.054687 0.269531 0.110937 0.269531 0.110937 0.308593 0.054687 0.308593
0 0.092187 0.398437 0.093668 0.433599 0.034293 0.437505 0.032812 0.402344
0 0.000000 0.612801 0.064340 0.621129 0.062038 0.648917 0.000000 0.640589
0 0.353754 0.362080 0.355469 0.397461 0.300934 0.401592 0.299219 0.366211
0 0.306251 0.400391 0.367188 0.400391 0.367188 0.431641 0.306251 0.431641
0 0.998437 0.354150 0.998438 0.383781 0.943505 0.388038 0.942073 0.358407
1 0.174841 0.741089 0.271095 0.743164 0.270473 0.788207 0.174219 0.786132
1 0.998438 0.447659 0.998438 0.483276 0.957210 0.489841 0.953853 0.454224
2 0.831249 0.054688 0.842187 0.113281 0.814823 0.121262 0.803885 0.062669
2 0.843750 0.044922 0.854688 0.103515 0.827324 0.111496 0.816386 0.052903
3 0.298438 0.613281 0.364062 0.613281 0.364062 0.652343 0.298438 0.652343
3 0.280469 0.399414 0.281140 0.434643 0.215515 0.436596 0.214844 0.401367
3 0.237500 0.117188 0.287500 0.117188 0.287500 0.152344 0.237500 0.152344
4 0.017188 0.115234 0.095312 0.115234 0.095312 0.171876 0.017188 0.171876
4 0.223437 0.101562 0.225185 0.156162 0.145313 0.160156 0.143565 0.105556
4 0.526562 0.089844 0.527454 0.144469 0.450892 0.146422 0.450000 0.091797
4 0.401563 0.093750 0.403125 0.140626 0.328125 0.144532 0.326563 0.097656
