0 0.490346 0.513231 0.498479 0.640308 0.455008 0.644656 0.446875 0.517578
0 0.199695 0.351824 0.241883 0.355730 0.234375 0.482422 0.192187 0.478516
0 0.209375 0.169922 0.245716 0.173839 0.237903 0.287120 0.201562 0.283204
0 0.979543 0.372387 0.990143 0.420974 0.913725 0.447026 0.903125 0.398438
0 0.481251 0.390626 0.487501 0.503907 0.453073 0.506874 0.446823 0.393593
0 0.998437 0.462891 0.998438 0.511662 0.919515 0.513615 0.918750 0.464844
0 0.457813 0.666016 0.498437 0.666016 0.498437 0.759766 0.457813 0.759766
0 0.893750 0.031250 0.976627 0.049898 0.970312 0.093750 0.887435 0.075102
0 0.472657 0.235351 0.480517 0.349335 0.450781 0.352539 0.442920 0.238555
0 0.915625 0.519531 0.990372 0.531718 0.985937 0.574218 0.911190 0.562031
0 0.972601 0.111268 0.975000 0.156250 0.903961 0.162170 0.901562 0.117188
