0 0.194734 0.822281 0.198449 0.945316 0.139104 0.948115 0.135389 0.825081
0 0.399021 0.216775 0.407853 0.341466 0.363523 0.346373 0.354691 0.221682
0 0.925000 0.863282 0.925753 0.917886 0.831250 0.919922 0.830497 0.865318
0 0.673454 0.873223 0.674621 0.927903 0.592176 0.930651 0.591009 0.875971
0 0.131250 0.289062 0.193750 0.374999 0.164314 0.408450 0.101814 0.322513
0 0.411001 0.472475 0.415689 0.601381 0.378125 0.603515 0.373437 0.474609
0 0.117054 0.083912 0.196163 0.130766 0.179106 0.175766 0.099997 0.128912
0 0.201564 0.734376 0.204562 0.786981 0.128176 0.793784 0.125178 0.741179
0 0.170313 0.451172 0.187709 0.497925 0.120103 0.537231 0.102707 0.490477
0 0.187177 0.195258 0.201562 0.241211 0.129687 0.276368 0.115302 0.230415
0 0.398564 0.352183 0.405937 0.449720 0.369868 0.453981 0.362495 0.356444
0 0.106298 0.539934 0.184375 0.595703 0.168702 0.629988 0.090625 0.574219
