0 0.785937 0.787107 0.790778 0.842750 0.682777 0.857430 0.677937 0.801787
0 0.400000 0.165039 0.501563 0.170898 0.499398 0.229547 0.397835 0.223688
0 0.745959 0.250080 0.777343 0.291016 0.702343 0.380860 0.670959 0.339924
0 0.395571 0.300651 0.501642 0.311258 0.498259 0.364123 0.392188 0.353516
0 0.537500 0.820312 0.538120 0.873035 0.431870 0.874988 0.431250 0.822265
0 0.530201 0.957001 0.531741 0.998047 0.431227 0.998047 0.429687 0.962891
0 0.765978 0.677499 0.784374 0.720703 0.687146 0.785391 0.668749 0.742187
0 0.784375 0.917969 0.791834 0.968471 0.690271 0.991909 0.682812 0.941407
0 0.521249 0.755812 0.521875 0.806641 0.417813 0.808642 0.417187 0.757813
0 0.417506 0.689291 0.519069 0.695150 0.517188 0.746093 0.415625 0.740234
0 0.998437 0.439453 0.998438 0.552136 0.974117 0.559745 0.959884 0.447063
0 0.433439 0.886641 0.535001 0.888594 0.534375 0.939453 0.432813 0.937500
0 0.414063 0.628907 0.514698 0.630873 0.514063 0.681641 0.413428 0.679676
0 0.770898 0.609546 0.780655 0.662168 0.689843 0.688479 0.680085 0.635857
0 0.398438 0.437501 0.496875 0.437501 0.496875 0.488282 0.398438 0.488282
0 0.401563 0.568360 0.503726 0.570324 0.503125 0.619140 0.400962 0.617176
0 0.398179 0.371018 0.493750 0.375000 0.492445 0.423904 0.396874 0.419922
0 0.490625 0.497071 0.491363 0.547800 0.403125 0.549805 0.402387 0.499076
0 0.939844 0.430665 0.958997 0.548378 0.922657 0.557618 0.903503 0.439904
0 0.398437 0.051757 0.492187 0.051757 0.492187 0.098632 0.398437 0.098632
0 0.752922 0.386528 0.763281 0.435547 0.679890 0.463082 0.669531 0.414063
0 0.401563 0.107422 0.493786 0.112225 0.492223 0.159100 0.400000 0.154297
4 0.757031 0.535156 0.766502 0.576137 0.696093 0.601562 0.686622 0.560581
