0 0.109375 0.091797 0.118750 0.205079 0.071731 0.211159 0.062356 0.097877
0 0.775918 0.054428 0.779688 0.181641 0.737500 0.183594 0.733730 0.056381
0 0.573437 0.916016 0.671874 0.916016 0.671874 0.966797 0.573437 0.966797
0 0.887500 0.048828 0.894458 0.166239 0.852270 0.170146 0.845312 0.052735
0 0.435827 0.966676 0.437500 0.998047 0.351631 0.998047 0.349958 0.973832
0 0.785958 0.340233 0.792208 0.457420 0.750000 0.460937 0.743750 0.343750
0 0.621875 0.306640 0.637133 0.350654 0.543383 0.401436 0.528125 0.357422
0 0.432293 0.892466 0.435937 0.945313 0.344029 0.955216 0.340385 0.902369
0 0.660937 0.576172 0.662641 0.623039 0.559375 0.628906 0.557671 0.582039
0 0.168750 0.097657 0.171869 0.206822 0.128120 0.208775 0.125001 0.099610
0 0.421875 0.763672 0.424169 0.816250 0.335937 0.822266 0.333643 0.769688
0 0.342839 0.830060 0.437500 0.832032 0.436849 0.880879 0.342188 0.878907
0 0.421875 0.550782 0.424556 0.599379 0.331249 0.607422 0.328568 0.558826
0 0.419531 0.691406 0.422426 0.742068 0.333593 0.750000 0.330698 0.699338
0 0.677092 0.341440 0.689062 0.451172 0.648970 0.458006 0.637000 0.348274
0 0.658100 0.771214 0.662500 0.818360 0.568750 0.832032 0.564350 0.784886
0 0.998438 0.319219 0.998438 0.431580 0.982938 0.436641 0.970097 0.324280
0 0.668750 0.074219 0.678563 0.180526 0.637938 0.186385 0.628125 0.080078
0 0.419695 0.623877 0.421094 0.672851 0.333593 0.676758 0.332194 0.627783
0 0.828125 0.056640 0.834631 0.166426 0.796875 0.169922 0.790369 0.060136
0 0.662887 0.841619 0.665624 0.888672 0.579687 0.896485 0.576950 0.849432
0 0.209375 0.087891 0.224231 0.195179 0.187501 0.203125 0.172645 0.095837
0 0.723437 0.351563 0.734868 0.461112 0.698931 0.466971 0.687500 0.357422
0 0.396875 0.292969 0.400717 0.337794 0.313217 0.349513 0.309375 0.304688
0 0.946818 0.333341 0.956326 0.440311 0.920312 0.445313 0.910804 0.338343
0 0.415734 0.488269 0.418750 0.531250 0.329578 0.541027 0.326562 0.498046
0 0.840625 0.343749 0.846894 0.445611 0.809375 0.449219 0.803106 0.347357
0 0.720313 0.060547 0.723438 0.162109 0.687493 0.163837 0.684368 0.062275
0 0.394531 0.357422 0.397759 0.400194 0.314947 0.409960 0.311719 0.367188
0 0.051563 0.119140 0.060938 0.212891 0.023437 0.218750 0.014062 0.125000
0 0.654688 0.708984 0.656410 0.749886 0.576614 0.755136 0.574892 0.714234
0 0.267188 0.103516 0.271924 0.192314 0.235938 0.195312 0.231202 0.106514
0 0.395539 0.222874 0.400000 0.265625 0.328125 0.277344 0.323664 0.234593
1 0.904904 0.327906 0.909375 0.484375 0.865626 0.486328 0.861155 0.329859
