0 0.928125 0.874999 0.998438 0.885082 0.998438 0.935547 0.923764 0.925464
0 0.546876 0.361328 0.643751 0.361328 0.643751 0.410156 0.546876 0.410156
0 0.327019 0.824088 0.426563 0.835938 0.422981 0.882944 0.323438 0.871094
0 0.423153 0.691328 0.425000 0.738282 0.328410 0.744220 0.326562 0.697266
0 0.689062 0.296874 0.785937 0.296874 0.785937 0.343749 0.689062 0.343749
0 0.651562 0.029297 0.654205 0.078033 0.562018 0.085845 0.559374 0.037109
0 0.424127 0.964752 0.425000 0.998047 0.329329 0.998047 0.328456 0.968673
0 0.554761 0.292803 0.648469 0.297896 0.646833 0.344937 0.553125 0.339844
0 0.779877 0.095626 0.781250 0.144531 0.692187 0.148438 0.690814 0.099533
0 0.335097 0.552576 0.429688 0.570312 0.424279 0.615392 0.329688 0.597656
0 0.548437 0.468749 0.557921 0.587291 0.521875 0.591797 0.512391 0.473255
0 0.642188 0.097656 0.644135 0.144708 0.553510 0.150568 0.551563 0.103516
0 0.684375 0.164062 0.776563 0.164062 0.776563 0.208984 0.684375 0.208984
0 0.692818 0.025370 0.782813 0.027344 0.782182 0.072286 0.692188 0.070312
0 0.693353 0.224593 0.785937 0.228516 0.784771 0.271501 0.692187 0.267578
0 0.338208 0.427714 0.421020 0.429667 0.420312 0.476562 0.337500 0.474609
0 0.640592 0.163177 0.642223 0.208006 0.556249 0.212891 0.554619 0.168062
0 0.335938 0.763672 0.415625 0.763672 0.415625 0.806641 0.335938 0.806641
0 0.692187 0.365234 0.771874 0.365234 0.771874 0.408203 0.692187 0.408203
0 0.334374 0.490235 0.412500 0.498047 0.409882 0.538957 0.331756 0.531145
0 0.871807 0.548736 0.906182 0.550689 0.903125 0.634766 0.868750 0.632813
0 0.575000 0.232422 0.644460 0.234396 0.643750 0.273438 0.574290 0.271464
0 0.787564 0.467081 0.815625 0.468751 0.812500 0.550782 0.784439 0.549111
