0 0.882946 0.769008 0.892973 0.820313 0.788168 0.852316 0.778142 0.801011
0 0.000906 0.139316 0.045447 0.146083 0.033054 0.273548 0.000000 0.266781
0 0.076576 0.677440 0.119593 0.680045 0.114890 0.801430 0.071873 0.798825
0 0.409374 0.708015 0.511941 0.714895 0.509676 0.767651 0.407109 0.760771
0 0.613124 0.311720 0.619743 0.429624 0.576720 0.433398 0.570100 0.315494
0 0.893750 0.836914 0.903672 0.885063 0.798438 0.918946 0.788516 0.870796
0 0.492968 0.931641 0.498100 0.987545 0.402788 0.998047 0.397656 0.945313
0 0.869372 0.905757 0.880469 0.955078 0.779066 0.990727 0.767969 0.941406
0 0.781251 0.868164 0.781866 0.918904 0.676563 0.920898 0.675948 0.870158
0 0.863907 0.434474 0.868752 0.486320 0.774269 0.500114 0.769425 0.448268
0 0.790626 0.590820 0.796637 0.640914 0.699792 0.659072 0.693781 0.608978
0 0.540264 0.347751 0.542968 0.398436 0.449218 0.406251 0.446514 0.355566
0 0.123473 0.189905 0.162427 0.195086 0.152241 0.314753 0.113287 0.309572
0 0.726329 0.226337 0.741079 0.271254 0.653118 0.316387 0.638367 0.271470
0 0.047125 0.277326 0.085942 0.282227 0.076313 0.401386 0.037496 0.396485
0 0.894108 0.624808 0.900583 0.672568 0.816382 0.690406 0.809907 0.642646
0 0.424219 0.648438 0.514844 0.648438 0.514844 0.697266 0.424219 0.697266
0 0.819393 0.161420 0.828125 0.205078 0.738419 0.233112 0.729687 0.189453
0 0.717166 0.171895 0.724570 0.215279 0.638250 0.238295 0.630846 0.194911
0 0.798437 0.652343 0.804849 0.697229 0.717187 0.716797 0.710775 0.671911
0 0.882813 0.709962 0.889034 0.754890 0.807784 0.772468 0.801563 0.727540
0 0.001687 0.752249 0.036655 0.757783 0.026321 0.859810 0.000000 0.854275
0 0.795658 0.040509 0.800780 0.082993 0.725436 0.097187 0.720314 0.054703
0 0.722095 0.109430 0.725828 0.148070 0.647707 0.159862 0.643974 0.121222
4 0.431500 0.147344 0.540657 0.158159 0.537244 0.211988 0.428087 0.201173
