0 0.796884 0.268728 0.843750 0.269531 0.842164 0.414196 0.795298 0.413393
0 0.293749 0.800781 0.401562 0.800781 0.401562 0.860351 0.293749 0.860351
0 0.538280 0.647125 0.652342 0.674469 0.643750 0.730469 0.529688 0.703125
0 0.332817 0.512695 0.433673 0.532630 0.426549 0.588943 0.325693 0.569008
0 0.635910 0.821974 0.753097 0.843458 0.746876 0.896484 0.629688 0.875000
0 0.863319 0.308985 0.907031 0.313476 0.897617 0.456639 0.853905 0.452148
0 0.642968 0.897461 0.751395 0.913406 0.746094 0.969727 0.637668 0.953782
0 0.663634 0.678174 0.774571 0.699658 0.767968 0.752930 0.657031 0.731445
0 0.537305 0.715350 0.641438 0.743181 0.633008 0.792461 0.528876 0.764631
0 0.731250 0.246093 0.771875 0.253906 0.754768 0.392895 0.714143 0.385082
0 0.663006 0.229327 0.707813 0.236328 0.695289 0.361569 0.650482 0.354568
0 0.335937 0.593750 0.436275 0.607468 0.431491 0.662142 0.331153 0.648424
0 0.655575 0.746849 0.757138 0.780052 0.746875 0.829101 0.645312 0.795898
0 0.686605 0.606417 0.789844 0.631836 0.782145 0.680692 0.678906 0.655274
0 0.532812 0.193360 0.571875 0.205079 0.547806 0.330436 0.508743 0.318718
0 0.335157 0.454101 0.438281 0.465820 0.434823 0.513367 0.331699 0.501648
0 0.278583 0.389244 0.302803 0.423211 0.229688 0.504670 0.205468 0.470703
0 0.528125 0.798828 0.619438 0.814572 0.614063 0.863282 0.522750 0.847538
0 0.610938 0.210938 0.643906 0.221927 0.618750 0.339844 0.585782 0.328855
4 0.285662 0.889729 0.395048 0.899524 0.392200 0.949236 0.282814 0.939442
