0 0.311719 0.353496 0.354673 0.353896 0.353891 0.484760 0.310937 0.484360
0 0.643769 0.491662 0.690639 0.493180 0.688179 0.611780 0.641309 0.610262
0 0.186697 0.007753 0.189366 0.058476 0.092211 0.066465 0.089542 0.015742
0 0.804590 0.478358 0.809946 0.596610 0.766926 0.599654 0.761570 0.481402
0 0.439838 0.794577 0.442191 0.916132 0.402347 0.917337 0.399995 0.795782
0 0.597727 0.166521 0.603925 0.278277 0.563319 0.281795 0.557121 0.170039
0 0.238346 0.093498 0.277366 0.093498 0.277366 0.211794 0.238346 0.211794
0 0.585925 0.426844 0.587517 0.540262 0.546905 0.541152 0.545313 0.427735
0 0.926974 0.282701 0.931242 0.329105 0.839432 0.342299 0.835164 0.295895
0 0.936766 0.174369 0.938295 0.223044 0.846875 0.227533 0.845345 0.178858
0 0.183029 0.500058 0.184374 0.548828 0.093749 0.552734 0.092404 0.503964
0 0.945446 0.554399 0.950022 0.599589 0.867836 0.612593 0.863260 0.567403
0 0.189062 0.433594 0.190300 0.478462 0.098438 0.482422 0.097200 0.437554
0 0.937025 0.105391 0.939063 0.150390 0.855163 0.156327 0.853125 0.111328
0 0.932813 0.126953 0.933532 0.171935 0.855407 0.173889 0.854687 0.128907
0 0.137427 0.823454 0.138989 0.923064 0.107813 0.923828 0.106251 0.824218
0 0.834375 0.000000 0.904687 0.000000 0.904687 0.027344 0.834375 0.027344
