0 0.438904 0.277495 0.464850 0.320319 0.387496 0.393547 0.361550 0.350723
0 0.446405 0.411989 0.538279 0.436521 0.529287 0.489139 0.437413 0.464607
0 0.391397 0.803719 0.483876 0.832746 0.473821 0.882799 0.381342 0.853772
0 0.460938 0.353516 0.554688 0.375000 0.546900 0.428098 0.453150 0.406614
0 0.344281 0.953107 0.439487 0.964395 0.436077 0.998047 0.340871 0.998047
0 0.045235 0.000000 0.085938 0.000000 0.056105 0.109911 0.015402 0.092648
0 0.536875 0.008804 0.625303 0.027425 0.618731 0.076190 0.530303 0.057569
0 0.408690 0.739648 0.500916 0.758992 0.494500 0.806784 0.402274 0.787440
0 0.051746 0.012753 0.092187 0.025390 0.070312 0.134765 0.029871 0.122128
0 0.371647 0.875491 0.457012 0.902259 0.447883 0.947750 0.362518 0.920983
0 0.514841 0.138670 0.600896 0.168398 0.590547 0.215208 0.504492 0.185480
0 0.485321 0.240277 0.574646 0.248147 0.571897 0.296895 0.482572 0.289025
0 0.482032 0.292968 0.562299 0.310674 0.555024 0.362206 0.474757 0.344500
0 0.426800 0.558393 0.508846 0.585801 0.499262 0.630625 0.417217 0.603217
0 0.416833 0.675906 0.493438 0.695398 0.486775 0.736318 0.410170 0.716826
0 0.419508 0.617148 0.495052 0.640791 0.486589 0.683042 0.411045 0.659399
0 0.511186 0.086038 0.524731 0.125246 0.456240 0.162218 0.442695 0.123010
