0 0.741555 0.499268 0.837492 0.512665 0.832931 0.563692 0.736995 0.550295
0 0.416439 0.635737 0.512226 0.646526 0.508637 0.696305 0.412850 0.685516
0 0.707813 0.390625 0.798438 0.400390 0.794793 0.453237 0.704168 0.443472
0 0.873048 0.523180 0.964062 0.535156 0.959764 0.586194 0.868750 0.574218
0 0.582862 0.387437 0.675787 0.402362 0.671044 0.448501 0.578119 0.433576
0 0.439140 0.368084 0.534375 0.378906 0.531096 0.423988 0.435861 0.413166
0 0.851507 0.412030 0.934372 0.422872 0.930527 0.468786 0.847663 0.457944
0 0.964780 0.430163 0.998438 0.447859 0.998438 0.498047 0.952426 0.480351
0 0.176563 0.333984 0.267188 0.341796 0.264913 0.383020 0.174288 0.375208
0 0.317187 0.349609 0.387628 0.357614 0.384503 0.400583 0.314062 0.392578
1 0.728906 0.671875 0.998438 0.697462 0.998438 0.761719 0.725057 0.736132
