0 0.755458 0.453105 0.773533 0.585547 0.730240 0.594779 0.712165 0.462337
0 0.901504 0.872415 0.912500 0.992188 0.867246 0.998047 0.856250 0.878906
0 0.055044 0.245194 0.133048 0.298419 0.114724 0.340380 0.036720 0.287154
0 0.691727 0.899282 0.732812 0.998047 0.695015 0.998047 0.653930 0.923850
0 0.576554 0.206775 0.583616 0.311976 0.542172 0.316323 0.535110 0.211122
0 0.618750 0.699219 0.681250 0.792969 0.651280 0.824187 0.588781 0.730437
0 0.637500 0.539063 0.651562 0.656250 0.611984 0.663671 0.597922 0.546484
0 0.398913 0.655235 0.450475 0.756797 0.417187 0.783203 0.365625 0.681641
0 0.518908 0.535624 0.575320 0.623360 0.544684 0.654138 0.488272 0.566402
0 0.631247 0.119139 0.637502 0.227538 0.599249 0.230987 0.592994 0.122588
0 0.501713 0.203809 0.507963 0.313185 0.471875 0.316407 0.465625 0.207032
0 0.568546 0.369594 0.574796 0.475063 0.537500 0.478516 0.531250 0.373047
0 0.033650 0.000000 0.106250 0.029297 0.089758 0.072587 0.017158 0.029373
0 0.375000 0.285156 0.442401 0.355692 0.420312 0.388672 0.352911 0.318136
0 0.162499 0.220703 0.237500 0.265625 0.223039 0.303349 0.148038 0.258427
0 0.823456 0.086402 0.827333 0.178734 0.791446 0.181088 0.787569 0.088756
0 0.254304 0.150965 0.315906 0.201464 0.296742 0.237991 0.235140 0.187492
1 0.024147 0.123364 0.123711 0.190777 0.102689 0.239288 0.003125 0.171875
1 0.835917 0.865094 0.856251 0.998047 0.814109 0.998047 0.793775 0.875164
2 0.851192 0.407404 0.867188 0.611329 0.812870 0.617987 0.796875 0.414061
4 0.768661 0.194661 0.780507 0.339945 0.729005 0.346506 0.717159 0.201223
4 0.024147 0.123364 0.123711 0.190777 0.102689 0.239288 0.003125 0.171875
