0 0.869532 0.336914 0.876140 0.456697 0.830828 0.460604 0.824219 0.340821
0 0.855364 0.463452 0.885156 0.581054 0.844636 0.597094 0.814844 0.479492
0 0.741352 0.345706 0.744537 0.461140 0.699278 0.463090 0.696093 0.347656
0 0.642187 0.346681 0.685993 0.348709 0.682521 0.465880 0.638715 0.463851
0 0.756251 0.357422 0.800001 0.357422 0.800001 0.474610 0.756251 0.474610
0 0.669531 0.492187 0.711719 0.492187 0.711719 0.613281 0.669531 0.613281
0 0.922932 0.877665 0.933593 0.993165 0.890418 0.998047 0.879757 0.883892
0 0.741442 0.083000 0.782057 0.083832 0.780456 0.205900 0.739841 0.205068
0 0.910937 0.474609 0.956250 0.578125 0.918950 0.603637 0.873638 0.500121
0 0.300715 0.444813 0.316422 0.564577 0.275863 0.572889 0.260156 0.453125
0 0.366146 0.445130 0.380209 0.560365 0.338282 0.568359 0.324219 0.453125
0 0.998438 0.874156 0.998438 0.988190 0.983594 0.992188 0.972391 0.878155
0 0.638178 0.506342 0.652241 0.617670 0.610156 0.625976 0.596094 0.514648
0 0.439843 0.486327 0.446093 0.597656 0.404113 0.601339 0.397863 0.490010
0 0.723437 0.503906 0.765625 0.503906 0.765625 0.615234 0.723437 0.615234
0 0.326577 0.043979 0.328139 0.153355 0.285937 0.154297 0.284375 0.044921
0 0.932021 0.336625 0.937657 0.448364 0.897039 0.451565 0.891403 0.339826
0 0.544886 0.529124 0.577344 0.632812 0.541407 0.650390 0.508948 0.546702
0 0.810281 0.493992 0.818093 0.607273 0.780469 0.611328 0.772657 0.498047
0 0.593858 0.348816 0.632813 0.350587 0.629688 0.458008 0.590733 0.456237
0 0.673916 0.078752 0.711849 0.087913 0.696734 0.185708 0.658801 0.176547
0 0.755280 0.936544 0.767539 0.998047 0.730656 0.998047 0.718398 0.948030
0 0.842031 0.086353 0.853125 0.195313 0.818907 0.200757 0.807813 0.091797
0 0.401562 0.047851 0.401562 0.133789 0.359374 0.133789 0.359374 0.047851
0 0.233815 0.494293 0.252565 0.589996 0.217969 0.600587 0.199219 0.504884
0 0.451563 0.062500 0.454753 0.154208 0.417189 0.156250 0.413999 0.064542
0 0.479687 0.072266 0.515673 0.073184 0.514111 0.168886 0.478125 0.167968
