0 0.571152 0.960620 0.573547 0.998047 0.472708 0.998047 0.470313 0.970703
0 0.843705 0.046799 0.902429 0.145995 0.872787 0.173415 0.814063 0.074218
0 0.912372 0.156825 0.973309 0.264247 0.945312 0.289062 0.884375 0.181641
0 0.136322 0.204089 0.156250 0.242188 0.075000 0.308593 0.055072 0.270495
0 0.342125 0.326719 0.365563 0.365782 0.295313 0.431641 0.271875 0.392578
0 0.298043 0.030003 0.323900 0.067865 0.258669 0.137471 0.232812 0.099609
0 0.365577 0.655205 0.401563 0.658204 0.395313 0.775391 0.359327 0.772392
0 0.771334 0.000000 0.832188 0.044532 0.808354 0.074821 0.747500 0.000000
0 0.895312 0.251953 0.951771 0.338210 0.923438 0.367187 0.866979 0.280930
0 0.198437 0.324219 0.223887 0.356826 0.159825 0.434951 0.134375 0.402344
0 0.355751 0.030413 0.415126 0.130022 0.389063 0.154297 0.329688 0.054688
0 0.780098 0.058662 0.833451 0.145874 0.804917 0.173150 0.751563 0.085938
0 0.565625 0.832031 0.568891 0.876937 0.482813 0.886719 0.479547 0.841813
0 0.839063 0.160156 0.893372 0.246013 0.865625 0.273438 0.811316 0.187581
0 0.368312 0.976552 0.447656 0.978535 0.447312 0.998047 0.367968 0.998047
0 0.440689 0.000000 0.492252 0.074330 0.464063 0.099609 0.412500 0.009766
0 0.260938 0.671875 0.296942 0.673574 0.293750 0.779297 0.257746 0.777599
0 0.134108 0.000000 0.190358 0.061594 0.164062 0.087890 0.107812 0.000000
0 0.510937 0.214844 0.562596 0.297867 0.534471 0.325210 0.482812 0.242187
0 0.676389 0.213154 0.698264 0.250263 0.632813 0.310546 0.610938 0.273437
0 0.567975 0.018425 0.591399 0.051887 0.528125 0.121094 0.504701 0.087631
0 0.358816 0.132528 0.379687 0.169922 0.312500 0.228516 0.291629 0.191121
0 0.571875 0.890625 0.672339 0.892587 0.671875 0.929688 0.571411 0.927725
0 0.235937 0.685547 0.243750 0.792969 0.209375 0.796875 0.201562 0.689453
0 0.599999 0.058594 0.621444 0.090613 0.553125 0.162110 0.531680 0.130092
0 0.331884 0.082596 0.351563 0.117188 0.281250 0.179688 0.261571 0.145096
0 0.645857 0.157117 0.665625 0.193359 0.596875 0.251953 0.577107 0.215711
0 0.765850 0.341570 0.787500 0.375001 0.721650 0.441634 0.700000 0.408203
0 0.045771 0.044053 0.067188 0.078125 0.001563 0.142579 0.000000 0.108507
0 0.546430 0.173948 0.594868 0.263792 0.567188 0.287110 0.518750 0.197266
0 0.670313 0.830079 0.674375 0.870704 0.586875 0.884376 0.582813 0.843751
0 0.825130 0.252283 0.845312 0.285156 0.776432 0.351233 0.756250 0.318360
0 0.158371 0.289472 0.180691 0.323810 0.117633 0.387854 0.095313 0.353516
0 0.084917 0.087886 0.104687 0.121094 0.035395 0.185552 0.015625 0.152344
0 0.848901 0.544833 0.850000 0.583984 0.758911 0.587979 0.757812 0.548828
0 0.186269 0.084978 0.204688 0.119141 0.132812 0.179688 0.114394 0.145525
0 0.852050 0.296042 0.873438 0.328124 0.807813 0.396484 0.786424 0.364402
0 0.548622 0.000000 0.554968 0.026473 0.476658 0.049437 0.470312 0.015624
0 0.664203 0.945296 0.667187 0.986328 0.581109 0.996110 0.578125 0.955078
0 0.921402 0.391059 0.940626 0.423827 0.870313 0.488281 0.851089 0.455513
0 0.717024 0.072069 0.737500 0.103516 0.670313 0.171875 0.649836 0.140428
0 0.421858 0.140595 0.470523 0.228898 0.443750 0.251953 0.395085 0.163650
0 0.716321 0.000000 0.771874 0.044922 0.749303 0.072097 0.693750 0.000000
0 0.889063 0.345703 0.909867 0.374445 0.844241 0.448664 0.823438 0.419922
0 0.672219 0.567461 0.676907 0.608477 0.595313 0.623047 0.590625 0.582031
0 0.675619 0.000000 0.694296 0.014603 0.624999 0.078126 0.606322 0.046289
0 0.412500 0.646484 0.443827 0.648620 0.439140 0.756042 0.407813 0.753906
0 0.624438 0.108438 0.643750 0.140625 0.576750 0.203438 0.557438 0.171251
0 0.460938 0.117188 0.512500 0.203125 0.487500 0.226562 0.435938 0.140625
0 0.742851 0.118922 0.762500 0.150390 0.696211 0.215062 0.676562 0.183594
0 0.768750 0.164062 0.787774 0.195049 0.720312 0.259766 0.701288 0.228779
0 0.492187 0.082031 0.542188 0.166016 0.516861 0.189575 0.466860 0.105590
0 0.664063 0.777344 0.667188 0.816407 0.584267 0.826772 0.581142 0.787710
0 0.605379 0.348983 0.625000 0.382812 0.561809 0.440079 0.542188 0.406250
0 0.976011 0.068901 0.995313 0.099609 0.929687 0.164063 0.910385 0.133355
0 0.696708 0.030682 0.714063 0.062500 0.645312 0.121094 0.627957 0.089276
0 0.915778 0.000000 0.923582 0.029000 0.842522 0.056926 0.834718 0.021532
0 0.086058 0.557843 0.117308 0.565655 0.101562 0.664063 0.070312 0.656250
0 0.582692 0.299580 0.600000 0.332031 0.532932 0.387921 0.515625 0.355469
0 0.331368 0.541301 0.364063 0.542969 0.360938 0.638672 0.328243 0.637003
0 0.129704 0.538719 0.160938 0.541016 0.156234 0.640969 0.125000 0.638673
0 0.467188 0.326172 0.485938 0.355469 0.420770 0.420636 0.402020 0.391339
0 0.190625 0.541016 0.214714 0.639379 0.185937 0.650390 0.161848 0.552027
0 0.433722 0.284432 0.450000 0.316406 0.381250 0.371094 0.364972 0.339120
0 0.021414 0.225672 0.046471 0.241948 0.013896 0.320303 0.000000 0.304027
0 0.302100 0.302319 0.318750 0.335938 0.252588 0.387135 0.235938 0.353516
0 0.254707 0.536720 0.285938 0.539063 0.281231 0.637108 0.250000 0.634765
0 0.932813 0.535156 0.934375 0.574218 0.856211 0.579104 0.854649 0.540042
0 0.409374 0.226562 0.427282 0.257154 0.362500 0.316406 0.344593 0.285814
0 0.000000 0.550781 0.028192 0.553658 0.021875 0.650391 0.000000 0.647514
0 0.272613 0.000000 0.290625 0.029297 0.227387 0.086049 0.209375 0.054687
0 0.031250 0.554688 0.062519 0.555485 0.060956 0.651188 0.029687 0.650390
0 0.325000 0.546876 0.328135 0.640950 0.296874 0.642578 0.293739 0.548504
0 0.100680 0.161522 0.117187 0.191406 0.050882 0.248634 0.034375 0.218750
0 0.384375 0.185547 0.400987 0.215954 0.335937 0.271485 0.319325 0.241078
0 0.239142 0.538737 0.243829 0.634441 0.214062 0.636719 0.209375 0.541015
0 0.421795 0.538737 0.451562 0.541015 0.446875 0.636719 0.417107 0.634441
0 0.217673 0.196726 0.237500 0.224609 0.180765 0.287648 0.160938 0.259765
0 0.410895 0.524689 0.412457 0.622345 0.384375 0.623047 0.382812 0.525391
0 0.247982 0.223122 0.265625 0.250000 0.204688 0.312500 0.187045 0.285622
0 0.268070 0.263005 0.286820 0.290349 0.229688 0.351563 0.210938 0.324219
0 0.203125 0.873047 0.203868 0.912041 0.138243 0.913994 0.137500 0.875000
0 0.000000 0.500000 0.050950 0.518190 0.043051 0.552758 0.000000 0.534568
4 0.221523 0.110136 0.246875 0.150391 0.172227 0.223848 0.146875 0.183593
