0 0.968658 0.486920 0.998438 0.491475 0.990625 0.613282 0.957830 0.608726
0 0.955400 0.690201 0.998438 0.776139 0.992188 0.810547 0.926563 0.724610
0 0.513135 0.802706 0.540625 0.843750 0.473438 0.914062 0.445947 0.873018
0 0.647003 0.907994 0.707813 0.998047 0.677997 0.998047 0.617188 0.939452
0 0.095973 0.159464 0.118750 0.193359 0.040625 0.275390 0.017848 0.241495
0 0.066011 0.114821 0.089063 0.148438 0.012115 0.230883 0.000000 0.197266
0 0.027691 0.458240 0.082813 0.552734 0.051997 0.580822 0.000000 0.486328
0 0.221806 0.278823 0.287431 0.376479 0.260938 0.404297 0.195313 0.306641
0 0.669590 0.642257 0.696152 0.679366 0.631251 0.751953 0.604688 0.714844
0 0.123866 0.209301 0.146292 0.241647 0.070864 0.323361 0.048438 0.291015
0 0.767188 0.773438 0.790816 0.810357 0.720312 0.880860 0.696684 0.843941
0 0.548438 0.855469 0.575946 0.887398 0.514062 0.970703 0.486554 0.938774
0 0.046340 0.301361 0.070313 0.335937 0.000000 0.412109 0.000000 0.377533
0 0.780469 0.368164 0.850782 0.456055 0.826563 0.486328 0.756250 0.398437
0 0.585324 0.901724 0.609375 0.935547 0.539062 0.998047 0.515011 0.979849
0 0.395048 0.814317 0.418750 0.851562 0.350000 0.919922 0.326298 0.882676
0 0.998438 0.053215 0.998438 0.081393 0.971875 0.169921 0.943050 0.141743
0 0.430661 0.479523 0.485937 0.568359 0.456839 0.596650 0.401563 0.507813
0 0.959647 0.785551 0.998438 0.869920 0.998438 0.900391 0.934081 0.816022
0 0.367091 0.488143 0.432813 0.582031 0.407813 0.609375 0.342091 0.515487
0 0.234219 0.578311 0.259374 0.611328 0.193749 0.689453 0.168594 0.656436
0 0.293750 0.671874 0.317894 0.706024 0.250706 0.780243 0.226562 0.746094
0 0.456931 0.910716 0.479688 0.945313 0.409375 0.998047 0.386618 0.982981
0 0.796559 0.642099 0.820464 0.678383 0.753592 0.747221 0.729688 0.710937
0 0.989284 0.921939 0.998438 0.946232 0.946480 0.998047 0.928125 0.994141
0 0.564062 0.287109 0.587500 0.324218 0.520070 0.390761 0.496632 0.353652
0 0.851563 0.914062 0.878125 0.947265 0.817187 0.998047 0.790625 0.990235
0 0.668027 0.842595 0.728126 0.927734 0.701563 0.957031 0.641465 0.871892
0 0.389741 0.618438 0.413878 0.654821 0.348438 0.722656 0.324300 0.686272
0 0.423978 0.862755 0.445853 0.897912 0.375000 0.966797 0.353125 0.931640
0 0.174219 0.311524 0.200000 0.343750 0.138281 0.420898 0.112500 0.388672
0 0.700000 0.683594 0.725781 0.715820 0.664062 0.792968 0.638281 0.760742
0 0.817481 0.866782 0.842188 0.898437 0.778125 0.976562 0.753418 0.944907
0 0.212175 0.535498 0.234375 0.568359 0.164063 0.642578 0.141863 0.609717
0 0.292495 0.391083 0.358120 0.488739 0.334375 0.513671 0.268750 0.416015
0 0.885016 0.325411 0.909375 0.357422 0.844672 0.434355 0.820313 0.402344
0 0.853766 0.280489 0.878125 0.312500 0.813422 0.389433 0.789063 0.357422
0 0.512500 0.718750 0.573437 0.804688 0.547802 0.833090 0.486865 0.747152
0 0.886718 0.602539 0.951562 0.683594 0.927344 0.713867 0.862500 0.632812
0 0.015676 0.260218 0.043838 0.270996 0.019954 0.368512 0.000000 0.357735
0 0.935938 0.574219 0.996875 0.660157 0.971340 0.688449 0.910402 0.602511
0 0.427695 0.106816 0.452694 0.141972 0.390626 0.210938 0.365626 0.175782
0 0.277414 0.073045 0.301562 0.107422 0.237500 0.177735 0.213352 0.143358
0 0.583570 0.811940 0.643064 0.897749 0.617188 0.925782 0.557694 0.839973
0 0.036086 0.031317 0.039195 0.077949 0.000000 0.082031 0.000000 0.035399
0 0.607739 0.749896 0.665644 0.832058 0.639063 0.861328 0.581158 0.779166
0 0.892676 0.697735 0.953125 0.781250 0.927636 0.810077 0.867187 0.726562
0 0.894050 0.780834 0.918750 0.812500 0.856250 0.888672 0.831551 0.857006
0 0.436921 0.287923 0.460937 0.320313 0.396875 0.394531 0.372859 0.362141
0 0.317845 0.507032 0.342188 0.539063 0.279031 0.614062 0.254688 0.582031
0 0.452318 0.715962 0.475000 0.748046 0.407812 0.822265 0.385130 0.790181
0 0.720313 0.535156 0.745313 0.566406 0.684375 0.642578 0.659375 0.611328
0 0.865445 0.732636 0.889062 0.763672 0.824999 0.839844 0.801382 0.808808
0 0.417188 0.666016 0.441406 0.696289 0.378906 0.774414 0.354688 0.744141
0 0.109375 0.396484 0.132813 0.429687 0.068887 0.500194 0.045449 0.466991
0 0.930611 0.831130 0.953125 0.867187 0.888139 0.930588 0.865625 0.894531
0 0.765625 0.589844 0.789555 0.620544 0.726563 0.697266 0.702633 0.666566
0 0.360938 0.386719 0.420313 0.462891 0.394972 0.493755 0.335597 0.417583
0 0.611818 0.374091 0.635938 0.406250 0.573828 0.479035 0.549708 0.446876
0 0.858435 0.077477 0.881250 0.107422 0.815625 0.185547 0.792810 0.155602
0 0.718437 0.274609 0.774687 0.356640 0.748437 0.384765 0.692187 0.302734
0 0.176115 0.491241 0.198438 0.523438 0.132230 0.595163 0.109906 0.562966
0 0.136589 0.444021 0.160026 0.477224 0.096875 0.546875 0.073438 0.513672
0 0.865625 0.482422 0.926563 0.564453 0.902231 0.592696 0.841293 0.510665
0 0.826563 0.693360 0.851562 0.724609 0.792187 0.798828 0.767187 0.767578
0 0.342188 0.160157 0.367187 0.191407 0.307812 0.265625 0.282812 0.234375
0 0.829430 0.606854 0.889063 0.689453 0.864320 0.717364 0.804687 0.634765
0 0.239062 0.201172 0.293863 0.284351 0.267300 0.311695 0.212500 0.228515
0 0.525001 0.232422 0.546851 0.267183 0.481225 0.331637 0.459375 0.296875
0 0.767368 0.515886 0.825180 0.599871 0.800000 0.626954 0.742188 0.542969
0 0.960353 0.875674 0.984374 0.908203 0.923437 0.978516 0.899415 0.945987
0 0.717159 0.930747 0.796217 0.973481 0.783746 0.998047 0.704687 0.966797
0 0.680083 0.489655 0.706250 0.517578 0.651167 0.598235 0.625000 0.570312
0 0.993750 0.208984 0.998438 0.242032 0.954384 0.310392 0.931250 0.277344
0 0.643309 0.415557 0.666746 0.446807 0.604688 0.519531 0.581250 0.488281
0 0.818750 0.519532 0.878906 0.594727 0.854688 0.625000 0.794531 0.549805
0 0.361561 0.768414 0.383436 0.797711 0.317187 0.875000 0.295312 0.845703
0 0.601563 0.554687 0.623816 0.585511 0.559375 0.658203 0.537122 0.627379
0 0.298097 0.292497 0.356250 0.373047 0.331591 0.400863 0.273438 0.320313
0 0.648437 0.345703 0.706250 0.425781 0.681507 0.453693 0.623694 0.373615
0 0.706250 0.431641 0.765625 0.509766 0.741562 0.538341 0.682187 0.460216
0 0.149762 0.264239 0.170312 0.294922 0.101800 0.366621 0.081250 0.335938
0 0.076007 0.354156 0.100000 0.386719 0.040625 0.455078 0.016632 0.422515
0 0.303748 0.112440 0.328125 0.140625 0.269690 0.219592 0.245313 0.191407
0 0.922170 0.372528 0.943750 0.402343 0.878125 0.476562 0.856544 0.446747
0 0.469044 0.331513 0.490625 0.361328 0.425000 0.435547 0.403419 0.405732
0 0.622970 0.213439 0.679688 0.289063 0.654688 0.318359 0.597970 0.242735
0 0.587232 0.332528 0.609375 0.363281 0.545580 0.435050 0.523437 0.404297
0 0.492495 0.374625 0.515625 0.404297 0.454379 0.478891 0.431250 0.449219
0 0.933733 0.141366 0.957812 0.169922 0.899079 0.247306 0.875000 0.218750
0 0.485386 0.573124 0.542663 0.655735 0.518214 0.682221 0.460937 0.599610
0 0.323438 0.724610 0.345986 0.755081 0.283486 0.827346 0.260938 0.796875
0 0.377452 0.203904 0.400000 0.234375 0.337500 0.306640 0.314952 0.276169
0 0.543750 0.464843 0.565078 0.496993 0.500000 0.564452 0.478671 0.532303
0 0.772500 0.148828 0.792938 0.182891 0.726688 0.245000 0.706251 0.210937
0 0.949829 0.414163 0.973438 0.445313 0.914063 0.515625 0.890454 0.484475
0 0.499231 0.940479 0.507813 0.976563 0.427748 0.998047 0.419166 0.970232
0 0.359112 0.560333 0.380987 0.589630 0.317188 0.664063 0.295313 0.634766
0 0.572937 0.506470 0.595313 0.535157 0.532813 0.611328 0.510437 0.582642
0 0.641406 0.598633 0.664062 0.626953 0.602344 0.704101 0.579688 0.675781
0 0.546827 0.661635 0.601563 0.744140 0.576611 0.770005 0.521875 0.687500
0 0.728441 0.732036 0.751562 0.761718 0.692187 0.833984 0.669066 0.804302
0 0.634137 0.948116 0.640169 0.982952 0.560929 0.998047 0.554898 0.969554
0 0.954248 0.184438 0.979688 0.212891 0.926563 0.287110 0.901123 0.258657
0 0.986372 0.464286 0.998438 0.494140 0.955816 0.565011 0.931250 0.535156
0 0.521893 0.419623 0.542188 0.449219 0.476563 0.519531 0.456268 0.489935
0 0.676562 0.304687 0.734375 0.384765 0.711438 0.410639 0.653626 0.330561
0 0.593843 0.254051 0.645406 0.334129 0.620313 0.359375 0.568750 0.279297
0 0.238080 0.401221 0.259955 0.432471 0.200000 0.498047 0.178125 0.466797
0 0.296579 0.000000 0.301562 0.019532 0.215921 0.037374 0.210938 0.000000
0 0.731250 0.101563 0.753125 0.128906 0.693750 0.203125 0.671875 0.175781
0 0.269260 0.630337 0.287500 0.658203 0.218750 0.728515 0.200510 0.700649
0 0.797456 0.204479 0.817187 0.234375 0.754106 0.299427 0.734375 0.269531
0 0.620392 0.148739 0.639062 0.177734 0.573358 0.243839 0.554688 0.214844
0 0.586220 0.095307 0.607812 0.123047 0.550000 0.193359 0.528408 0.165619
0 0.904297 0.117566 0.923437 0.148438 0.860937 0.208984 0.841797 0.178112
0 0.825193 0.247844 0.843750 0.275390 0.784376 0.337890 0.765818 0.310344
2 0.111358 0.871202 0.130846 0.928447 0.000000 0.998047 0.000000 0.940802
4 0.979020 0.237376 0.998438 0.258189 0.953125 0.390626 0.922121 0.369813
