0 0.856250 0.781249 0.868770 0.933841 0.825000 0.939453 0.812480 0.786861
0 0.923789 0.640516 0.928125 0.759766 0.890773 0.761888 0.886437 0.642639
0 0.865625 0.640625 0.873438 0.757812 0.836067 0.761705 0.828255 0.644518
0 0.759659 0.650374 0.764063 0.771484 0.728199 0.773522 0.723795 0.652412
0 0.778125 0.650390 0.814063 0.650390 0.814063 0.767578 0.778125 0.767578
0 0.572612 0.792881 0.581250 0.906251 0.548438 0.910157 0.539800 0.796787
0 0.569125 0.654368 0.573438 0.767579 0.540625 0.769532 0.536312 0.656321
0 0.400151 0.659472 0.429688 0.662110 0.423287 0.774122 0.393750 0.771485
2 0.071894 0.649740 0.129687 0.650391 0.128106 0.869792 0.070313 0.869141
2 0.369613 0.673088 0.384375 0.894531 0.328126 0.900391 0.313363 0.678947
2 0.479688 0.662110 0.492270 0.839053 0.450000 0.843750 0.437418 0.666807
