0 0.515537 0.526941 0.571112 0.621189 0.534829 0.654619 0.479254 0.560371
0 0.736040 0.474533 0.795321 0.572303 0.759890 0.605870 0.700609 0.508099
0 0.566106 0.000000 0.628906 0.100586 0.594050 0.133904 0.531250 0.031250
0 0.786408 0.269813 0.847464 0.361779 0.814036 0.396455 0.752981 0.304489
0 0.207676 0.028067 0.264843 0.132811 0.229044 0.163339 0.171877 0.058595
0 0.369515 0.815403 0.429694 0.910199 0.395271 0.944343 0.335092 0.849548
0 0.224847 0.477552 0.280430 0.570297 0.243911 0.604494 0.188328 0.511749
0 0.664941 0.374828 0.727343 0.471705 0.694187 0.505076 0.631785 0.408199
0 0.372398 0.197774 0.430501 0.298299 0.395306 0.330084 0.337203 0.229559
0 0.531093 0.668441 0.595325 0.768580 0.562671 0.801307 0.498439 0.701168
0 0.325917 0.861311 0.387500 0.956055 0.356441 0.987599 0.294858 0.892856
0 0.269534 0.436558 0.325781 0.541015 0.289840 0.571254 0.233593 0.466797
0 0.319197 0.713940 0.369186 0.820399 0.332025 0.847664 0.282036 0.741205
0 0.434272 0.302839 0.489260 0.399637 0.454080 0.430863 0.399092 0.334065
0 0.349286 0.371188 0.406248 0.465814 0.371796 0.498218 0.314834 0.403592
0 0.641272 0.111922 0.693753 0.205084 0.659372 0.235346 0.606891 0.142184
0 0.596041 0.145415 0.650729 0.241118 0.615625 0.272461 0.560937 0.176758
0 0.507547 0.222973 0.561719 0.320313 0.525781 0.351563 0.471610 0.254223
0 0.406901 0.161918 0.465774 0.258329 0.433587 0.289040 0.374714 0.192629
0 0.708207 0.844483 0.757030 0.934716 0.722261 0.964111 0.673438 0.873878
0 0.713802 0.037893 0.771875 0.131836 0.737500 0.165039 0.679427 0.071096
0 0.825997 0.230855 0.887501 0.332029 0.856035 0.361917 0.794531 0.260743
0 0.489795 0.713222 0.549214 0.808600 0.516456 0.840488 0.457036 0.745110
0 0.054332 0.189206 0.109376 0.283567 0.076562 0.313476 0.021518 0.219115
0 0.388244 0.644172 0.445858 0.738195 0.413864 0.768828 0.356250 0.674805
0 0.746622 0.812040 0.797656 0.909164 0.765036 0.935946 0.714002 0.838822
0 0.204123 0.340869 0.259375 0.431640 0.225933 0.463447 0.170681 0.372675
0 0.546332 0.488388 0.607205 0.587103 0.577106 0.616104 0.516233 0.517389
0 0.651369 0.552309 0.713868 0.642152 0.682031 0.676758 0.619532 0.586914
0 0.041532 0.481530 0.096219 0.579186 0.061718 0.609374 0.007031 0.511718
0 0.271921 0.751514 0.323486 0.850146 0.288281 0.878904 0.236716 0.780272
0 0.456234 0.750954 0.523438 0.844727 0.493766 0.877952 0.426562 0.784179
0 0.304520 0.403339 0.362333 0.497089 0.328906 0.529297 0.271093 0.435547
0 0.547026 0.187761 0.602706 0.287485 0.569554 0.316407 0.513874 0.216683
0 0.788278 0.770472 0.841407 0.871094 0.807036 0.899451 0.753907 0.798828
0 0.949538 0.121184 0.998438 0.217436 0.966702 0.246643 0.914843 0.150391
0 0.147869 0.731178 0.203929 0.827171 0.171625 0.856648 0.115566 0.760655
0 0.862005 0.359257 0.908012 0.458377 0.871949 0.484531 0.825942 0.385411
0 0.532141 0.052155 0.587489 0.147480 0.554579 0.177336 0.499231 0.082012
0 0.185806 0.524400 0.248443 0.616227 0.219186 0.647408 0.156549 0.555581
0 0.691848 0.509522 0.751452 0.605583 0.720320 0.635765 0.660716 0.539705
0 0.584455 0.466616 0.643755 0.549776 0.613185 0.583836 0.553885 0.500676
0 0.067968 0.627930 0.125781 0.727540 0.093886 0.756464 0.036073 0.656855
0 0.572585 0.630283 0.631932 0.721164 0.600765 0.752965 0.541418 0.662084
0 0.784831 0.443202 0.838419 0.539740 0.806713 0.567240 0.753125 0.470702
0 0.676569 0.076201 0.735092 0.166408 0.704680 0.197237 0.646156 0.107030
0 0.624901 0.418770 0.686717 0.504898 0.656205 0.539116 0.594389 0.452988
0 0.131262 0.422116 0.181071 0.506248 0.145142 0.539484 0.095333 0.455352
0 0.466394 0.568068 0.523460 0.657221 0.492086 0.688600 0.435020 0.599447
0 0.616069 0.588444 0.667969 0.683593 0.633594 0.712890 0.581694 0.617741
0 0.288678 0.274766 0.342975 0.364209 0.312605 0.393014 0.258309 0.303571
0 0.708594 0.342773 0.765866 0.434250 0.733594 0.465821 0.676322 0.374344
0 0.248377 0.305063 0.300781 0.403320 0.267247 0.431265 0.214843 0.333008
0 0.106736 0.581170 0.162986 0.672967 0.130468 0.704102 0.074218 0.612305
0 0.241846 0.001734 0.299995 0.097667 0.269872 0.126196 0.211723 0.030263
0 0.205319 0.844471 0.257629 0.934005 0.224185 0.964535 0.171875 0.875001
0 0.784168 0.000000 0.841397 0.047980 0.811862 0.080705 0.754633 0.000000
0 0.972504 0.091989 0.998438 0.185148 0.998437 0.213675 0.942239 0.120516
0 0.334932 0.241542 0.390622 0.331058 0.358818 0.361974 0.303128 0.272458
0 0.466622 0.273226 0.523498 0.364633 0.493642 0.393660 0.436766 0.302253
0 0.899148 0.331008 0.956987 0.416924 0.928143 0.447264 0.870304 0.361348
0 0.088880 0.149888 0.148432 0.242192 0.118230 0.272638 0.058678 0.180334
0 0.902389 0.157970 0.957813 0.249023 0.925737 0.279530 0.870313 0.188476
0 0.396866 0.336478 0.445313 0.431641 0.410938 0.458984 0.362491 0.363821
0 0.156249 0.370117 0.210937 0.465820 0.179159 0.494193 0.124471 0.398490
0 0.487499 0.086914 0.543017 0.174156 0.510937 0.206054 0.455419 0.118812
0 0.929273 0.681650 0.973126 0.785368 0.939164 0.807804 0.895312 0.704086
0 0.352994 0.681404 0.404192 0.774018 0.372297 0.801568 0.321098 0.708954
0 0.747514 0.000000 0.803150 0.082047 0.772656 0.111318 0.717021 0.020759
0 0.085156 0.467773 0.143516 0.558468 0.113282 0.588867 0.054922 0.498172
0 0.129507 0.110825 0.181232 0.203161 0.148935 0.231429 0.097210 0.139093
0 0.985150 0.516526 0.998438 0.559061 0.925788 0.612296 0.907198 0.569760
0 0.415589 0.777228 0.474219 0.864258 0.444532 0.895508 0.385901 0.808478
0 0.601118 0.000000 0.659605 0.057238 0.631908 0.086500 0.573421 0.000000
0 0.568245 0.915182 0.614434 0.998047 0.582092 0.998047 0.535902 0.943351
0 0.834544 0.761828 0.893919 0.845813 0.864845 0.877930 0.805469 0.793945
0 0.166202 0.074310 0.220132 0.160983 0.189086 0.191167 0.135156 0.104493
0 0.745249 0.313382 0.803906 0.401368 0.775781 0.430665 0.717124 0.342678
0 0.444531 0.121094 0.497656 0.218750 0.467569 0.244324 0.414444 0.146668
0 0.815501 0.405330 0.868590 0.495228 0.839043 0.522492 0.785954 0.432594
0 0.878240 0.726809 0.933594 0.814454 0.903906 0.843750 0.848552 0.756106
0 0.861232 0.196159 0.910935 0.275456 0.880956 0.304817 0.831253 0.225520
0 0.021578 0.228435 0.068747 0.315434 0.036104 0.343087 0.000000 0.256088
0 0.991778 0.641567 0.998438 0.730962 0.998438 0.753885 0.958740 0.664491
0 0.279784 0.000000 0.331042 0.043910 0.300476 0.076085 0.249218 0.000000
0 0.945313 0.274414 0.998438 0.354492 0.975106 0.386100 0.917293 0.306022
0 0.436118 0.613632 0.481428 0.702501 0.449999 0.727540 0.404688 0.638671
0 0.699223 0.721664 0.726569 0.755831 0.673433 0.822282 0.646087 0.788115
0 0.618733 0.908243 0.662186 0.989588 0.632471 0.998047 0.589018 0.933044
0 0.655264 0.000000 0.707880 0.031191 0.682288 0.064044 0.629672 0.000000
0 0.152327 0.565400 0.198146 0.643104 0.170383 0.668684 0.124564 0.590980
0 0.664343 0.886734 0.705468 0.965820 0.677843 0.988266 0.636718 0.909180
