0 0.063268 0.744192 0.064372 0.800772 0.000000 0.802734 0.000000 0.746154
0 0.467187 0.541015 0.470312 0.595703 0.379593 0.603803 0.376468 0.549115
0 0.909416 0.167916 0.910157 0.220703 0.818710 0.222708 0.817969 0.169921
0 0.732812 0.896484 0.775000 0.896484 0.775000 0.998047 0.732812 0.998047
0 0.150000 0.561524 0.151209 0.608350 0.054334 0.612256 0.053125 0.565430
0 0.331527 0.552652 0.332812 0.597656 0.243473 0.601644 0.242188 0.556640
0 0.420359 0.212780 0.424219 0.257812 0.335891 0.269642 0.332031 0.224610
1 0.787500 0.257813 0.859384 0.359763 0.582822 0.664451 0.510938 0.562501
1 0.450046 0.732258 0.451562 0.800781 0.112500 0.812500 0.110984 0.743977
1 0.426562 0.642578 0.428406 0.712880 0.237500 0.720703 0.235656 0.650402
1 0.189420 0.656138 0.190625 0.714844 0.068750 0.718750 0.067545 0.660044
1 0.276883 0.011708 0.278125 0.068360 0.164063 0.072266 0.162821 0.015614
4 0.116028 0.228499 0.117337 0.279228 0.018750 0.283203 0.017441 0.232474
4 0.206354 0.122516 0.207916 0.173297 0.115624 0.177734 0.114062 0.126953
