0 0.475000 0.484375 0.515000 0.509375 0.467188 0.628907 0.427188 0.603907
0 0.702682 0.000000 0.728124 0.000000 0.650442 0.085112 0.625000 0.048828
0 0.535519 0.268342 0.574582 0.291780 0.534375 0.396484 0.495312 0.373046
0 0.384686 0.428839 0.420313 0.449218 0.377814 0.565302 0.342188 0.544922
0 0.593750 0.109375 0.627383 0.128946 0.585196 0.242227 0.551563 0.222656
0 0.923925 0.000000 0.958544 0.000000 0.915137 0.094817 0.880518 0.070054
0 0.457812 0.189453 0.495566 0.210217 0.460938 0.308593 0.423184 0.287829
0 0.965006 0.022231 0.998438 0.023452 0.995959 0.149109 0.962107 0.147888
0 0.521875 0.039062 0.554198 0.058162 0.513573 0.165584 0.481250 0.146484
0 0.877163 0.000000 0.889969 0.019410 0.829992 0.053147 0.817187 0.017579
2 0.612957 0.847741 0.825000 0.941406 0.807355 0.998047 0.595312 0.910156
