0 0.423437 0.382812 0.471875 0.382812 0.471875 0.531250 0.423437 0.531250
0 0.548845 0.145489 0.655112 0.150803 0.653125 0.212891 0.546858 0.207577
0 0.554688 0.072265 0.662501 0.072265 0.662501 0.130859 0.554688 0.130859
0 0.382812 0.744142 0.385937 0.884766 0.340530 0.886343 0.337405 0.745718
0 0.556018 0.478621 0.662268 0.482528 0.660938 0.539062 0.554688 0.535156
0 0.663386 0.677718 0.664062 0.734375 0.558489 0.736344 0.557812 0.679688
0 0.660441 0.345731 0.662500 0.402344 0.559375 0.408203 0.557316 0.351590
0 0.802642 0.399902 0.874517 0.491698 0.842188 0.531250 0.770313 0.439454
0 0.431249 0.105469 0.473437 0.105469 0.473437 0.233399 0.431249 0.233399
0 0.557812 0.605469 0.654687 0.607422 0.653932 0.665969 0.557056 0.664016
0 0.160986 0.271582 0.206250 0.273437 0.203076 0.394434 0.157812 0.392579
0 0.552357 0.406234 0.644545 0.408187 0.643751 0.466796 0.551563 0.464843
0 0.361986 0.117047 0.372023 0.234146 0.326562 0.240235 0.316525 0.123136
0 0.651284 0.282772 0.656250 0.333985 0.553124 0.349610 0.548158 0.298397
0 0.791184 0.604263 0.863059 0.678482 0.835156 0.720703 0.763281 0.646484
0 0.856086 0.306492 0.934375 0.376953 0.909540 0.420070 0.831251 0.349609
0 0.896285 0.263278 0.969722 0.343356 0.942187 0.382812 0.868749 0.302734
0 0.646469 0.218680 0.648438 0.269531 0.550407 0.275460 0.548438 0.224609
0 0.819218 0.359362 0.898905 0.435534 0.875000 0.474609 0.795313 0.398437
0 0.655521 0.003854 0.656249 0.056640 0.565625 0.058594 0.564897 0.005807
0 0.471817 0.250003 0.475000 0.357422 0.432871 0.359373 0.429688 0.251954
0 0.081386 0.287103 0.082919 0.337886 0.000000 0.341797 0.000000 0.291014
0 0.000000 0.619140 0.076562 0.619140 0.076562 0.673828 0.000000 0.673828
0 0.076502 0.224691 0.078124 0.275391 0.000000 0.279297 0.000000 0.228597
