0 0.706730 0.808571 0.710938 0.945312 0.665752 0.947485 0.661544 0.810743
0 0.834374 0.777344 0.881250 0.777344 0.881250 0.902344 0.834374 0.902344
0 0.061292 0.500855 0.096875 0.533203 0.034376 0.640625 0.000000 0.608277
0 0.399999 0.019531 0.503124 0.019531 0.503124 0.074219 0.399999 0.074219
0 0.232688 0.391485 0.313938 0.467657 0.287500 0.511719 0.206251 0.435548
0 0.253414 0.212065 0.312496 0.309583 0.279494 0.340825 0.220412 0.243307
0 0.123547 0.558755 0.151562 0.599610 0.073327 0.683433 0.045312 0.642578
0 0.800772 0.803890 0.802334 0.932796 0.760156 0.933595 0.758594 0.804688
0 0.154520 0.962665 0.260938 0.976562 0.257980 0.998047 0.151563 0.998047
0 0.809415 0.139666 0.854688 0.140625 0.853086 0.258772 0.807813 0.257813
0 0.404687 0.611328 0.509990 0.613322 0.509375 0.664062 0.404072 0.662068
0 0.151563 0.306641 0.231250 0.378907 0.205955 0.422489 0.126268 0.350223
0 0.640593 0.373586 0.643718 0.508352 0.604688 0.509766 0.601563 0.375000
0 0.000000 0.207032 0.080282 0.216319 0.076120 0.272534 0.000000 0.263247
0 0.399773 0.340021 0.498210 0.343927 0.496875 0.396485 0.398438 0.392579
0 0.171875 0.511719 0.251795 0.591231 0.226563 0.630859 0.146643 0.551347
0 0.593750 0.197266 0.635964 0.200670 0.629688 0.322266 0.587475 0.318862
0 0.401563 0.685547 0.516124 0.687536 0.515625 0.732421 0.401064 0.730432
0 0.491419 0.083899 0.492187 0.138672 0.399206 0.140711 0.398437 0.085938
0 0.200000 0.455078 0.281250 0.533204 0.257028 0.572564 0.175778 0.494438
0 0.495609 0.406361 0.496876 0.457031 0.396875 0.460937 0.395609 0.410267
0 0.494107 0.275361 0.496875 0.328125 0.401205 0.335967 0.398437 0.283203
0 0.082813 0.406250 0.156251 0.480469 0.129383 0.522008 0.055945 0.447789
0 0.878720 0.000000 0.912500 0.025390 0.854092 0.114625 0.820312 0.080078
0 0.498940 0.144491 0.501563 0.195312 0.404186 0.203165 0.401563 0.152344
0 0.117512 0.354988 0.192958 0.434404 0.167188 0.472656 0.091742 0.393240
0 0.400000 0.544922 0.500000 0.544922 0.500000 0.593750 0.400000 0.593750
0 0.081250 0.091796 0.176562 0.099609 0.173890 0.150556 0.078578 0.142743
0 0.601677 0.000000 0.645312 0.000000 0.637385 0.099199 0.593750 0.093750
0 0.901379 0.112664 0.906251 0.232422 0.865809 0.234992 0.860938 0.115234
0 0.935937 0.289063 0.998438 0.301049 0.998438 0.353557 0.930048 0.341572
0 0.631250 0.628906 0.634375 0.757812 0.596910 0.759232 0.593785 0.630326
0 0.497155 0.212815 0.498438 0.261719 0.401283 0.265701 0.400000 0.216797
0 0.399078 0.480449 0.495876 0.482433 0.495236 0.531281 0.398438 0.529297
0 0.155739 0.615964 0.182812 0.652344 0.114573 0.731692 0.087500 0.695313
0 0.029687 0.144531 0.123064 0.150466 0.121079 0.199267 0.027702 0.193332
0 0.998438 0.357421 0.998438 0.410103 0.943780 0.414061 0.941439 0.361379
0 0.128125 0.037109 0.217187 0.037109 0.217187 0.085937 0.128125 0.085937
0 0.198437 0.271484 0.268750 0.341797 0.244817 0.379192 0.174504 0.308879
0 0.201562 0.000000 0.292188 0.000000 0.292188 0.043914 0.201562 0.043914
0 0.193014 0.665158 0.215624 0.699219 0.141360 0.776248 0.118750 0.742187
0 0.499090 0.757703 0.500001 0.806640 0.429036 0.808703 0.428125 0.759766
2 0.707813 0.000000 0.765625 0.000000 0.765625 0.121093 0.707813 0.121093
