0 0.579883 0.716789 0.581250 0.771485 0.481055 0.775399 0.479688 0.720703
0 0.082812 0.327149 0.114151 0.442710 0.073438 0.459961 0.042099 0.344400
0 0.044592 0.531503 0.075811 0.562500 0.011298 0.664025 0.000000 0.633028
0 0.134416 0.309177 0.165625 0.421875 0.125000 0.439453 0.093791 0.326755
0 0.132812 0.707031 0.229687 0.707031 0.229687 0.759765 0.132812 0.759765
0 0.751563 0.675781 0.795354 0.676725 0.793751 0.792969 0.749960 0.792025
0 0.243751 0.316407 0.276563 0.437501 0.239101 0.453361 0.206289 0.332268
0 0.403906 0.555664 0.434456 0.589608 0.371094 0.678711 0.340544 0.644768
0 0.271875 0.191406 0.309123 0.213316 0.270313 0.316406 0.233065 0.294496
0 0.217188 0.195313 0.255779 0.210818 0.227654 0.320193 0.189063 0.304688
0 0.285995 0.000000 0.342969 0.059570 0.312443 0.089824 0.255469 0.000000
0 0.478637 0.558004 0.507031 0.588867 0.444531 0.678710 0.416137 0.647847
0 0.087500 0.708984 0.088836 0.755803 0.000000 0.759766 0.000000 0.712946
0 0.263070 0.708841 0.353695 0.712747 0.352344 0.761719 0.261719 0.757813
0 0.287188 0.319531 0.328125 0.421875 0.293750 0.443359 0.252813 0.341015
0 0.528423 0.556026 0.563468 0.577704 0.525019 0.674828 0.489974 0.653150
0 0.361646 0.000000 0.409375 0.064453 0.377416 0.090724 0.329687 0.000000
0 0.337500 0.193359 0.369894 0.213988 0.326562 0.320313 0.294168 0.299684
0 0.342248 0.316522 0.387561 0.427850 0.357032 0.447266 0.311719 0.335938
0 0.340625 0.559570 0.371532 0.586696 0.319969 0.678494 0.289062 0.651368
0 0.504803 0.304669 0.542187 0.403320 0.507395 0.423921 0.470011 0.325270
0 0.384374 0.199219 0.419297 0.217077 0.386120 0.318453 0.351197 0.300595
0 0.696875 0.109375 0.700111 0.155898 0.612593 0.165411 0.609357 0.118888
0 0.102344 0.197266 0.138341 0.214029 0.108654 0.313638 0.072657 0.296875
0 0.700781 0.166993 0.707031 0.215820 0.625615 0.232104 0.619365 0.183276
0 0.414694 0.000000 0.466416 0.050082 0.440796 0.076979 0.389074 0.000000
0 0.692960 0.043505 0.698438 0.088867 0.613290 0.104933 0.607812 0.059571
0 0.396875 0.325195 0.430738 0.423963 0.397925 0.441541 0.364062 0.342773
0 0.687048 0.000000 0.693031 0.022885 0.615358 0.040718 0.609375 0.000000
0 0.112208 0.000000 0.160937 0.069335 0.133104 0.093303 0.084375 0.004883
0 0.160938 0.205078 0.194418 0.223274 0.163168 0.313118 0.129688 0.294922
0 0.440625 0.203125 0.472999 0.221519 0.440625 0.310547 0.408251 0.292153
0 0.492707 0.191521 0.523438 0.205078 0.495313 0.304688 0.464582 0.291130
0 0.476985 0.000000 0.520313 0.048828 0.494892 0.072550 0.451563 0.000000
0 0.479587 0.000000 0.520313 0.072265 0.492289 0.091710 0.451563 0.000000
0 0.040658 0.000000 0.084375 0.050781 0.057780 0.075002 0.014063 0.000000
