0 0.899558 0.000000 0.921875 0.056641 0.882376 0.075004 0.860059 0.000000
0 0.401372 0.038872 0.471875 0.109375 0.445046 0.151296 0.374543 0.080793
0 0.764350 0.000000 0.785938 0.080078 0.746588 0.094173 0.725000 0.000000
0 0.020230 0.062486 0.075001 0.152344 0.042188 0.183594 0.000000 0.093736
0 0.483918 0.033606 0.559375 0.107422 0.536394 0.144128 0.460937 0.070312
0 0.334898 0.048251 0.401563 0.126953 0.375000 0.162109 0.308335 0.083407
0 0.267969 0.055664 0.332812 0.136719 0.307031 0.168946 0.242188 0.087891
0 0.837201 0.000000 0.848438 0.076171 0.809656 0.084253 0.798419 0.000000
0 0.559375 0.017578 0.618750 0.097656 0.592059 0.128578 0.532684 0.048500
0 0.075649 0.067159 0.137500 0.148438 0.111851 0.178935 0.050000 0.097656
0 0.619153 0.012073 0.679688 0.089843 0.654285 0.120739 0.593750 0.042969
0 0.206770 0.064962 0.265626 0.146484 0.240106 0.175272 0.181251 0.093750
0 0.679830 0.000000 0.742188 0.068360 0.718608 0.101203 0.656250 0.031250
0 0.142406 0.064227 0.195312 0.144531 0.168750 0.171875 0.115844 0.091571
