0 0.833165 0.674718 0.936065 0.692999 0.930624 0.740858 0.827724 0.722577
0 0.023931 0.314129 0.119803 0.330126 0.114351 0.381183 0.018479 0.365186
0 0.273437 0.525390 0.316013 0.536795 0.296874 0.648438 0.254299 0.637033
0 0.036938 0.636665 0.076101 0.645396 0.060032 0.758021 0.020869 0.749290
0 0.501622 0.693104 0.540201 0.700344 0.525896 0.819454 0.487317 0.812214
0 0.153144 0.511454 0.195408 0.516257 0.187500 0.625000 0.145236 0.620197
0 0.000000 0.481239 0.028013 0.487412 0.012435 0.597863 0.000000 0.591690
0 0.840597 0.617154 0.935278 0.631091 0.930965 0.676870 0.836284 0.662933
0 0.850000 0.556641 0.946814 0.566560 0.943750 0.613281 0.846936 0.603362
0 0.832812 0.437500 0.929688 0.447266 0.926683 0.493838 0.829808 0.484072
0 0.042187 0.498046 0.080259 0.504499 0.067759 0.619733 0.029687 0.613281
0 0.461732 0.558526 0.500943 0.565099 0.489200 0.674546 0.449989 0.667973
0 0.567113 0.398678 0.663988 0.414303 0.659375 0.458984 0.562500 0.443359
0 0.216325 0.523857 0.253125 0.531250 0.238363 0.646065 0.201563 0.638672
0 0.096670 0.504077 0.134375 0.509765 0.123438 0.623047 0.085733 0.617359
0 0.639062 0.525391 0.723437 0.582031 0.706866 0.620603 0.622491 0.563963
0 0.509375 0.564453 0.546875 0.564453 0.546875 0.675781 0.509375 0.675781
0 0.425517 0.687239 0.464580 0.691145 0.457813 0.796875 0.418750 0.792969
0 0.411158 0.536397 0.446875 0.541015 0.437500 0.654297 0.401783 0.649679
0 0.095312 0.636719 0.129937 0.641943 0.118750 0.757813 0.084125 0.752590
0 0.368819 0.667155 0.404688 0.671874 0.395313 0.783203 0.359444 0.778484
0 0.211091 0.652183 0.246875 0.656250 0.238909 0.765784 0.203125 0.761718
0 0.264439 0.665044 0.298438 0.671875 0.283999 0.784174 0.250000 0.777343
0 0.567058 0.600087 0.599253 0.607387 0.585926 0.699231 0.553731 0.691931
