0 0.785915 0.722632 0.829686 0.752147 0.781453 0.863912 0.737682 0.834398
0 0.648801 0.322095 0.739063 0.392596 0.716043 0.438647 0.625781 0.368146
0 0.600374 0.568536 0.638279 0.593739 0.592978 0.700198 0.555073 0.674995
0 0.736047 0.691191 0.775003 0.720706 0.727639 0.818387 0.688683 0.788872
0 0.774963 0.426792 0.851694 0.491361 0.829063 0.533382 0.752332 0.468813
0 0.401740 0.099431 0.458581 0.194352 0.425140 0.225641 0.368299 0.130720
0 0.509892 0.233272 0.589838 0.295898 0.568232 0.338994 0.488286 0.276368
0 0.689062 0.657227 0.725618 0.683210 0.679686 0.784179 0.643130 0.758196
0 0.071677 0.157534 0.104669 0.186502 0.054637 0.275538 0.021645 0.246570
0 0.038267 0.370108 0.077080 0.391831 0.045327 0.480478 0.006514 0.458755
0 0.888830 0.524218 0.965625 0.595703 0.943982 0.632032 0.867187 0.560547
0 0.365672 0.363193 0.393344 0.392865 0.333164 0.480559 0.305492 0.450887
0 0.257812 0.320312 0.292509 0.346335 0.250322 0.434226 0.215625 0.408203
0 0.840625 0.776367 0.874715 0.803123 0.831250 0.889649 0.797161 0.862893
0 0.489990 0.496749 0.524151 0.520884 0.483380 0.611051 0.449219 0.586915
0 0.162700 0.232458 0.196069 0.254770 0.162998 0.332052 0.129629 0.309740
0 0.949874 0.892481 0.978694 0.914497 0.935938 0.998047 0.907118 0.979937
0 0.651269 0.634326 0.679268 0.656945 0.636711 0.739258 0.608711 0.716639
0 0.311113 0.348150 0.337501 0.369140 0.292013 0.458490 0.265625 0.437500
0 0.528125 0.574219 0.554385 0.595191 0.517187 0.667969 0.490927 0.646997
4 0.907964 0.830896 0.942988 0.857868 0.892184 0.960946 0.857160 0.933974
4 0.447742 0.458389 0.478125 0.483399 0.435938 0.563477 0.405555 0.538467
