0 0.238633 0.253775 0.334495 0.277402 0.326315 0.329259 0.230453 0.305632
0 0.626562 0.880859 0.720312 0.898437 0.713986 0.951157 0.620236 0.933579
0 0.507152 0.855694 0.603907 0.879883 0.595974 0.929462 0.499219 0.905273
0 0.755023 0.898683 0.844086 0.918214 0.836719 0.970703 0.747656 0.951172
0 0.134959 0.788046 0.232030 0.807617 0.225977 0.854532 0.128906 0.834961
0 0.406786 0.841132 0.495849 0.858710 0.489844 0.906250 0.400781 0.888672
0 0.058026 0.000000 0.146875 0.000000 0.143536 0.028172 0.054688 0.011719
0 0.851136 0.629769 0.939062 0.653321 0.931677 0.696404 0.843750 0.672852
0 0.864957 0.924456 0.946207 0.943988 0.939843 0.985352 0.858593 0.965820
2 0.832056 0.096544 0.998438 0.135644 0.998437 0.207166 0.821917 0.168066
