0 0.231250 0.462891 0.231917 0.525406 0.114730 0.527359 0.114063 0.464844
0 0.000000 0.640625 0.092237 0.644595 0.090625 0.703125 0.000000 0.699155
0 0.795312 0.576172 0.882812 0.576172 0.882812 0.636719 0.795312 0.636719
0 0.232031 0.568359 0.328906 0.568359 0.328906 0.623047 0.232031 0.623047
0 0.486718 0.563477 0.585155 0.563477 0.585155 0.616211 0.486718 0.616211
0 0.378125 0.649414 0.378805 0.702135 0.281249 0.704102 0.280569 0.651381
0 0.296875 0.732422 0.390625 0.732422 0.390625 0.787110 0.296875 0.787110
0 0.745313 0.408203 0.834376 0.408203 0.834376 0.462891 0.745313 0.462891
0 0.000000 0.560407 0.064673 0.564491 0.062380 0.621233 0.000000 0.617149
0 0.857869 0.494138 0.859375 0.546875 0.771819 0.550784 0.770313 0.498047
0 0.196094 0.820313 0.283594 0.820313 0.283594 0.873047 0.196094 0.873047
0 0.845394 0.663916 0.846876 0.714844 0.757732 0.718896 0.756251 0.667968
0 0.423438 0.406250 0.506250 0.406250 0.506250 0.460938 0.423438 0.460938
0 0.551562 0.482422 0.645312 0.482422 0.645312 0.529297 0.551562 0.529297
0 0.097657 0.741211 0.186719 0.741211 0.186719 0.788086 0.097657 0.788086
0 0.374258 0.478513 0.450837 0.480466 0.450008 0.531255 0.373429 0.529302
0 0.954425 0.744985 0.957214 0.787988 0.898101 0.793979 0.895312 0.750976
1 0.000000 0.359337 0.172004 0.361330 0.171380 0.445351 0.000000 0.443358
