0 0.657823 0.173995 0.700000 0.174806 0.698428 0.302569 0.656250 0.301758
0 0.948438 0.880859 0.987500 0.880859 0.987500 0.998047 0.948438 0.998047
0 0.650839 0.507033 0.691406 0.507813 0.689843 0.634765 0.649276 0.633985
0 0.203906 0.776367 0.246094 0.776367 0.246094 0.893555 0.203906 0.893555
0 0.884339 0.701700 0.887509 0.826512 0.846875 0.828124 0.843705 0.703312
0 0.854687 0.334960 0.862500 0.463867 0.823425 0.467568 0.815612 0.338661
0 0.856252 0.560477 0.901563 0.562500 0.898436 0.671945 0.853125 0.669922
0 0.844531 0.885742 0.886719 0.885742 0.886718 0.998047 0.844531 0.998047
0 0.849204 0.111311 0.850781 0.219727 0.807046 0.220721 0.805469 0.112305
0 0.895312 0.116211 0.896874 0.225586 0.857796 0.226459 0.856234 0.117084
0 0.216406 0.389649 0.253922 0.390501 0.252360 0.497923 0.214844 0.497071
0 0.651562 0.792969 0.689078 0.793838 0.687500 0.900391 0.649984 0.899522
0 0.979702 0.689914 0.982827 0.797336 0.950000 0.798828 0.946875 0.691406
0 0.618654 0.000000 0.650000 0.000000 0.637596 0.057450 0.606250 0.046875
