0 0.912500 0.783203 0.998437 0.783203 0.998437 0.845703 0.912500 0.845703
0 0.740625 0.111328 0.841981 0.115415 0.840419 0.175962 0.739063 0.171875
0 0.834375 0.513672 0.934271 0.517700 0.932709 0.578246 0.832813 0.574218
0 0.590625 0.525390 0.595981 0.581465 0.491293 0.597090 0.485937 0.541015
0 0.323438 0.099610 0.418750 0.099610 0.418750 0.160157 0.323438 0.160157
0 0.302862 0.533925 0.317187 0.585938 0.219012 0.628185 0.204687 0.576172
0 0.826823 0.230338 0.828125 0.283203 0.723176 0.287240 0.721875 0.234375
0 0.493363 0.396417 0.495312 0.449218 0.393749 0.455078 0.391800 0.402276
0 0.000000 0.105304 0.079431 0.115389 0.075000 0.169922 0.000000 0.159837
0 0.569356 0.666056 0.674044 0.668009 0.673438 0.718750 0.568750 0.716797
0 0.448437 0.107421 0.542187 0.107421 0.542187 0.164062 0.448437 0.164062
0 0.055758 0.941058 0.058053 0.994125 0.000000 0.998047 0.000000 0.944980
0 0.626562 0.117188 0.723437 0.117188 0.723437 0.169922 0.626562 0.169922
0 0.995313 0.119140 0.998002 0.169567 0.904252 0.177380 0.901563 0.126953
0 0.943939 0.243995 0.945313 0.292969 0.852938 0.297021 0.851563 0.248047
0 0.573071 0.078252 0.630884 0.158330 0.601562 0.191406 0.543750 0.111328
2 0.696874 0.400391 0.932499 0.406282 0.931250 0.484375 0.695625 0.478484
