0 0.979592 0.100505 0.998438 0.106304 0.998438 0.255859 0.963640 0.250060
0 0.793750 0.582031 0.843750 0.591796 0.825042 0.741463 0.775042 0.731697
0 0.889062 0.699219 0.940625 0.712890 0.916962 0.852332 0.865399 0.838660
0 0.217840 0.000000 0.267188 0.000000 0.244477 0.115904 0.195130 0.100796
0 0.564450 0.206165 0.614063 0.216797 0.594926 0.356335 0.545313 0.345703
0 0.842761 0.244927 0.891199 0.252739 0.876562 0.394531 0.828125 0.386719
0 0.814063 0.423828 0.862500 0.431641 0.848017 0.571946 0.799580 0.564134
0 0.772536 0.755634 0.820313 0.767578 0.798438 0.904297 0.750661 0.892352
0 0.928494 0.432525 0.975000 0.441406 0.957812 0.582031 0.911306 0.573150
0 0.940625 0.273437 0.987548 0.278612 0.978125 0.412109 0.931202 0.406933
0 0.182813 0.384766 0.200000 0.513672 0.153125 0.523438 0.135938 0.394532
0 0.239094 0.238174 0.282813 0.257813 0.246844 0.382920 0.203126 0.363281
0 0.264246 0.047780 0.310937 0.060547 0.288848 0.186770 0.242157 0.174003
0 0.868550 0.858797 0.914062 0.869141 0.895312 0.998047 0.849800 0.987704
0 0.867187 0.078126 0.914062 0.089844 0.894531 0.211914 0.847656 0.200196
0 0.137926 0.911075 0.178467 0.929786 0.152778 0.998047 0.112237 0.998047
0 0.069273 0.867300 0.114063 0.876953 0.097915 0.994028 0.053125 0.984375
0 0.975000 0.402343 0.998438 0.402343 0.998438 0.538903 0.975000 0.538903
0 0.617203 0.494024 0.665625 0.503906 0.652755 0.602444 0.604333 0.592562
0 0.191736 0.164674 0.229687 0.173829 0.211388 0.292358 0.173437 0.283203
