0 0.270667 0.443624 0.320312 0.451172 0.305895 0.599344 0.256250 0.591796
0 0.984375 0.189453 0.998438 0.194087 0.998438 0.343751 0.969197 0.339117
0 0.301563 0.261719 0.350001 0.269531 0.335319 0.411757 0.286882 0.403945
0 0.250901 0.615460 0.296875 0.626953 0.273437 0.773438 0.227464 0.761944
0 0.953125 0.521484 0.998438 0.530031 0.981726 0.678112 0.935575 0.669565
0 0.296984 0.706303 0.345489 0.717563 0.325000 0.855469 0.276495 0.844209
0 0.900082 0.899693 0.946875 0.916016 0.924918 0.998047 0.878125 0.998047
0 0.329717 0.108269 0.376562 0.125000 0.348437 0.248047 0.301592 0.231316
0 0.309097 0.059443 0.325000 0.113282 0.223437 0.160157 0.207534 0.106318
0 0.971411 0.354392 0.998438 0.360394 0.998438 0.490234 0.958821 0.484232
0 0.924192 0.719960 0.965625 0.730469 0.943750 0.865234 0.902317 0.854726
0 0.315453 0.546474 0.359431 0.556654 0.340625 0.683594 0.296647 0.673414
0 0.224819 0.833158 0.271694 0.844877 0.253125 0.960938 0.206250 0.949219
0 0.284892 0.906663 0.324850 0.930501 0.289958 0.998047 0.250000 0.998047
0 0.828124 0.080078 0.878694 0.088234 0.869022 0.181936 0.818452 0.173780
