0 0.235938 0.746094 0.246882 0.918079 0.189062 0.923828 0.178118 0.751843
0 0.587362 0.629244 0.593750 0.794922 0.534512 0.798490 0.528124 0.632812
0 0.079252 0.781157 0.082813 0.941406 0.026562 0.943360 0.023001 0.783110
0 0.155857 0.550687 0.159375 0.708984 0.103125 0.710937 0.099607 0.552640
0 0.170296 0.780672 0.175001 0.939453 0.120330 0.941984 0.115625 0.783203
0 0.074741 0.523502 0.078125 0.675782 0.021875 0.677735 0.018491 0.525455
0 0.029717 0.335064 0.082813 0.335937 0.081221 0.487202 0.028125 0.486329
0 0.214063 0.328124 0.220313 0.470703 0.165703 0.474443 0.159453 0.331865
0 0.137500 0.287109 0.143751 0.437500 0.092246 0.440845 0.085996 0.290454
0 0.203125 0.119141 0.209465 0.259814 0.154687 0.263671 0.148347 0.122998
0 0.224992 0.532402 0.226562 0.685547 0.176570 0.686348 0.175000 0.533203
0 0.018750 0.136718 0.068750 0.136718 0.068750 0.287110 0.018750 0.287110
0 0.198266 0.000000 0.203125 0.062500 0.151692 0.068223 0.146833 0.000000
2 0.685853 0.131613 0.710938 0.486328 0.634421 0.494783 0.609336 0.140068
