0 0.596542 0.359881 0.616226 0.486002 0.574386 0.496205 0.554702 0.370084
0 0.299047 0.755371 0.312551 0.875286 0.269549 0.882853 0.256045 0.762938
0 0.542958 0.715492 0.553101 0.832136 0.511824 0.837744 0.501681 0.721100
0 0.476408 0.679324 0.489085 0.793925 0.447700 0.801078 0.435023 0.686477
0 0.728094 0.684504 0.735132 0.799835 0.693782 0.803778 0.686744 0.688447
0 0.369529 0.287103 0.382032 0.398430 0.343188 0.405247 0.330684 0.293920
0 0.218030 0.027565 0.231438 0.131548 0.191388 0.139617 0.177980 0.035634
0 0.450266 0.144761 0.474498 0.253156 0.438850 0.265607 0.414618 0.157212
0 0.359912 0.756763 0.371997 0.866277 0.332810 0.873033 0.320725 0.763519
0 0.427614 0.267534 0.444801 0.388628 0.409375 0.396484 0.392187 0.275390
0 0.344900 0.150527 0.360231 0.255278 0.323458 0.263687 0.308127 0.158936
0 0.418239 0.715168 0.425781 0.833008 0.386719 0.836914 0.379177 0.719074
0 0.373993 0.917979 0.383685 0.998047 0.343503 0.998047 0.333811 0.925579
0 0.379867 0.000000 0.393758 0.072332 0.353431 0.082891 0.339540 0.000000
0 0.272355 0.032928 0.285159 0.132803 0.245217 0.140804 0.232413 0.040929
0 0.282209 0.619066 0.296093 0.727539 0.257031 0.735352 0.243147 0.626879
0 0.448395 0.415698 0.462627 0.522435 0.428167 0.529614 0.413935 0.422877
0 0.397883 0.564536 0.407813 0.667969 0.368751 0.673828 0.358821 0.570395
0 0.526036 0.572302 0.540125 0.681880 0.506276 0.688680 0.492187 0.579102
0 0.307050 0.295932 0.320446 0.400422 0.285940 0.407334 0.272544 0.302844
0 0.492110 0.832111 0.501562 0.942382 0.465702 0.947185 0.456250 0.836914
0 0.233574 0.152240 0.242848 0.255850 0.208448 0.260660 0.199174 0.157050
0 0.246108 0.318378 0.258732 0.422954 0.224948 0.429326 0.212324 0.324750
0 0.559244 0.885699 0.573438 0.996094 0.539194 0.998047 0.525000 0.892578
0 0.290424 0.158952 0.301652 0.263524 0.265628 0.269568 0.254400 0.164996
0 0.324321 0.033897 0.338383 0.129600 0.303125 0.137695 0.289063 0.041992
0 0.429901 0.012705 0.450296 0.106834 0.415707 0.118543 0.395312 0.024414
0 0.396620 0.111582 0.410245 0.214821 0.376584 0.221762 0.362959 0.118523
0 0.500033 0.428865 0.516530 0.536892 0.484463 0.544543 0.467966 0.436517
0 0.436632 0.912135 0.444532 0.998047 0.410106 0.998047 0.402206 0.917081
0 0.310720 0.925775 0.318750 0.998047 0.284454 0.998047 0.276424 0.931729
0 0.640760 0.680492 0.653906 0.790039 0.621586 0.796099 0.608440 0.686552
0 0.380595 0.426731 0.394658 0.532200 0.361719 0.539063 0.347656 0.433594
0 0.343270 0.623888 0.351702 0.729279 0.318750 0.733398 0.310319 0.628007
0 0.481075 0.295672 0.496875 0.404298 0.465799 0.411360 0.449999 0.302735
0 0.963379 0.169782 0.993245 0.192855 0.953891 0.272452 0.924024 0.249379
0 0.458048 0.554716 0.470548 0.660185 0.439063 0.666016 0.426562 0.560547
0 0.268088 0.471187 0.275900 0.566890 0.241406 0.571289 0.233594 0.475586
0 0.526341 0.047385 0.540624 0.140625 0.506311 0.148839 0.492028 0.055599
0 0.970648 0.216107 0.998438 0.216107 0.998438 0.315429 0.970648 0.315429
0 0.325000 0.469727 0.335991 0.569825 0.304688 0.575195 0.293697 0.475097
0 0.879068 0.093434 0.904214 0.110678 0.872644 0.182610 0.847498 0.165366
2 0.681758 0.195366 0.728907 0.438477 0.677344 0.454102 0.630195 0.210991
