0 0.631250 0.823242 0.673495 0.828353 0.664062 0.950196 0.621817 0.945086
0 0.143974 0.224419 0.170409 0.261783 0.101442 0.338023 0.075007 0.300659
0 0.413668 0.162205 0.453579 0.166656 0.447012 0.258651 0.407101 0.254200
0 0.012876 0.032249 0.051563 0.038086 0.040250 0.155251 0.001563 0.149414
0 0.315636 0.221669 0.353059 0.228941 0.338969 0.342239 0.301545 0.334967
0 0.398360 0.000000 0.436179 0.000000 0.422974 0.073165 0.385155 0.062500
0 0.319854 0.645475 0.356491 0.652016 0.343656 0.764351 0.307019 0.757810
0 0.649219 0.515625 0.685157 0.517578 0.681215 0.630899 0.645278 0.628946
0 0.104980 0.326891 0.140718 0.335011 0.125806 0.437562 0.090068 0.429441
0 0.043288 0.733639 0.078907 0.740235 0.066088 0.848393 0.030469 0.841797
0 0.152344 0.054687 0.186803 0.061866 0.172656 0.167969 0.138197 0.160790
0 0.078175 0.440627 0.114014 0.444140 0.107715 0.544530 0.071876 0.541016
0 0.030732 0.348249 0.048190 0.378685 0.000000 0.421875 0.000000 0.391439
0 0.061137 0.062182 0.092279 0.068561 0.079553 0.165640 0.048411 0.159261
0 0.656250 0.185547 0.689071 0.187256 0.685938 0.281249 0.653117 0.279540
0 0.014000 0.878512 0.051563 0.880859 0.048438 0.958984 0.010875 0.956637
0 0.022684 0.568188 0.053906 0.576171 0.039816 0.662280 0.008594 0.654297
0 0.105010 0.064045 0.134374 0.070312 0.123114 0.152751 0.093750 0.146484
2 0.724461 0.000000 0.778826 0.000000 0.764521 0.178676 0.710156 0.171875
4 0.067188 0.548828 0.106250 0.558594 0.087500 0.675782 0.048438 0.666016
