0 0.228545 0.021069 0.260444 0.135023 0.219893 0.152759 0.187994 0.038805
0 0.854036 0.936348 0.856226 0.988327 0.766374 0.994240 0.764185 0.942261
0 0.470852 0.958512 0.475000 0.998047 0.378680 0.998047 0.374532 0.974302
0 0.767381 0.000000 0.828331 0.066997 0.801296 0.100312 0.740346 0.023029
0 0.434425 0.345719 0.525051 0.373062 0.515625 0.421875 0.424999 0.394532
0 0.597021 0.403392 0.685172 0.421882 0.678759 0.469653 0.590608 0.451164
0 0.185253 0.025019 0.189028 0.124527 0.151483 0.126753 0.147708 0.027245
0 0.048666 0.007981 0.086718 0.015625 0.072426 0.126785 0.034374 0.119141
0 0.940929 0.000000 0.990625 0.046875 0.959071 0.078205 0.909375 0.000000
0 0.296002 0.305804 0.376685 0.339263 0.364868 0.383786 0.284185 0.350327
0 0.096353 0.018508 0.131512 0.020198 0.128553 0.116366 0.093394 0.114676
0 0.006428 0.000000 0.039063 0.009765 0.018658 0.111788 0.000000 0.101590
0 0.873265 0.000000 0.928706 0.044586 0.905441 0.072417 0.850000 0.000000
