0 0.783811 0.311680 0.836627 0.337464 0.789807 0.487320 0.736991 0.461536
0 0.776261 0.598107 0.824993 0.623056 0.778427 0.765175 0.729695 0.740226
0 0.127013 0.752766 0.197325 0.879719 0.153125 0.917968 0.082813 0.791016
0 0.897790 0.225112 0.946078 0.250403 0.901210 0.384256 0.852922 0.358965
0 0.992188 0.435547 0.998438 0.461959 0.992120 0.597849 0.944226 0.571437
0 0.842012 0.400583 0.888243 0.425063 0.842998 0.558572 0.796767 0.534092
0 0.730181 0.480665 0.774992 0.503896 0.727237 0.647829 0.682426 0.624598
0 0.061955 0.827054 0.125257 0.951681 0.083171 0.985082 0.019869 0.860455
0 0.921090 0.670414 0.965328 0.694354 0.920240 0.824538 0.876002 0.800598
0 0.985662 0.205342 0.998438 0.228609 0.982833 0.361332 0.939769 0.338065
0 0.944800 0.054110 0.988773 0.073850 0.951010 0.205290 0.907037 0.185550
0 0.875000 0.574219 0.912678 0.593198 0.870312 0.724609 0.832634 0.705630
0 0.926562 0.394532 0.964585 0.413392 0.925000 0.538086 0.886977 0.519225
2 0.905336 0.000000 0.968750 0.000000 0.853565 0.309959 0.790152 0.273138
