0 0.677123 0.703220 0.682831 0.833199 0.641631 0.836025 0.635923 0.706047
0 0.917157 0.767427 0.921095 0.882798 0.877319 0.885133 0.873381 0.769762
0 0.118750 0.289063 0.145312 0.332031 0.071448 0.403377 0.044886 0.360409
0 0.845281 0.490322 0.848820 0.605524 0.809781 0.607398 0.806242 0.492197
0 0.939365 0.179585 0.979165 0.188581 0.964066 0.292961 0.924265 0.283965
0 0.234375 0.802734 0.273453 0.803535 0.271875 0.923828 0.232797 0.923027
0 0.163221 0.376936 0.197656 0.398452 0.156551 0.501244 0.122116 0.479728
0 0.167188 0.318359 0.192729 0.351805 0.123496 0.434413 0.097955 0.400967
0 0.793786 0.539285 0.798487 0.645748 0.759379 0.648447 0.754677 0.541984
0 0.099614 0.250790 0.118750 0.289062 0.043750 0.347656 0.024614 0.309384
