0 0.473449 0.635434 0.506070 0.672082 0.436735 0.768510 0.404114 0.731862
0 0.998438 0.012471 0.998438 0.046316 0.973325 0.137813 0.939626 0.103968
0 0.099348 0.497945 0.159376 0.577149 0.128778 0.613383 0.068750 0.534179
0 0.135937 0.439453 0.201897 0.512088 0.171875 0.554687 0.105915 0.482052
0 0.157932 0.130184 0.188896 0.164650 0.129536 0.247978 0.098572 0.213512
0 0.058747 0.555504 0.113691 0.637920 0.082877 0.670018 0.027933 0.587602
0 0.351690 0.000000 0.362945 0.032329 0.266317 0.072636 0.255062 0.030477
0 0.203343 0.346317 0.265655 0.417896 0.238245 0.455179 0.175933 0.383600
0 0.364445 0.169725 0.424318 0.245272 0.395307 0.281197 0.335434 0.205650
0 0.241407 0.320312 0.314844 0.380859 0.292673 0.422878 0.219236 0.362331
0 0.313650 0.130867 0.336975 0.163488 0.271806 0.236297 0.248481 0.203676
0 0.170575 0.404537 0.227412 0.471705 0.201465 0.506011 0.144628 0.438843
0 0.018162 0.601451 0.072657 0.673828 0.042000 0.709895 0.000000 0.637518
0 0.304526 0.232884 0.372657 0.304687 0.348598 0.340358 0.280467 0.268555
0 0.393485 0.136263 0.454422 0.206575 0.428125 0.242187 0.367188 0.171875
0 0.396875 0.119141 0.457883 0.183668 0.432813 0.220703 0.371805 0.156176
0 0.280367 0.281988 0.339742 0.346441 0.317187 0.378906 0.257812 0.314453
0 0.128126 0.464844 0.189063 0.542969 0.166914 0.569962 0.105977 0.491837
0 0.428844 0.091249 0.489844 0.148437 0.469594 0.182187 0.408594 0.124999
0 0.222204 0.068963 0.243938 0.097482 0.193884 0.157083 0.172150 0.128564
