0 0.028410 0.678463 0.125865 0.714906 0.110418 0.779447 0.012963 0.743004
0 0.534088 0.693799 0.545462 0.750745 0.441476 0.783197 0.430103 0.726251
0 0.618121 0.255120 0.661718 0.280273 0.614843 0.407226 0.571246 0.382073
0 0.439551 0.149192 0.481247 0.181636 0.429693 0.285158 0.387997 0.252714
0 0.782659 0.029919 0.826565 0.054694 0.786583 0.165407 0.742678 0.140632
0 0.687500 0.285156 0.725313 0.308789 0.681250 0.418946 0.643437 0.395313
0 0.354289 0.000046 0.372342 0.048499 0.285525 0.099040 0.267472 0.050587
0 0.140942 0.000000 0.181250 0.000000 0.143434 0.090710 0.103126 0.064453
0 0.566707 0.215323 0.600909 0.239921 0.555282 0.339049 0.521079 0.314451
0 0.087131 0.000000 0.116086 0.011552 0.069579 0.093908 0.040624 0.068360
2 0.899490 0.397121 0.943262 0.464351 0.758572 0.652239 0.714800 0.585009
