0 0.520297 0.860355 0.559065 0.887362 0.513483 0.989597 0.474716 0.962590
0 0.792980 0.791024 0.821701 0.904909 0.781434 0.920777 0.752712 0.806892
0 0.381918 0.432908 0.454684 0.511617 0.429802 0.547560 0.357036 0.468851
0 0.406378 0.295821 0.487500 0.355469 0.464846 0.403609 0.383724 0.343961
0 0.081611 0.773738 0.169111 0.787410 0.164063 0.837890 0.076563 0.824218
0 0.460937 0.833984 0.499598 0.849245 0.471473 0.960574 0.432812 0.945313
0 0.469542 0.762689 0.551813 0.820746 0.534364 0.859383 0.452093 0.801326
0 0.425623 0.258271 0.503723 0.307110 0.486689 0.349671 0.408589 0.300832
0 0.505704 0.602442 0.507808 0.653404 0.425442 0.658718 0.423338 0.607757
0 0.163856 0.490748 0.182606 0.621607 0.150000 0.628906 0.131250 0.498047
0 0.043314 0.620916 0.132813 0.628907 0.130124 0.675960 0.040625 0.667969
0 0.313414 0.782674 0.390624 0.845703 0.370960 0.883342 0.293750 0.820313
0 0.460847 0.064229 0.481259 0.159180 0.442345 0.172251 0.421933 0.077300
0 0.745313 0.534180 0.775299 0.640711 0.742187 0.655274 0.712201 0.548743
0 0.567812 0.543488 0.589063 0.588867 0.524376 0.636200 0.503125 0.590820
0 0.418750 0.804688 0.449712 0.826803 0.405962 0.922506 0.375000 0.900391
0 0.306538 0.468763 0.340624 0.562500 0.306250 0.582031 0.272164 0.488294
0 0.670563 0.156767 0.693748 0.263669 0.660687 0.274873 0.637502 0.167971
0 0.625102 0.937610 0.637861 0.975886 0.567047 0.998047 0.554288 0.974492
0 0.555270 0.913695 0.588438 0.936133 0.551918 0.998047 0.518750 0.998047
0 0.584376 0.292968 0.619353 0.306085 0.595614 0.404996 0.560637 0.391879
0 0.716406 0.413086 0.742036 0.515206 0.708594 0.528320 0.682964 0.426200
0 0.547656 0.212890 0.550848 0.316629 0.514844 0.318360 0.511652 0.214621
0 0.261537 0.612299 0.271875 0.654297 0.190625 0.685547 0.180287 0.643549
0 0.692867 0.274333 0.712499 0.384766 0.680569 0.393635 0.660937 0.283202
0 0.000000 0.779129 0.059859 0.783236 0.057966 0.826339 0.000000 0.822232
0 0.390336 0.364886 0.450443 0.431366 0.428126 0.462894 0.368019 0.396414
0 0.473641 0.178316 0.489844 0.271484 0.456047 0.280668 0.439844 0.187500
0 0.253228 0.791093 0.254688 0.833984 0.181250 0.837891 0.179790 0.795000
0 0.645572 0.081940 0.724218 0.095703 0.720052 0.132904 0.641406 0.119141
0 0.698172 0.025770 0.704803 0.065143 0.639444 0.082342 0.632813 0.042969
