0 0.881894 0.808114 0.974485 0.831992 0.965604 0.885799 0.873013 0.861920
0 0.094867 0.000000 0.106489 0.095155 0.067137 0.102150 0.055515 0.000000
0 0.216279 0.186849 0.249938 0.210850 0.203251 0.313151 0.169592 0.289150
0 0.904189 0.682344 0.986670 0.708244 0.976515 0.758774 0.894034 0.732874
0 0.892956 0.745902 0.976209 0.763803 0.969502 0.812536 0.886250 0.794635
0 0.054902 0.378431 0.085938 0.400390 0.038848 0.504381 0.007812 0.482422
0 0.494859 0.000000 0.508449 0.017685 0.444839 0.056385 0.431250 0.021484
0 0.800781 0.839843 0.867556 0.855742 0.860157 0.904297 0.793382 0.888398
0 0.149999 0.342773 0.174287 0.360483 0.129687 0.456055 0.105399 0.438345
0 0.197057 0.116085 0.224219 0.135742 0.188881 0.212039 0.161719 0.192382
