0 0.351563 0.351563 0.396875 0.351563 0.396875 0.474609 0.351563 0.474609
0 0.180465 0.499364 0.200967 0.544134 0.119223 0.602622 0.098721 0.557852
0 0.456250 0.697266 0.500003 0.699089 0.496874 0.816406 0.453121 0.814583
0 0.498437 0.410156 0.501568 0.529521 0.459375 0.531250 0.456244 0.411885
0 0.407812 0.542969 0.450000 0.542969 0.450000 0.662109 0.407812 0.662109
0 0.445313 0.396484 0.446891 0.506940 0.407813 0.507812 0.406235 0.397356
0 0.171294 0.217393 0.195312 0.253906 0.125000 0.326171 0.100982 0.289658
0 0.392178 0.009030 0.393740 0.128170 0.357812 0.128906 0.356250 0.009766
0 0.495312 0.119140 0.495312 0.228515 0.456250 0.228515 0.456250 0.119140
0 0.498453 0.254901 0.500015 0.358416 0.459375 0.359375 0.457813 0.255860
0 0.393751 0.539062 0.396884 0.650699 0.359375 0.652344 0.356242 0.540707
0 0.173438 0.585938 0.189488 0.630621 0.112500 0.673829 0.096450 0.629145
0 0.175240 0.152795 0.196875 0.193360 0.126562 0.251953 0.104928 0.211388
0 0.183658 0.364365 0.201578 0.402363 0.123170 0.460139 0.105250 0.422141
0 0.934249 0.133704 0.946875 0.240235 0.909501 0.247156 0.896875 0.140625
0 0.180377 0.435029 0.198438 0.472656 0.119623 0.531767 0.101562 0.494140
0 0.178125 0.291015 0.200984 0.327152 0.132813 0.394531 0.109954 0.358394
0 0.000000 0.021579 0.053469 0.083385 0.029547 0.115721 0.000000 0.053915
0 0.353125 0.201171 0.392187 0.201171 0.392187 0.296875 0.353125 0.296875
0 0.000000 0.255860 0.055989 0.313496 0.032692 0.348858 0.000000 0.291222
0 0.170472 0.035484 0.190626 0.069335 0.123438 0.131836 0.103285 0.097985
0 0.459375 0.564453 0.498437 0.564453 0.498437 0.648437 0.459375 0.648437
0 0.176047 0.000000 0.192995 0.000954 0.131765 0.048659 0.114817 0.014670
0 0.000000 0.329421 0.040106 0.373748 0.018031 0.404956 0.000000 0.360628
0 0.000000 0.105468 0.042984 0.149604 0.021635 0.182092 0.000000 0.137956
1 0.960874 0.503936 0.965625 0.648437 0.928188 0.650360 0.923437 0.505859
2 0.287500 0.359375 0.351562 0.359375 0.351562 0.652343 0.287500 0.652343
