0 0.417993 0.830061 0.418750 0.888672 0.320388 0.890655 0.319632 0.832045
0 0.296875 0.763672 0.400000 0.763672 0.400000 0.818360 0.296875 0.818360
0 0.442188 0.759765 0.535938 0.759765 0.535938 0.818359 0.442188 0.818359
0 0.232812 0.755860 0.233472 0.808611 0.133472 0.810565 0.132812 0.757813
0 0.182813 0.832031 0.278125 0.832031 0.278125 0.884765 0.182813 0.884765
0 0.587499 0.769531 0.678125 0.769531 0.678125 0.820312 0.587499 0.820312
0 0.615625 0.839843 0.707813 0.841797 0.707151 0.890611 0.614963 0.888658
0 0.734539 0.911963 0.735938 0.960938 0.645150 0.964991 0.643750 0.916016
0 0.451562 0.837891 0.537499 0.837891 0.537499 0.888672 0.451562 0.888672
0 0.000000 0.808594 0.051364 0.814613 0.047409 0.867348 0.000000 0.861329
0 0.085938 0.832031 0.162501 0.832031 0.162501 0.878906 0.085938 0.878906
