0 0.274699 0.609300 0.317368 0.619967 0.295793 0.754808 0.253124 0.744141
0 0.276452 0.120873 0.318751 0.132812 0.295424 0.261939 0.253125 0.250000
0 0.175438 0.738360 0.218750 0.746094 0.204250 0.872968 0.160938 0.865234
0 0.095313 0.822266 0.139500 0.830157 0.125437 0.953204 0.081250 0.945313
0 0.219270 0.433671 0.264347 0.443222 0.248202 0.562285 0.203125 0.552735
0 0.119886 0.617551 0.159376 0.626953 0.139490 0.757449 0.100000 0.748047
0 0.196956 0.161224 0.240669 0.167494 0.229650 0.287520 0.185937 0.281250
0 0.167645 0.374310 0.206249 0.384765 0.185479 0.504596 0.146875 0.494141
0 0.025571 0.330242 0.066196 0.341961 0.045313 0.455078 0.004688 0.443359
0 0.495313 0.523438 0.534575 0.529070 0.523637 0.648210 0.484375 0.642578
0 0.288989 0.000000 0.323437 0.000000 0.306323 0.060219 0.271875 0.044922
