0 0.237500 0.257813 0.281250 0.257813 0.281250 0.384765 0.237500 0.384765
0 0.125840 0.202315 0.167969 0.203125 0.166406 0.330077 0.124277 0.329267
0 0.221876 0.730468 0.262500 0.730468 0.262500 0.843750 0.221876 0.843750
0 0.368750 0.287109 0.409374 0.287109 0.409374 0.400391 0.368750 0.400391
0 0.414062 0.470703 0.453167 0.471560 0.451562 0.585938 0.412457 0.585080
0 0.435937 0.064453 0.471875 0.064453 0.471875 0.181641 0.435937 0.181641
0 0.364063 0.908203 0.403125 0.908203 0.403125 0.998047 0.364063 0.998047
0 0.175000 0.315430 0.212500 0.315430 0.212500 0.424805 0.175000 0.424805
2 0.098437 0.695313 0.159293 0.697288 0.153043 0.998047 0.092187 0.996094
2 0.475042 0.363283 0.532812 0.365235 0.526562 0.654297 0.468792 0.652345
