0 0.369045 0.918871 0.371094 0.965820 0.285157 0.971679 0.283108 0.924731
0 0.684406 0.028302 0.763616 0.031330 0.762470 0.078142 0.683260 0.075114
0 0.533620 0.614719 0.618035 0.617230 0.617180 0.662115 0.532765 0.659604
0 0.187500 0.339844 0.208045 0.375641 0.136170 0.440094 0.115625 0.404297
0 0.543750 0.675781 0.625000 0.675781 0.625000 0.722656 0.543750 0.722656
0 0.513282 0.207031 0.596094 0.207031 0.596094 0.250975 0.513282 0.250975
0 0.811524 0.687412 0.815691 0.730403 0.731496 0.743154 0.727329 0.700163
0 0.684375 0.148438 0.763281 0.148438 0.763281 0.195312 0.684375 0.195312
0 0.457872 0.656824 0.462559 0.764263 0.428122 0.766610 0.423435 0.659171
0 0.715120 0.807702 0.718754 0.851570 0.635362 0.862366 0.631728 0.818498
0 0.747452 0.920845 0.750001 0.963867 0.665051 0.971733 0.662501 0.928711
0 0.587050 0.298554 0.591788 0.339782 0.508604 0.354718 0.503866 0.313490
0 0.773632 0.279287 0.775096 0.323196 0.699122 0.327153 0.697658 0.283244
0 0.805543 0.563465 0.812511 0.605455 0.734481 0.625687 0.727513 0.583697
0 0.578097 0.055558 0.581242 0.098620 0.503427 0.107500 0.500282 0.064438
0 0.806454 0.624159 0.813286 0.666989 0.737550 0.685865 0.730718 0.643035
0 0.774704 0.225575 0.775309 0.265618 0.692188 0.267579 0.691583 0.227536
0 0.612500 0.500000 0.614062 0.542968 0.535886 0.547410 0.534324 0.504442
0 0.759063 0.093695 0.759392 0.134786 0.678437 0.135797 0.678108 0.094706
0 0.600558 0.390723 0.603125 0.431640 0.523438 0.439453 0.520871 0.398536
0 0.328077 0.545783 0.343939 0.580371 0.282859 0.624139 0.266997 0.589551
0 0.786752 0.436513 0.790159 0.478578 0.720588 0.487383 0.717181 0.445318
0 0.368037 0.976200 0.368750 0.998047 0.291615 0.998047 0.290902 0.980136
0 0.515625 0.157227 0.585937 0.157227 0.585937 0.197266 0.515625 0.197266
0 0.606426 0.449210 0.607813 0.486329 0.531016 0.490814 0.529629 0.453695
0 0.808380 0.498831 0.810757 0.537029 0.738315 0.544071 0.735939 0.505873
0 0.738096 0.867109 0.739066 0.904304 0.666270 0.907271 0.665300 0.870076
0 0.788354 0.366186 0.789063 0.404297 0.721875 0.406250 0.721166 0.368139
0 0.609970 0.562455 0.610930 0.597680 0.541591 0.600632 0.540632 0.565406
