0 0.601442 0.592999 0.685817 0.663311 0.662500 0.707031 0.578125 0.636719
0 0.752088 0.515238 0.785190 0.535176 0.745118 0.639124 0.712016 0.619186
0 0.806551 0.558061 0.838517 0.583649 0.789544 0.679243 0.757577 0.653655
0 0.100129 0.368840 0.170117 0.423802 0.152213 0.459426 0.082225 0.404464
0 0.509537 0.695882 0.585682 0.755909 0.567993 0.790969 0.491848 0.730942
0 0.615932 0.423222 0.648434 0.452143 0.603507 0.531036 0.571004 0.502115
0 0.724249 0.868471 0.796437 0.930054 0.776878 0.965877 0.704691 0.904294
0 0.292795 0.506638 0.363072 0.564375 0.344511 0.599674 0.274234 0.541937
0 0.564582 0.381937 0.596576 0.407247 0.557032 0.485351 0.525038 0.460041
0 0.125384 0.009651 0.151610 0.036893 0.101604 0.112113 0.075378 0.084871
0 0.340693 0.194818 0.366426 0.216744 0.323795 0.294918 0.298062 0.272992
0 0.152659 0.037033 0.182812 0.062500 0.142652 0.136795 0.112500 0.111328
0 0.428398 0.000000 0.439238 0.093810 0.406230 0.099652 0.395390 0.003952
0 0.704598 0.484307 0.732556 0.502267 0.698528 0.585029 0.670570 0.567069
0 0.981384 0.291808 0.998438 0.373465 0.982382 0.387330 0.954960 0.305673
0 0.166308 0.053498 0.193749 0.078125 0.149316 0.155486 0.121875 0.130859
0 0.105821 0.274966 0.170371 0.330819 0.152841 0.362476 0.088291 0.306623
0 0.706269 0.197282 0.732717 0.217376 0.692169 0.300764 0.665721 0.280670
0 0.817937 0.256446 0.846875 0.281250 0.808625 0.350976 0.779687 0.326172
0 0.667188 0.450195 0.697113 0.469137 0.665780 0.546483 0.635854 0.527541
0 0.385516 0.235655 0.413280 0.258795 0.377158 0.326513 0.349394 0.303373
0 0.777332 0.232438 0.799041 0.260036 0.750011 0.320296 0.728303 0.292698
0 0.090524 0.000000 0.113260 0.003908 0.067380 0.065281 0.044644 0.038724
0 0.665867 0.176180 0.691346 0.196763 0.654709 0.267626 0.629230 0.247043
0 0.454647 0.003680 0.482907 0.006088 0.478125 0.093750 0.449865 0.091342
0 0.382120 0.000000 0.383728 0.049866 0.355498 0.051250 0.353890 0.000000
