0 0.287106 0.523660 0.334048 0.611258 0.302738 0.637474 0.255796 0.549876
0 0.273231 0.086287 0.323438 0.167968 0.295563 0.194739 0.245356 0.113058
0 0.095819 0.182481 0.136644 0.262125 0.107247 0.285669 0.066422 0.206025
0 0.331010 0.776893 0.375241 0.859826 0.347116 0.883263 0.302885 0.800330
0 0.177599 0.333058 0.218086 0.406450 0.188482 0.431968 0.147994 0.358576
0 0.274848 0.240815 0.313558 0.315642 0.284074 0.339475 0.245364 0.264648
0 0.161235 0.442917 0.203644 0.521885 0.177349 0.543949 0.134940 0.464981
0 0.230851 0.571428 0.271130 0.656337 0.244971 0.675726 0.204692 0.590817
0 0.083875 0.000000 0.145313 0.021485 0.134636 0.052088 0.073199 0.018600
1 0.430636 0.777990 0.492500 0.894804 0.457980 0.923368 0.396116 0.806554
