0 0.665624 0.535156 0.757812 0.535156 0.757812 0.587891 0.665624 0.587891
0 0.359321 0.430518 0.432077 0.496099 0.408833 0.536392 0.336077 0.470812
0 0.549999 0.535156 0.642969 0.535156 0.642969 0.580078 0.549999 0.580078
0 0.494541 0.270509 0.520294 0.299861 0.462833 0.378633 0.437080 0.349281
0 0.169851 0.582046 0.260480 0.583006 0.260155 0.630852 0.169526 0.629892
0 0.659927 0.430265 0.729687 0.493167 0.708043 0.530673 0.638283 0.467771
0 0.164062 0.453124 0.256250 0.453124 0.256250 0.496093 0.164062 0.496093
0 0.434452 0.000000 0.469432 0.000000 0.463576 0.057227 0.428597 0.051635
0 0.730420 0.432604 0.805859 0.485630 0.788718 0.523734 0.713279 0.470708
0 0.403788 0.092255 0.412754 0.133653 0.333230 0.160565 0.324264 0.119167
0 0.249138 0.270744 0.273438 0.306640 0.211800 0.371834 0.187500 0.335938
0 0.432745 0.427964 0.500024 0.492505 0.479779 0.525478 0.412500 0.460937
0 0.390625 0.142578 0.425001 0.142578 0.425001 0.248046 0.390625 0.248046
0 0.552697 0.277235 0.581309 0.302693 0.536333 0.381671 0.507721 0.356212
0 0.286721 0.416985 0.341681 0.492699 0.315079 0.522871 0.260119 0.447157
0 0.313373 0.113374 0.315264 0.155273 0.233503 0.161040 0.231612 0.119141
0 0.703125 0.123047 0.781250 0.123047 0.781250 0.169922 0.703125 0.169922
0 0.623438 0.179687 0.653906 0.179687 0.653906 0.267577 0.623438 0.267577
0 0.063282 0.003907 0.090626 0.003907 0.090626 0.093749 0.063282 0.093749
0 0.779996 0.315486 0.806256 0.344737 0.754857 0.416838 0.728596 0.387587
0 0.314106 0.262234 0.339095 0.290933 0.284610 0.365058 0.259621 0.336359
0 0.435855 0.166684 0.468994 0.170044 0.462583 0.268862 0.429444 0.265502
0 0.244531 0.000000 0.278907 0.000000 0.278907 0.053711 0.244531 0.053711
0 0.615765 0.275499 0.641300 0.300326 0.595821 0.373413 0.570286 0.348587
0 0.578912 0.123063 0.579241 0.165049 0.501556 0.166001 0.501227 0.124015
0 0.376995 0.000000 0.412893 0.000000 0.412893 0.048095 0.376995 0.048095
0 0.167148 0.000000 0.173574 0.084638 0.140722 0.088371 0.134296 0.000000
0 0.573437 0.185547 0.610937 0.185547 0.610937 0.273437 0.573437 0.273437
0 0.713248 0.180148 0.749252 0.180148 0.749252 0.269070 0.713248 0.269070
0 0.485937 0.173829 0.520313 0.173829 0.520313 0.262695 0.485937 0.262695
0 0.434375 0.546875 0.512500 0.546875 0.512500 0.587891 0.434375 0.587891
0 0.668749 0.179688 0.703125 0.179688 0.703125 0.271484 0.668749 0.271484
0 0.604688 0.121094 0.678125 0.121094 0.678125 0.164062 0.604688 0.164062
0 0.776563 0.540038 0.849999 0.540038 0.849999 0.583007 0.776563 0.583007
0 0.337500 0.000000 0.372656 0.000000 0.372656 0.051757 0.337500 0.051757
0 0.425927 0.278512 0.450935 0.304181 0.404541 0.374808 0.379533 0.349139
0 0.582827 0.433614 0.637168 0.488805 0.616417 0.520728 0.562076 0.465537
0 0.260938 0.167969 0.293750 0.167969 0.293750 0.261719 0.260938 0.261719
0 0.182813 0.000000 0.212501 0.000000 0.212501 0.068359 0.182813 0.068359
0 0.881251 0.541016 0.960938 0.541016 0.960938 0.578125 0.881251 0.578125
0 0.016259 0.009617 0.049801 0.011841 0.046149 0.097917 0.012607 0.095693
0 0.100781 0.000000 0.130469 0.000000 0.130469 0.091797 0.100781 0.091797
0 0.528907 0.184570 0.557031 0.184570 0.557031 0.264648 0.528907 0.264648
0 0.301562 0.166016 0.331250 0.166016 0.331250 0.255860 0.301562 0.255860
0 0.350000 0.166016 0.376562 0.166016 0.376562 0.250000 0.350000 0.250000
