0 0.931099 0.161406 0.962332 0.264994 0.925751 0.282228 0.894518 0.178640
0 0.948947 0.395536 0.978122 0.498052 0.939223 0.515350 0.910047 0.412834
0 0.657834 0.436535 0.680835 0.536929 0.642166 0.550771 0.619165 0.450377
0 0.905188 0.413821 0.936927 0.515364 0.900596 0.533107 0.868857 0.431564
0 0.962072 0.273421 0.990981 0.372053 0.954690 0.388673 0.925781 0.290041
0 0.490128 0.507754 0.511728 0.598742 0.472372 0.613340 0.450772 0.522352
0 0.818709 0.452996 0.845643 0.548964 0.806461 0.566146 0.779527 0.470178
0 0.988281 0.377951 0.998438 0.481484 0.985097 0.497751 0.953820 0.394218
0 0.887947 0.181661 0.918750 0.289063 0.883927 0.304667 0.853124 0.197265
0 0.677373 0.266531 0.702174 0.372754 0.666377 0.385813 0.641576 0.279590
0 0.471876 0.611329 0.490895 0.710388 0.451832 0.722107 0.432813 0.623048
0 0.914854 0.288036 0.943734 0.386710 0.908022 0.403042 0.879142 0.304368
0 0.410957 0.541018 0.436919 0.640496 0.404279 0.653806 0.378317 0.554328
0 0.795953 0.516549 0.815893 0.615596 0.779707 0.626979 0.759767 0.527932
0 0.578173 0.293656 0.602371 0.396188 0.567991 0.408866 0.543793 0.306334
0 0.715625 0.244140 0.742969 0.346680 0.707813 0.361328 0.680469 0.258788
0 0.674998 0.544921 0.700220 0.645381 0.665137 0.659144 0.639914 0.558684
0 0.748571 0.514201 0.778395 0.616097 0.746111 0.630862 0.716287 0.528965
0 0.391436 0.437501 0.414799 0.541494 0.382782 0.552733 0.359419 0.448740
0 0.870248 0.459893 0.898104 0.555225 0.864908 0.570382 0.837052 0.475049
0 0.466579 0.414727 0.488509 0.507829 0.453189 0.520829 0.431258 0.427727
0 0.702188 0.419296 0.724365 0.517541 0.688423 0.530218 0.666245 0.431973
0 0.761369 0.230140 0.787498 0.330079 0.753229 0.344078 0.727100 0.244139
0 0.638784 0.330851 0.662626 0.428208 0.628137 0.441405 0.604296 0.344048
0 0.799075 0.214378 0.827212 0.313534 0.795457 0.327614 0.767320 0.228458
0 0.520312 0.492189 0.541244 0.585373 0.506250 0.597655 0.485318 0.504471
0 0.432036 0.433592 0.451618 0.525669 0.417185 0.537112 0.397602 0.445035
0 0.516896 0.299436 0.536236 0.391055 0.504354 0.401571 0.485014 0.309951
0 0.632021 0.569329 0.658724 0.664475 0.628883 0.677561 0.602180 0.582415
0 0.607031 0.447266 0.640626 0.539252 0.610155 0.556640 0.576560 0.464654
0 0.439844 0.651367 0.457376 0.753299 0.428406 0.761085 0.410874 0.659152
0 0.507822 0.601495 0.529457 0.689729 0.496866 0.702215 0.475231 0.613981
0 0.540120 0.388311 0.559375 0.476562 0.525000 0.488281 0.505745 0.400029
0 0.351552 0.716801 0.359129 0.754752 0.283604 0.778315 0.276027 0.740364
0 0.330672 0.266749 0.346340 0.359037 0.315602 0.367191 0.299934 0.274903
0 0.540388 0.583035 0.562500 0.671875 0.529924 0.684543 0.507812 0.595703
0 0.450000 0.525391 0.468269 0.614661 0.435938 0.624999 0.417669 0.535729
0 0.502707 0.400030 0.517827 0.487663 0.487779 0.495764 0.472659 0.408131
0 0.525000 0.691406 0.550790 0.782071 0.521876 0.794922 0.496087 0.704257
0 0.556080 0.481723 0.578182 0.572499 0.550980 0.582847 0.528878 0.492071
0 0.293582 0.267501 0.307813 0.357422 0.279854 0.364335 0.265623 0.274414
0 0.562494 0.675780 0.582212 0.765029 0.556890 0.773770 0.537172 0.684521
1 0.962651 0.240393 0.998438 0.240393 0.998438 0.374029 0.962651 0.374029
1 0.960941 0.116897 0.997669 0.232608 0.961863 0.250367 0.925135 0.134656
1 0.967346 0.102013 0.998438 0.102013 0.998438 0.234793 0.967346 0.234793
1 0.976311 0.048699 0.987554 0.095802 0.893795 0.130769 0.882552 0.083666
