0 0.000000 0.962891 0.087500 0.962891 0.087500 0.998047 0.000000 0.998047
0 0.542188 0.974609 0.645312 0.974609 0.645312 0.998047 0.542188 0.998047
0 0.412509 0.498039 0.500311 0.499037 0.499991 0.542977 0.412189 0.541979
0 0.371875 0.134766 0.409375 0.134766 0.409375 0.246094 0.371875 0.246094
0 0.625782 0.494141 0.707032 0.494141 0.707032 0.542969 0.625782 0.542969
0 0.515625 0.501953 0.600001 0.501953 0.600001 0.548828 0.515625 0.548828
0 0.737500 0.500000 0.825000 0.500000 0.825000 0.544922 0.737500 0.544922
0 0.109375 0.978516 0.190625 0.978516 0.190625 0.998047 0.109375 0.998047
0 0.414063 0.142578 0.447657 0.142578 0.447657 0.244140 0.414063 0.244140
0 0.455456 0.152301 0.492184 0.153299 0.490638 0.242231 0.453910 0.241233
0 0.320312 0.138672 0.357812 0.138672 0.357812 0.228516 0.320312 0.228516
0 0.499219 0.148438 0.533595 0.148438 0.533595 0.240234 0.499219 0.240234
0 0.278125 0.142578 0.310937 0.142578 0.310937 0.236328 0.278125 0.236328
0 0.159375 0.488281 0.234375 0.488281 0.234375 0.529297 0.159375 0.529297
0 0.059375 0.134766 0.092187 0.134766 0.092187 0.224610 0.059375 0.224610
0 0.046875 0.121094 0.079687 0.121094 0.079687 0.210938 0.046875 0.210938
0 0.028125 0.492188 0.109375 0.492188 0.109375 0.527344 0.028125 0.527344
0 0.932440 0.294822 0.998438 0.312614 0.992188 0.351562 0.925763 0.333770
0 0.543750 0.151367 0.575000 0.151367 0.575000 0.239257 0.543750 0.239257
1 0.378140 0.486346 0.378717 0.539012 0.266988 0.540924 0.266411 0.488258
2 0.950237 0.958030 0.950763 0.998047 0.809904 0.998047 0.809379 0.960919
3 0.213229 0.944332 0.531409 0.945317 0.531303 0.998047 0.213123 0.998047
3 0.890672 0.325895 0.998438 0.370907 0.990118 0.422961 0.877372 0.377949
