0 0.338280 0.435547 0.428905 0.435547 0.428905 0.481445 0.338280 0.481445
0 0.390782 0.680665 0.391420 0.728529 0.298282 0.730469 0.297644 0.682605
0 0.000000 0.419859 0.066977 0.424818 0.064802 0.470729 0.000000 0.465771
0 0.687500 0.681642 0.774220 0.681642 0.774220 0.729492 0.687500 0.729492
0 0.199218 0.672852 0.283593 0.672852 0.283593 0.720702 0.199218 0.720702
0 0.105759 0.441353 0.198446 0.442406 0.198147 0.483453 0.105460 0.482400
0 0.806250 0.673828 0.893750 0.673828 0.893750 0.720703 0.806250 0.720703
0 0.504386 0.679683 0.504686 0.721688 0.417490 0.722661 0.417190 0.680656
0 0.572657 0.672852 0.660157 0.672852 0.660157 0.714845 0.572657 0.714845
0 0.221875 0.437500 0.310937 0.437500 0.310937 0.478516 0.221875 0.478516
0 0.883679 0.436062 0.966066 0.439626 0.964853 0.483426 0.882466 0.479863
0 0.043750 0.677734 0.114062 0.677734 0.114062 0.718750 0.043750 0.718750
3 0.524502 0.414045 0.831028 0.422840 0.829701 0.495117 0.523174 0.486322
