0 0.306914 0.655524 0.364844 0.738281 0.337244 0.768468 0.279314 0.685711
0 0.922206 0.410887 0.981612 0.497790 0.954376 0.526881 0.894970 0.439978
0 0.521942 0.866305 0.582813 0.945264 0.558528 0.974517 0.497657 0.895558
0 0.835863 0.698509 0.885936 0.785925 0.856249 0.812496 0.806176 0.725079
0 0.355870 0.616594 0.406035 0.695230 0.376562 0.724608 0.326397 0.645972
0 0.592364 0.753697 0.651552 0.830108 0.626543 0.860377 0.567354 0.783966
0 0.261747 0.715793 0.311713 0.798871 0.283469 0.825414 0.233503 0.742335
0 0.764190 0.575523 0.825014 0.655276 0.800595 0.684373 0.739772 0.604620
0 0.899759 0.474030 0.952344 0.554692 0.925121 0.582422 0.872536 0.501760
0 0.475209 0.486333 0.528125 0.562500 0.501649 0.591241 0.448733 0.515074
0 0.754471 0.761775 0.818752 0.831150 0.797869 0.861384 0.733588 0.792008
0 0.221033 0.761172 0.275079 0.841743 0.250789 0.867200 0.196743 0.786629
0 0.645259 0.704034 0.701731 0.776585 0.676783 0.806926 0.620311 0.734375
0 0.697450 0.000000 0.754681 0.069335 0.730676 0.098922 0.673445 0.026367
0 0.555860 0.402835 0.612115 0.474123 0.588502 0.503237 0.532248 0.431950
0 0.640206 0.305986 0.691960 0.381742 0.668388 0.406904 0.616634 0.331148
0 0.596876 0.361328 0.653125 0.431640 0.631250 0.458984 0.575001 0.388672
0 0.087478 0.897453 0.142370 0.971549 0.120078 0.997353 0.065186 0.923257
0 0.738732 0.626255 0.792114 0.703795 0.770581 0.726959 0.717198 0.649419
0 0.387473 0.571827 0.439888 0.649518 0.417237 0.673397 0.364822 0.595705
0 0.582437 0.000000 0.635161 0.059594 0.614837 0.085757 0.562113 0.021762
0 0.424580 0.943951 0.474598 0.998047 0.454834 0.998047 0.404816 0.972505
0 0.588891 0.177629 0.647663 0.218739 0.631815 0.254141 0.573043 0.213031
0 0.646536 0.074845 0.704685 0.142581 0.685496 0.168319 0.627347 0.100583
0 0.882022 0.651362 0.930053 0.709367 0.907400 0.738676 0.859369 0.680671
0 0.624557 0.113816 0.678908 0.176753 0.659037 0.203566 0.604686 0.140629
0 0.670757 0.033864 0.724209 0.098623 0.705025 0.123364 0.651573 0.058605
0 0.725661 0.000000 0.778125 0.041992 0.757933 0.066779 0.705469 0.000000
0 0.607730 0.000000 0.660934 0.032238 0.643666 0.057294 0.590462 0.000000
0 0.564291 0.048369 0.614862 0.106452 0.595865 0.132295 0.545294 0.074212
0 0.772187 0.072611 0.814844 0.129883 0.795002 0.152975 0.752344 0.095704
0 0.685088 0.193342 0.732811 0.237309 0.717256 0.263690 0.669533 0.219723
1 0.665574 0.228339 0.745262 0.322089 0.717188 0.359375 0.637500 0.265625
1 0.947169 0.347986 0.998438 0.426494 0.978123 0.455134 0.921676 0.376626
1 0.559550 0.812646 0.617335 0.885953 0.594499 0.914079 0.536715 0.840771
