0 0.138631 0.492364 0.139846 0.537207 0.051509 0.540946 0.050294 0.496103
0 0.054686 0.596680 0.137499 0.596680 0.137499 0.643555 0.054686 0.643555
0 0.974602 0.722622 0.975011 0.767557 0.903132 0.768578 0.902723 0.723643
0 0.823817 0.786129 0.824207 0.830110 0.755870 0.831059 0.755479 0.787078
0 0.904730 0.779234 0.905512 0.822261 0.834332 0.824282 0.833550 0.781255
0 0.828125 0.725586 0.906250 0.725586 0.906250 0.768555 0.828125 0.768555
0 0.057032 0.441407 0.141407 0.441407 0.141407 0.480469 0.057032 0.480469
0 0.064063 0.342773 0.145313 0.342773 0.145313 0.383789 0.064063 0.383789
0 0.148438 0.222657 0.152685 0.269372 0.082812 0.279297 0.078565 0.232582
0 0.743730 0.790924 0.744570 0.832977 0.676584 0.835100 0.675744 0.793047
0 0.133602 0.546939 0.134132 0.584030 0.051556 0.585873 0.051026 0.548782
0 0.593750 0.795898 0.668750 0.795898 0.668750 0.838867 0.593750 0.838867
0 0.432031 0.801758 0.503906 0.801758 0.503906 0.841796 0.432031 0.841796
0 0.917187 0.778320 0.984375 0.778320 0.984375 0.823242 0.917187 0.823242
0 0.685156 0.731446 0.749999 0.731446 0.749999 0.773438 0.685156 0.773438
0 0.136848 0.651323 0.138438 0.690422 0.060808 0.695355 0.059218 0.656256
0 0.368749 0.734375 0.440624 0.734375 0.440624 0.775391 0.368749 0.775391
0 0.076562 0.771484 0.142968 0.771484 0.142968 0.812500 0.076562 0.812500
0 0.512500 0.801758 0.587500 0.801758 0.587500 0.840820 0.512500 0.840820
0 0.138294 0.389693 0.138724 0.432651 0.081238 0.433549 0.080808 0.390591
0 0.351935 0.800738 0.422662 0.801785 0.422283 0.841840 0.351556 0.840793
0 0.159386 0.714799 0.159731 0.751900 0.085926 0.752973 0.085581 0.715872
0 0.142187 0.240235 0.149206 0.283006 0.088269 0.298631 0.081250 0.255860
0 0.068751 0.295898 0.127344 0.295898 0.127344 0.336914 0.068751 0.336914
0 0.444531 0.743164 0.508593 0.743164 0.508593 0.782226 0.444531 0.782226
0 0.760157 0.729492 0.821093 0.729492 0.821093 0.770508 0.760157 0.770508
0 0.379687 0.750000 0.440625 0.750000 0.440625 0.791016 0.379687 0.791016
0 0.612544 0.729674 0.614107 0.769713 0.556204 0.773246 0.554641 0.733207
0 0.135266 0.174879 0.143750 0.210937 0.084450 0.232739 0.075966 0.196681
0 0.622656 0.735352 0.682032 0.735352 0.682032 0.774414 0.622656 0.774414
0 0.131904 0.191875 0.140625 0.226562 0.082158 0.249531 0.073437 0.214844
