0 0.000000 0.246993 0.055649 0.250114 0.053827 0.300859 0.000000 0.297738
0 0.688225 0.262589 0.772671 0.268537 0.770337 0.320301 0.685891 0.314353
0 0.080701 0.337943 0.081316 0.381962 0.000000 0.383737 0.000000 0.339718
0 0.135021 0.172792 0.219410 0.174642 0.218791 0.218702 0.134402 0.216852
0 0.919531 0.274413 0.998438 0.276397 0.998438 0.321251 0.918816 0.319267
0 0.921606 0.360336 0.921869 0.403407 0.835900 0.404226 0.835637 0.361155
0 0.000000 0.194337 0.068751 0.194337 0.068751 0.238281 0.000000 0.238281
0 0.949250 0.360313 0.998438 0.365445 0.998438 0.408317 0.946537 0.403185
0 0.110058 0.262659 0.192211 0.264672 0.191506 0.309607 0.109353 0.307594
0 0.792061 0.271590 0.870185 0.275503 0.868749 0.320316 0.790625 0.316403
0 0.471881 0.358395 0.555779 0.359403 0.555463 0.400395 0.471565 0.399387
0 0.527649 0.274384 0.612028 0.275361 0.611717 0.317384 0.527338 0.316407
0 0.104581 0.354490 0.179951 0.357544 0.178889 0.398476 0.103519 0.395422
0 0.352475 0.853961 0.382041 0.873035 0.344533 0.963875 0.314967 0.944801
0 0.720312 0.347656 0.795312 0.347656 0.795312 0.392578 0.720312 0.392578
0 0.496086 0.274347 0.496130 0.315353 0.422676 0.315479 0.422632 0.274473
0 0.515945 0.709947 0.596877 0.710938 0.596555 0.751967 0.515623 0.750976
1 0.733144 0.157829 0.998438 0.207336 0.998438 0.271191 0.725725 0.221684
1 0.221094 0.255859 0.375000 0.255859 0.375000 0.314453 0.221094 0.314453
1 0.581998 0.323099 0.697536 0.329230 0.695346 0.393697 0.579808 0.387566
2 0.311708 0.342818 0.435445 0.346635 0.434384 0.400346 0.310647 0.396529
3 0.275780 0.336922 0.276088 0.376975 0.196396 0.377932 0.196088 0.337879
