0 0.589297 0.456665 0.614064 0.497512 0.549749 0.558443 0.524982 0.517596
0 0.502575 0.528334 0.524721 0.564954 0.456519 0.629399 0.434373 0.592780
0 0.526847 0.627968 0.548469 0.665724 0.479715 0.727246 0.458093 0.689490
0 0.322397 0.713396 0.342924 0.747417 0.272725 0.813598 0.252198 0.779577
0 0.724059 0.458429 0.746875 0.492153 0.682431 0.560281 0.659614 0.526557
0 0.795672 0.244736 0.817144 0.279053 0.753891 0.340893 0.732418 0.306575
0 0.423201 0.613924 0.442965 0.645532 0.376511 0.710460 0.356747 0.678852
0 0.869184 0.156573 0.892543 0.189730 0.834290 0.253853 0.810931 0.220695
0 0.935922 0.082819 0.957480 0.115308 0.899704 0.175209 0.878146 0.142720
0 0.145218 0.890933 0.163279 0.920900 0.099314 0.981137 0.081253 0.951170
0 0.227021 0.804513 0.246875 0.833984 0.185479 0.898611 0.165625 0.869140
0 0.682718 0.357963 0.701826 0.389335 0.644928 0.443485 0.625820 0.412113
0 0.998438 0.013292 0.998438 0.038215 0.971875 0.105468 0.949813 0.080545
