0 0.177988 0.883689 0.258939 0.943212 0.239980 0.983499 0.159029 0.923976
0 0.198877 0.192134 0.281257 0.236379 0.266639 0.278906 0.184259 0.234661
0 0.486349 0.392753 0.552328 0.446175 0.531995 0.485413 0.466016 0.431991
0 0.774220 0.640625 0.842225 0.698631 0.822330 0.735075 0.754325 0.677069
0 0.356249 0.274414 0.429446 0.335412 0.409975 0.371920 0.336778 0.310922
0 0.939063 0.475580 0.976324 0.488821 0.953125 0.590826 0.915864 0.577585
0 0.476739 0.148148 0.507028 0.173858 0.462323 0.256148 0.432035 0.230438
0 0.303921 0.802705 0.375138 0.857361 0.357533 0.893203 0.286317 0.838547
0 0.565612 0.229622 0.567175 0.333137 0.531250 0.333984 0.529687 0.230469
0 0.776308 0.360834 0.814063 0.371094 0.798438 0.460938 0.760683 0.450678
0 0.315627 0.563462 0.387505 0.623057 0.369653 0.656698 0.297776 0.597103
0 0.878125 0.464844 0.914235 0.473487 0.900000 0.566406 0.863891 0.557763
0 0.577332 0.473628 0.638400 0.526560 0.619544 0.560552 0.558476 0.507620
0 0.214078 0.706006 0.279013 0.748819 0.262898 0.787010 0.197963 0.744197
0 0.479606 0.953301 0.559021 0.967379 0.555215 0.998047 0.475801 0.986843
0 0.596972 0.233717 0.624999 0.240235 0.612402 0.324877 0.584374 0.318359
