0 0.227344 0.743164 0.269309 0.748082 0.259934 0.873081 0.217969 0.868164
0 0.232032 0.604492 0.273997 0.609410 0.264622 0.734409 0.222657 0.729492
0 0.249218 0.424805 0.294218 0.428619 0.287968 0.543853 0.242968 0.540039
0 0.284711 0.000000 0.326563 0.000000 0.319977 0.069659 0.278125 0.063477
0 0.211720 0.898318 0.252412 0.899315 0.250848 0.998047 0.210156 0.998047
0 0.267187 0.163086 0.307812 0.170898 0.295511 0.270846 0.254886 0.263034
0 0.750781 0.532227 0.788281 0.532227 0.788281 0.641602 0.750781 0.641602
1 0.535156 0.756836 0.605468 0.756836 0.605468 0.998047 0.535156 0.998047
1 0.671871 0.603458 0.695423 0.998047 0.631253 0.998047 0.607701 0.609443
1 0.725000 0.000000 0.726588 0.351235 0.679688 0.351565 0.678100 0.000000
1 0.652344 0.000000 0.657044 0.317273 0.610156 0.318359 0.605456 0.001085
4 0.670412 0.356213 0.767199 0.359879 0.765536 0.428471 0.668749 0.424805
