0 0.155848 0.512841 0.193750 0.527345 0.169152 0.627785 0.131250 0.613282
0 0.609375 0.087890 0.647344 0.103711 0.623906 0.191602 0.585938 0.175781
1 0.528528 0.702841 0.665625 0.736328 0.654284 0.808877 0.517187 0.775390
1 0.689751 0.749806 0.826563 0.763672 0.821875 0.835938 0.685063 0.822072
1 0.101895 0.837610 0.151562 0.857422 0.110605 0.998047 0.060938 0.998047
1 0.730451 0.528813 0.863263 0.540532 0.859376 0.609375 0.726563 0.597656
1 0.705167 0.682604 0.837980 0.713854 0.828125 0.779296 0.695312 0.748046
1 0.540216 0.634562 0.675000 0.669922 0.664472 0.732626 0.529688 0.697266
1 0.580525 0.495239 0.707813 0.537110 0.694475 0.600465 0.567187 0.558594
1 0.220937 0.716406 0.273438 0.738281 0.235313 0.881250 0.182812 0.859375
1 0.561210 0.580564 0.689063 0.623047 0.676290 0.683108 0.548437 0.640625
1 0.743750 0.341797 0.870677 0.346755 0.869114 0.409255 0.742187 0.404297
1 0.899596 0.323949 0.998438 0.339938 0.998438 0.406519 0.893126 0.390530
1 0.587205 0.447530 0.717188 0.474610 0.709671 0.530986 0.579688 0.503906
1 0.719955 0.626907 0.843750 0.652344 0.836295 0.709031 0.712500 0.683594
1 0.617817 0.318248 0.734318 0.332212 0.729687 0.392578 0.613186 0.378614
1 0.219985 0.120365 0.343750 0.146485 0.336265 0.201901 0.212500 0.175781
1 0.177174 0.642483 0.223438 0.664062 0.183764 0.796969 0.137500 0.775390
1 0.211692 0.162561 0.332005 0.185998 0.325000 0.242187 0.204687 0.218750
1 0.785949 0.165200 0.885938 0.191407 0.874989 0.256676 0.775001 0.230469
1 0.029060 0.872609 0.073438 0.888672 0.044378 0.998047 0.000000 0.998047
1 0.415625 0.322266 0.529177 0.336460 0.524489 0.395054 0.410937 0.380860
1 0.250904 0.902044 0.293750 0.927735 0.256908 0.998047 0.214062 0.998047
1 0.770312 0.234375 0.887500 0.253906 0.881536 0.309813 0.764348 0.290282
1 0.765625 0.296875 0.878125 0.312500 0.872961 0.370593 0.760461 0.354968
1 0.202425 0.199077 0.319080 0.222723 0.311966 0.277553 0.195312 0.253907
1 0.122457 0.000000 0.242188 0.000000 0.238481 0.040542 0.118750 0.023438
1 0.074575 0.092791 0.193750 0.125001 0.184801 0.176741 0.065626 0.144531
1 0.601799 0.405679 0.723437 0.429687 0.716951 0.481039 0.595313 0.457031
1 0.220102 0.498766 0.262500 0.513672 0.231460 0.651624 0.189062 0.636719
1 0.368979 0.215099 0.414062 0.230469 0.387271 0.353261 0.342188 0.337891
1 0.604151 0.365518 0.729687 0.390625 0.723895 0.435872 0.598359 0.410765
1 0.109375 0.011719 0.235938 0.042969 0.229285 0.085067 0.102723 0.053817
1 0.229667 0.083199 0.351562 0.103515 0.346895 0.147269 0.225000 0.126953
1 0.239304 0.049874 0.360938 0.064453 0.357572 0.108330 0.235938 0.093751
1 0.096706 0.049405 0.212500 0.074218 0.206418 0.118563 0.090624 0.093750
1 0.479290 0.142286 0.525000 0.162109 0.497094 0.262652 0.451384 0.242829
1 0.428435 0.271897 0.534685 0.295335 0.528125 0.341797 0.421875 0.318359
1 0.795853 0.119666 0.892007 0.143705 0.884375 0.191406 0.788221 0.167367
1 0.922570 0.164340 0.998438 0.176168 0.998438 0.224610 0.918011 0.212782
1 0.620808 0.273227 0.731251 0.294921 0.726068 0.336147 0.615625 0.314452
1 0.243278 0.015322 0.362588 0.036327 0.358373 0.073740 0.239062 0.052735
1 0.682674 0.000000 0.774861 0.000906 0.770312 0.048828 0.678125 0.035156
1 0.652250 0.138800 0.745312 0.156249 0.739868 0.201616 0.646806 0.184167
1 0.522531 0.157406 0.557812 0.175781 0.524343 0.276188 0.489062 0.257813
1 0.641647 0.193033 0.732812 0.201172 0.730227 0.246421 0.639062 0.238282
1 0.495760 0.000000 0.532812 0.000000 0.512052 0.069923 0.475000 0.052734
1 0.923497 0.203383 0.998438 0.217117 0.998438 0.263671 0.918385 0.249937
1 0.629943 0.240059 0.731506 0.253731 0.728125 0.292969 0.626562 0.279297
1 0.457751 0.000000 0.492187 0.000000 0.468811 0.062950 0.434375 0.042968
1 0.903495 0.283724 0.998438 0.299384 0.998438 0.335938 0.899781 0.320278
1 0.801562 0.089844 0.898437 0.113282 0.892504 0.151602 0.795629 0.128164
1 0.928579 0.129377 0.998438 0.141215 0.998438 0.183594 0.924251 0.171755
1 0.540272 0.000000 0.575000 0.000000 0.553478 0.080850 0.518750 0.066406
1 0.425258 0.045799 0.459375 0.058593 0.435680 0.157325 0.401563 0.144531
1 0.596236 0.000000 0.634375 0.000000 0.611264 0.080731 0.573125 0.063671
1 0.469944 0.054643 0.503125 0.070312 0.475368 0.162153 0.442187 0.146484
1 0.918933 0.247843 0.998438 0.253916 0.998437 0.293173 0.917058 0.287100
1 0.670149 0.036715 0.765462 0.042574 0.764063 0.078125 0.668750 0.072266
1 0.932813 0.091797 0.998438 0.099903 0.998437 0.138671 0.929879 0.130565
1 0.661659 0.100961 0.750000 0.123046 0.744591 0.156851 0.656250 0.134766
1 0.666582 0.070633 0.757207 0.088211 0.753125 0.121093 0.662499 0.103515
1 0.944424 0.044843 0.998438 0.050824 0.998438 0.089923 0.941783 0.083942
