0 0.286581 0.925745 0.421875 0.927735 0.421231 0.996131 0.285937 0.994141
0 0.479688 0.304688 0.481334 0.376727 0.357818 0.381138 0.356172 0.309099
0 0.596923 0.727811 0.598485 0.895780 0.549999 0.896485 0.548437 0.728516
0 0.312279 0.597548 0.435937 0.601562 0.434595 0.666125 0.310937 0.662110
0 0.318020 0.523240 0.428125 0.525390 0.427292 0.591994 0.317187 0.589844
0 0.307346 0.679575 0.435938 0.683593 0.434842 0.738393 0.306250 0.734375
0 0.394492 0.143986 0.440625 0.152344 0.424257 0.293514 0.378125 0.285156
0 0.344134 0.388855 0.456635 0.394714 0.454688 0.453125 0.342187 0.447266
0 0.334375 0.460937 0.451563 0.460937 0.451563 0.515625 0.334375 0.515625
0 0.508691 0.059584 0.509375 0.114259 0.409375 0.116212 0.408691 0.061537
