0 0.504858 0.713533 0.604688 0.757812 0.587500 0.818359 0.487670 0.774080
0 0.122370 0.933923 0.126562 0.986328 0.032812 0.998047 0.028620 0.945642
0 0.514063 0.851563 0.598437 0.908203 0.579863 0.951435 0.495489 0.894795
0 0.503328 0.288829 0.589182 0.293301 0.587416 0.346269 0.501562 0.341797
0 0.675887 0.560386 0.766511 0.581870 0.759375 0.628906 0.668751 0.607422
0 0.756678 0.507495 0.759375 0.554687 0.668322 0.562817 0.665625 0.515625
0 0.501562 0.576172 0.585938 0.576172 0.585938 0.626953 0.501562 0.626953
0 0.754688 0.214843 0.756058 0.261940 0.670121 0.265847 0.668750 0.218750
0 0.746477 0.007598 0.756250 0.048829 0.666023 0.082246 0.656250 0.041016
0 0.750619 0.402266 0.754687 0.453125 0.675943 0.462968 0.671875 0.412109
0 0.498437 0.511719 0.584375 0.515625 0.583015 0.562367 0.497078 0.558461
0 0.581250 0.623047 0.585911 0.672568 0.506224 0.684287 0.501563 0.634766
0 0.756250 0.269531 0.757807 0.318203 0.676562 0.322265 0.675005 0.273593
0 0.688636 0.976562 0.782812 0.976562 0.782812 0.998047 0.688636 0.998047
0 0.586024 0.447108 0.587499 0.494141 0.504600 0.498204 0.503125 0.451171
0 0.503022 0.932456 0.584375 0.958984 0.575000 0.998047 0.493647 0.977378
0 0.512030 0.379509 0.592188 0.392578 0.587500 0.437499 0.507342 0.424430
0 0.721875 0.868163 0.759375 0.887694 0.732331 0.968825 0.694831 0.949294
0 0.678125 0.365234 0.760937 0.365234 0.760937 0.408203 0.678125 0.408203
0 0.535938 0.798829 0.610938 0.822266 0.602114 0.866383 0.527114 0.842946
0 0.591555 0.140527 0.592188 0.181640 0.506883 0.183691 0.506250 0.142578
0 0.754688 0.320313 0.755485 0.367167 0.681250 0.369141 0.680453 0.322287
0 0.581733 0.681838 0.590625 0.730468 0.522955 0.749803 0.514063 0.701172
0 0.496875 0.195312 0.575457 0.208707 0.570769 0.251675 0.492187 0.238281
0 0.512500 0.099609 0.592188 0.109375 0.588850 0.151935 0.509162 0.142169
0 0.506250 0.339844 0.589063 0.353516 0.584804 0.393828 0.501991 0.380157
0 0.506210 0.010474 0.582772 0.028052 0.576562 0.070312 0.500000 0.052734
0 0.585582 0.062756 0.587500 0.103515 0.507813 0.109374 0.505894 0.068615
0 0.511198 0.000000 0.581251 0.000000 0.573179 0.036156 0.503125 0.011719
0 0.505787 0.249950 0.579687 0.257812 0.577024 0.296924 0.503125 0.289062
0 0.749760 0.072716 0.754928 0.105017 0.678606 0.124098 0.673438 0.091797
0 0.750000 0.126953 0.753265 0.158928 0.679828 0.170647 0.676563 0.138672
0 0.687500 0.175782 0.748438 0.175782 0.748438 0.212890 0.687500 0.212890
0 0.732197 0.456790 0.734375 0.492187 0.673437 0.498046 0.671259 0.462649
4 0.092187 0.835937 0.097415 0.915820 0.000000 0.925781 0.000000 0.845899
4 0.070366 0.718603 0.173491 0.777197 0.150000 0.841797 0.046875 0.783203
