1 0.928125 0.718750 0.975000 0.890625 0.917003 0.915340 0.870128 0.743464
1 0.800000 0.738281 0.846875 0.914063 0.792500 0.936719 0.745625 0.760937
1 0.691661 0.764255 0.706250 0.937500 0.646875 0.945313 0.632286 0.772068
1 0.860937 0.732421 0.906250 0.912109 0.854945 0.932325 0.809632 0.752637
1 0.743749 0.763672 0.762112 0.928941 0.705863 0.938706 0.687500 0.773438
1 0.323438 0.794922 0.381250 0.794922 0.381250 0.957032 0.323438 0.957032
1 0.442187 0.791015 0.449999 0.960937 0.401453 0.964425 0.393641 0.794503
1 0.621779 0.778277 0.637500 0.945312 0.590721 0.952191 0.575000 0.785156
1 0.564063 0.771484 0.574128 0.941343 0.528027 0.945612 0.517962 0.775753
4 0.456250 0.388672 0.465625 0.541016 0.406838 0.546668 0.397463 0.394324
4 0.665625 0.369140 0.687500 0.523437 0.633307 0.535442 0.611432 0.381145
4 0.568751 0.376953 0.575000 0.527344 0.518902 0.530987 0.512652 0.380596
4 0.926580 0.347215 0.965625 0.500001 0.915608 0.519973 0.876563 0.367188
4 0.885660 0.353543 0.914062 0.503906 0.861214 0.519503 0.832812 0.369140
4 0.506250 0.382813 0.517187 0.535157 0.463076 0.541227 0.452139 0.388883
4 0.290614 0.397575 0.343750 0.398438 0.342188 0.548829 0.289052 0.547966
4 0.401563 0.392578 0.404777 0.539247 0.353125 0.541016 0.349911 0.394347
4 0.240701 0.404638 0.289062 0.406250 0.285861 0.556300 0.237500 0.554688
4 0.620730 0.384128 0.632813 0.535157 0.585938 0.541016 0.573855 0.389987
4 0.719526 0.369179 0.739838 0.519570 0.693750 0.529297 0.673437 0.378906
4 0.783826 0.374869 0.795313 0.513672 0.748614 0.519711 0.737127 0.380908
4 0.831164 0.362264 0.850000 0.507812 0.806336 0.516641 0.787500 0.371094
