0 0.710214 0.855803 0.753964 0.924162 0.725000 0.953125 0.681250 0.884766
0 0.401557 0.804877 0.415625 0.843750 0.346881 0.882623 0.332813 0.843750
0 0.370040 0.753461 0.385937 0.789063 0.318750 0.835938 0.302853 0.800336
0 0.757922 0.935335 0.801563 0.998047 0.778017 0.998047 0.734375 0.960938
0 0.337500 0.720703 0.349869 0.755264 0.290494 0.788467 0.278125 0.753906
0 0.372598 0.195041 0.375000 0.226563 0.307089 0.234648 0.304688 0.203125
0 0.409803 0.384118 0.439063 0.451172 0.415197 0.467444 0.385937 0.400390
0 0.654723 0.624752 0.681249 0.630859 0.670275 0.705326 0.643749 0.699219
0 0.460024 0.457207 0.489062 0.513672 0.464976 0.533026 0.435938 0.476562
0 0.277274 0.445213 0.300000 0.500000 0.272726 0.517677 0.250000 0.462891
0 0.379372 0.294647 0.387678 0.353477 0.359867 0.359611 0.351562 0.300781
0 0.029593 0.000000 0.048438 0.031249 0.018733 0.053941 0.000000 0.015394
0 0.358449 0.002514 0.369769 0.025508 0.322257 0.062056 0.310937 0.039062
0 0.079146 0.102543 0.104688 0.148438 0.083354 0.166989 0.057812 0.121094
0 0.341784 0.000000 0.350000 0.007813 0.299282 0.034635 0.291066 0.010359
0 0.153971 0.000000 0.181250 0.023438 0.161653 0.046300 0.134374 0.009766
0 0.262334 0.155685 0.293750 0.197265 0.276728 0.217361 0.245312 0.175781
0 0.044658 0.039088 0.070312 0.083984 0.050654 0.101536 0.025000 0.056640
0 0.357813 0.078125 0.414583 0.080096 0.414063 0.103515 0.357293 0.101544
0 0.356249 0.115235 0.414062 0.115235 0.414062 0.136719 0.356249 0.136719
0 0.180469 0.043946 0.206250 0.076172 0.191407 0.094726 0.165626 0.062500
4 0.157812 0.230469 0.201500 0.303281 0.175000 0.328125 0.131313 0.255313
