0 0.034375 0.722657 0.039061 0.757451 0.000000 0.765671 0.000000 0.730877
0 0.060938 0.574219 0.063701 0.609419 0.000000 0.617233 0.000000 0.582033
0 0.023438 0.912110 0.026542 0.951887 0.000000 0.955124 0.000000 0.915347
0 0.051563 0.765625 0.054797 0.800757 0.000000 0.808639 0.000000 0.773507
0 0.031250 0.677735 0.036347 0.712397 0.000000 0.720749 0.000000 0.686087
0 0.056250 0.500000 0.059230 0.535171 0.000000 0.543014 0.000000 0.507843
0 0.051563 0.527344 0.054797 0.562476 0.000000 0.570358 0.000000 0.535226
0 0.071875 0.615235 0.074622 0.650437 0.010559 0.658249 0.007812 0.623047
0 0.029688 0.818360 0.035018 0.852939 0.000000 0.861374 0.000000 0.826794
0 0.021875 0.960938 0.024622 0.996140 0.000085 0.998047 0.000000 0.963930
0 0.596875 0.519532 0.599622 0.554734 0.535559 0.562546 0.532812 0.527344
0 0.596875 0.554688 0.599622 0.589890 0.535559 0.597702 0.532812 0.562500
0 0.604688 0.599610 0.607435 0.634812 0.543372 0.642624 0.540625 0.607422
0 0.628125 0.732422 0.630872 0.767624 0.566809 0.775436 0.564062 0.740234
0 0.609375 0.632813 0.612122 0.668015 0.548059 0.675827 0.545312 0.640625
0 0.603125 0.679688 0.605872 0.714890 0.541809 0.722702 0.539062 0.687500
0 0.601563 0.808594 0.604310 0.843796 0.540247 0.851608 0.537500 0.816406
0 0.598438 0.863282 0.601185 0.898484 0.537122 0.906296 0.534375 0.871094
0 0.595313 0.919922 0.598060 0.955124 0.533997 0.962936 0.531250 0.927734
0 0.630748 0.976433 0.632435 0.998047 0.567312 0.998047 0.565625 0.984375
0 0.060938 0.457032 0.063701 0.492232 0.000000 0.500046 0.000000 0.464846
0 0.587500 0.468750 0.590247 0.503952 0.526184 0.511764 0.523437 0.476562
0 0.599668 0.421512 0.601562 0.457031 0.550332 0.461300 0.548438 0.425781
0 0.645428 0.364568 0.648553 0.399724 0.601563 0.406251 0.598438 0.371094
0 0.643750 0.882813 0.653125 0.947266 0.629613 0.952610 0.620238 0.888156
0 0.997651 0.319534 0.998438 0.345703 0.966411 0.375777 0.954687 0.349609
0 0.988486 0.427568 0.998438 0.436771 0.988286 0.489059 0.970836 0.479856
0 0.998438 0.387895 0.998438 0.412738 0.974224 0.444138 0.960918 0.419294
