0 0.345313 0.841797 0.396761 0.848942 0.384261 0.989567 0.332813 0.982422
0 0.964063 0.765625 0.970313 0.898438 0.928087 0.901543 0.921837 0.768730
0 0.084075 0.678279 0.185938 0.707031 0.176863 0.757267 0.075000 0.728515
0 0.417187 0.880860 0.460269 0.892527 0.439957 0.998047 0.396875 0.998047
0 0.267684 0.486466 0.309871 0.498185 0.289062 0.615234 0.246875 0.603515
0 0.535989 0.817311 0.575000 0.820312 0.568699 0.948313 0.529688 0.945312
0 0.465703 0.887149 0.504687 0.890625 0.498358 0.998047 0.459375 0.998047
0 0.390112 0.469087 0.432813 0.474609 0.423438 0.587891 0.380737 0.582369
0 0.331156 0.426602 0.374906 0.434414 0.362500 0.542968 0.318750 0.535156
0 0.000000 0.533400 0.078688 0.582379 0.059375 0.630860 0.000000 0.581881
0 0.719825 0.739317 0.765137 0.743224 0.759375 0.847657 0.714063 0.843751
0 0.700066 0.721855 0.701629 0.840995 0.662500 0.841797 0.660937 0.722657
0 0.757799 0.418998 0.798438 0.419922 0.796876 0.527344 0.756236 0.526420
0 0.883648 0.749919 0.889062 0.837891 0.845570 0.842073 0.840156 0.754101
0 0.592436 0.859400 0.631250 0.863281 0.625000 0.960938 0.586186 0.957057
0 0.639078 0.840820 0.678124 0.841797 0.676562 0.939453 0.637515 0.938477
0 0.291944 0.379646 0.328125 0.384766 0.318750 0.488281 0.282569 0.483161
0 0.376578 0.372657 0.414374 0.375019 0.410938 0.460937 0.373142 0.458575
1 0.490092 0.422018 0.493750 0.568359 0.443750 0.570312 0.440092 0.423971
1 0.940625 0.429687 0.987419 0.432124 0.982731 0.572749 0.935937 0.570312
2 0.107073 0.127055 0.170313 0.148438 0.117927 0.390523 0.054687 0.369141
2 0.065055 0.027393 0.128125 0.052734 0.070883 0.275341 0.007813 0.250000
2 0.157151 0.209210 0.219050 0.224685 0.180649 0.464694 0.118750 0.449219
2 0.685937 0.318360 0.742923 0.327970 0.716361 0.574064 0.659375 0.564454
2 0.559626 0.298220 0.617438 0.304080 0.601562 0.548828 0.543750 0.542968
