0 0.055604 0.653648 0.068750 0.685547 0.013146 0.721352 0.000000 0.689453
0 0.936081 0.575089 0.981393 0.616104 0.967188 0.640625 0.921875 0.599610
0 0.780115 0.645288 0.805115 0.703882 0.782813 0.718750 0.757813 0.660156
0 0.097669 0.704544 0.106250 0.726562 0.045313 0.763672 0.036732 0.741654
0 0.212500 0.871094 0.222381 0.899596 0.175506 0.924987 0.165625 0.896484
0 0.169689 0.774892 0.179688 0.800782 0.130311 0.830578 0.120312 0.804688
0 0.079911 0.684955 0.085938 0.703125 0.017745 0.738469 0.011718 0.720299
0 0.889062 0.652343 0.922884 0.706700 0.908822 0.720372 0.875000 0.666015
4 0.805372 0.576750 0.992872 0.797453 0.960938 0.839844 0.773438 0.619141
4 0.443766 0.811723 0.582812 0.998047 0.545296 0.998047 0.406250 0.855469
4 0.661997 0.698686 0.811997 0.899858 0.779687 0.937500 0.629687 0.736328
4 0.597956 0.739733 0.744830 0.936998 0.712500 0.974609 0.565626 0.777344
4 0.561764 0.779916 0.693750 0.968750 0.658548 0.998047 0.526562 0.818360
4 0.055719 0.371921 0.182812 0.546875 0.147405 0.587064 0.020312 0.412109
4 0.950891 0.472222 0.998438 0.684989 0.970949 0.700501 0.913879 0.487734
4 0.518029 0.818396 0.639062 0.998047 0.603845 0.998047 0.482812 0.855469
4 0.737136 0.083223 0.875877 0.211408 0.846555 0.260997 0.707813 0.132812
4 0.528897 0.184421 0.674302 0.340211 0.645405 0.382353 0.500000 0.226563
4 0.871896 0.045721 0.993751 0.152344 0.962479 0.208185 0.840625 0.101562
4 0.181441 0.390866 0.308004 0.551023 0.276563 0.589844 0.150000 0.429687
4 0.695965 0.668890 0.867188 0.880860 0.844661 0.909293 0.673438 0.697322
4 0.726468 0.650492 0.906249 0.833985 0.886298 0.864528 0.706516 0.681035
4 0.419692 0.233452 0.552505 0.391655 0.525000 0.427734 0.392187 0.269531
4 0.147316 0.410269 0.257813 0.566406 0.226122 0.601449 0.115625 0.445312
4 0.383696 0.271173 0.521809 0.417718 0.499050 0.451233 0.360937 0.304688
4 0.348509 0.292815 0.479758 0.437346 0.456250 0.470703 0.325000 0.326172
4 0.504728 0.229145 0.632812 0.365234 0.609334 0.399761 0.481250 0.263672
4 0.473078 0.259779 0.603125 0.394531 0.580286 0.428971 0.450239 0.294219
4 0.310652 0.314417 0.439062 0.462891 0.415910 0.494177 0.287500 0.345703
4 0.256690 0.376376 0.385938 0.523437 0.363222 0.554632 0.233974 0.407571
4 0.644525 0.173160 0.751562 0.300781 0.724225 0.336606 0.617188 0.208985
4 0.684298 0.145106 0.782812 0.257813 0.753202 0.298254 0.654688 0.185547
4 0.597220 0.196434 0.709475 0.312349 0.685691 0.348336 0.573437 0.232421
4 0.229075 0.393729 0.345312 0.541016 0.322487 0.569161 0.206250 0.421875
4 0.097657 0.249024 0.207813 0.386719 0.184375 0.416016 0.074219 0.278321
4 0.877869 0.553217 0.998438 0.701171 0.984475 0.728242 0.857657 0.580287
4 0.260650 0.152414 0.379925 0.272108 0.359899 0.303288 0.240625 0.183594
4 0.184994 0.170766 0.303114 0.316393 0.283746 0.340941 0.165626 0.195313
4 0.175056 0.223118 0.295312 0.363281 0.276724 0.388200 0.156468 0.248037
4 0.140624 0.230469 0.250000 0.357422 0.230578 0.383567 0.121202 0.256614
4 0.480461 0.068138 0.592187 0.152344 0.576255 0.185374 0.464529 0.101168
4 0.288922 0.134606 0.393750 0.253906 0.375140 0.279456 0.270312 0.160156
4 0.332895 0.123008 0.423520 0.228477 0.403125 0.255860 0.312500 0.150391
4 0.454797 0.068703 0.543749 0.173828 0.523327 0.200829 0.434375 0.095704
4 0.571254 0.002956 0.698438 0.087890 0.687042 0.114554 0.559858 0.029620
4 0.229827 0.008389 0.325000 0.121094 0.306893 0.144985 0.211720 0.032280
4 0.273437 0.007813 0.365625 0.111328 0.347548 0.136482 0.255361 0.032966
4 0.553498 0.024001 0.673438 0.109375 0.661848 0.134817 0.541908 0.049443
4 0.067290 0.273982 0.138243 0.380411 0.116266 0.403304 0.045313 0.296875
4 0.521651 0.034902 0.632813 0.115234 0.621239 0.140258 0.510077 0.059926
4 0.228385 0.186448 0.318751 0.281250 0.303555 0.303882 0.213190 0.209080
4 0.359572 0.114526 0.448437 0.210937 0.433522 0.232418 0.344657 0.136007
4 0.388422 0.092757 0.471875 0.179687 0.456634 0.202549 0.373181 0.115619
4 0.497896 0.043413 0.607606 0.128115 0.597210 0.149155 0.487500 0.064453
4 0.428767 0.096809 0.510937 0.189452 0.496233 0.209831 0.414063 0.117187
