0 0.977756 0.863752 0.998438 0.873205 0.998438 0.998047 0.958732 0.988593
0 0.270200 0.888226 0.306250 0.908204 0.267300 0.998047 0.231250 0.998047
0 0.881782 0.835603 0.925054 0.849627 0.901084 0.965195 0.857812 0.951171
0 0.142657 0.621289 0.184375 0.638672 0.154219 0.751757 0.112501 0.734374
0 0.124951 0.853682 0.162500 0.871094 0.126563 0.992188 0.089014 0.974776
0 0.173888 0.865878 0.212500 0.882813 0.179238 0.998047 0.140626 0.984375
0 0.935410 0.854299 0.978125 0.867187 0.956250 0.980469 0.913535 0.967581
0 0.000000 0.587890 0.038052 0.601012 0.014461 0.707910 0.000000 0.694788
0 0.974044 0.631485 0.998438 0.644158 0.998438 0.749999 0.954504 0.737326
0 0.067192 0.853155 0.107813 0.869140 0.079684 0.980829 0.039063 0.964844
0 0.953581 0.743016 0.995768 0.752782 0.979687 0.861328 0.937500 0.851562
0 0.099782 0.603528 0.137500 0.621093 0.104906 0.730456 0.067188 0.712891
0 0.735949 0.792905 0.775000 0.804688 0.753113 0.918033 0.714062 0.906250
0 0.454165 0.711781 0.493750 0.724610 0.470835 0.835095 0.431250 0.822266
0 0.901728 0.723735 0.942302 0.735723 0.921824 0.844019 0.881250 0.832031
0 0.613339 0.645688 0.653125 0.660156 0.628125 0.767578 0.588339 0.753110
0 0.688944 0.779850 0.728125 0.792969 0.704688 0.902344 0.665507 0.889226
0 0.926562 0.615235 0.966981 0.628113 0.945312 0.734375 0.904893 0.721497
0 0.327248 0.673523 0.364063 0.689453 0.333690 0.799133 0.296875 0.783203
0 0.110333 0.393431 0.148437 0.412110 0.116229 0.514773 0.078125 0.496094
0 0.643750 0.763672 0.680628 0.779596 0.650940 0.887018 0.614063 0.871094
0 0.546374 0.743320 0.583522 0.758094 0.556250 0.865234 0.519102 0.850460
0 0.779540 0.576999 0.818750 0.587891 0.800000 0.693359 0.760790 0.682467
0 0.240860 0.430490 0.281250 0.443359 0.260702 0.544120 0.220312 0.531251
0 0.837571 0.587627 0.875000 0.603516 0.846803 0.707295 0.809375 0.691406
0 0.317721 0.903048 0.350000 0.919922 0.318217 0.998047 0.285938 0.998047
0 0.228663 0.879175 0.259914 0.894801 0.221875 0.998047 0.190624 0.998047
0 0.733227 0.563260 0.771875 0.578125 0.746875 0.679688 0.708227 0.664823
0 0.382812 0.466797 0.418243 0.482097 0.388556 0.589519 0.353125 0.574219
0 0.505778 0.727037 0.541716 0.742662 0.512500 0.847657 0.476562 0.832032
0 0.279031 0.656912 0.317187 0.671875 0.292187 0.771484 0.254031 0.756521
0 0.410978 0.929721 0.448438 0.951172 0.423397 0.998047 0.385938 0.998047
0 0.756250 0.681641 0.792880 0.691144 0.775000 0.798827 0.738370 0.789324
0 0.308731 0.553515 0.345312 0.570312 0.316269 0.669141 0.279688 0.652344
0 0.372716 0.689881 0.407813 0.703125 0.381972 0.810119 0.346875 0.796875
0 0.150485 0.407630 0.189062 0.419922 0.168750 0.519532 0.130172 0.507240
0 0.507393 0.502763 0.543750 0.515625 0.520313 0.619141 0.483956 0.606278
0 0.598424 0.521552 0.634375 0.533203 0.612500 0.638672 0.576549 0.627021
0 0.082246 0.498435 0.116620 0.517967 0.081250 0.615235 0.046876 0.595703
0 0.199745 0.414915 0.235937 0.429687 0.209629 0.530397 0.173437 0.515625
0 0.286305 0.443244 0.321875 0.453125 0.302757 0.560662 0.267187 0.550781
0 0.364908 0.917680 0.398438 0.935547 0.371030 0.998047 0.337500 0.998047
0 0.709599 0.670775 0.743750 0.681641 0.721651 0.790163 0.687500 0.779297
0 0.641285 0.544778 0.678125 0.558593 0.654688 0.656250 0.617847 0.642435
0 0.688571 0.548553 0.723438 0.562500 0.697367 0.664338 0.662500 0.650391
0 0.222656 0.536133 0.257812 0.550782 0.231094 0.650977 0.195938 0.636328
0 0.391951 0.585268 0.428125 0.595704 0.409375 0.697266 0.373201 0.686830
0 0.575000 0.634765 0.609811 0.648690 0.584376 0.748047 0.549565 0.734122
0 0.464290 0.484913 0.498438 0.498047 0.473438 0.599609 0.439290 0.586475
0 0.665625 0.658203 0.698906 0.672070 0.671875 0.773437 0.638594 0.759570
0 0.437244 0.594247 0.473181 0.607918 0.450000 0.703125 0.414063 0.689454
0 0.070704 0.378209 0.101562 0.392579 0.069920 0.498745 0.039062 0.484375
0 0.557812 0.519531 0.593037 0.531118 0.572494 0.628699 0.537269 0.617112
0 0.172133 0.520409 0.206250 0.533203 0.182555 0.631935 0.148438 0.619141
0 0.046104 0.602888 0.079688 0.615235 0.056250 0.714844 0.022666 0.702497
0 0.531250 0.623046 0.565741 0.636245 0.542188 0.732422 0.507697 0.719224
0 0.356411 0.571230 0.389062 0.583985 0.363901 0.684630 0.331250 0.671875
0 0.030348 0.361992 0.059375 0.380859 0.018750 0.478515 0.000000 0.459648
0 0.035793 0.484867 0.068750 0.500000 0.040625 0.595703 0.007668 0.580570
0 0.326347 0.460449 0.362500 0.468750 0.348437 0.564453 0.312284 0.556152
0 0.415625 0.705078 0.449882 0.717313 0.428007 0.813016 0.393750 0.800781
0 0.127137 0.507823 0.160938 0.523437 0.133801 0.615223 0.100000 0.599609
0 0.482988 0.610487 0.515625 0.621094 0.495138 0.719591 0.462501 0.708984
0 0.421043 0.479376 0.452293 0.491094 0.428125 0.591797 0.396875 0.580078
