0 0.744229 0.867176 0.770313 0.988282 0.729687 0.998047 0.703603 0.880848
0 0.882748 0.832200 0.915624 0.947266 0.876626 0.964676 0.843750 0.849610
0 0.929623 0.822434 0.962499 0.937500 0.923501 0.954910 0.890625 0.839844
0 0.976498 0.800950 0.998438 0.916016 0.970376 0.933426 0.937500 0.818360
0 0.306742 0.748933 0.329688 0.855469 0.289062 0.869141 0.266116 0.762605
0 0.608830 0.538095 0.634375 0.644532 0.594954 0.659315 0.569409 0.552878
0 0.623125 0.633593 0.652032 0.741992 0.614063 0.757813 0.585156 0.649414
0 0.438632 0.711738 0.464062 0.826173 0.426992 0.839044 0.401562 0.724609
0 0.490195 0.686347 0.515625 0.800782 0.478555 0.813653 0.453125 0.699218
0 0.831223 0.854176 0.856250 0.966797 0.818777 0.979808 0.793750 0.867187
0 0.538888 0.668029 0.562500 0.773437 0.523438 0.787109 0.499826 0.681701
0 0.195946 0.855281 0.217188 0.966797 0.180644 0.977673 0.159402 0.866157
0 0.854627 0.558403 0.887500 0.662110 0.851623 0.679879 0.818750 0.576172
0 0.903065 0.556450 0.935938 0.660157 0.900061 0.677926 0.867188 0.574219
0 0.173649 0.720641 0.193750 0.826172 0.155375 0.837593 0.135274 0.732062
0 0.478446 0.367177 0.503447 0.470693 0.467188 0.484375 0.442187 0.380859
0 0.694902 0.508066 0.723027 0.609628 0.687500 0.625000 0.659375 0.523438
0 0.727714 0.603769 0.755839 0.705331 0.720312 0.720703 0.692187 0.619141
0 0.771464 0.582284 0.799589 0.683846 0.764062 0.699218 0.735937 0.597656
0 0.735527 0.492441 0.763652 0.594003 0.728125 0.609375 0.700000 0.507813
0 0.650996 0.516472 0.678124 0.623047 0.643750 0.636719 0.616621 0.530143
0 0.777739 0.482897 0.803125 0.580078 0.766011 0.595226 0.740625 0.498046
0 0.279410 0.635571 0.304687 0.740234 0.270590 0.753101 0.245312 0.648438
0 0.258030 0.532362 0.278343 0.635878 0.243750 0.646484 0.223437 0.542969
0 0.485290 0.474337 0.504687 0.576172 0.469974 0.586503 0.450577 0.484668
0 0.343817 0.724911 0.367255 0.830380 0.334375 0.841797 0.310937 0.736328
0 0.392255 0.715146 0.415693 0.820615 0.382813 0.832032 0.359375 0.726563
0 0.869106 0.361932 0.903125 0.455078 0.869956 0.474006 0.835937 0.380860
0 0.837856 0.270135 0.871875 0.363281 0.838706 0.382209 0.804687 0.289063
0 0.950356 0.420525 0.984375 0.513671 0.951206 0.532599 0.917187 0.439453
0 0.903481 0.443963 0.937500 0.537109 0.904331 0.556037 0.870312 0.462891
0 0.864419 0.459588 0.898438 0.552734 0.865269 0.571662 0.831250 0.478516
0 0.939419 0.537713 0.973438 0.630859 0.940269 0.649787 0.906250 0.556641
0 0.980044 0.520135 0.998438 0.613281 0.980894 0.632209 0.946875 0.539063
0 0.311960 0.539589 0.326563 0.630860 0.287501 0.640625 0.272897 0.549354
0 0.824219 0.471680 0.849219 0.565430 0.814063 0.580078 0.789063 0.486328
0 0.506250 0.568360 0.532812 0.667969 0.500000 0.681641 0.473438 0.582031
0 0.374910 0.620676 0.395313 0.714844 0.359466 0.726980 0.339063 0.632812
0 0.882808 0.242537 0.909375 0.335938 0.875004 0.351213 0.848437 0.257813
0 0.964874 0.026418 0.989063 0.119141 0.953816 0.133508 0.929627 0.040785
0 0.854398 0.000000 0.879688 0.058594 0.845542 0.076282 0.820252 0.000000
0 0.925812 0.040090 0.950001 0.132813 0.914754 0.147180 0.890565 0.054457
0 0.909518 0.328535 0.942331 0.422285 0.910937 0.439453 0.878125 0.345703
0 0.794997 0.064882 0.823438 0.158203 0.790625 0.173828 0.762185 0.080507
0 0.837185 0.055117 0.865626 0.148438 0.832813 0.164063 0.804373 0.070742
0 0.669308 0.418425 0.695312 0.507812 0.660937 0.523437 0.634934 0.434050
0 0.644308 0.326628 0.670312 0.416015 0.635937 0.431640 0.609934 0.342253
0 0.349336 0.512839 0.371875 0.607422 0.338164 0.619973 0.315625 0.525390
0 0.397774 0.516746 0.420313 0.611329 0.386602 0.623880 0.364063 0.529297
0 0.463399 0.585105 0.485938 0.679688 0.452227 0.692240 0.429688 0.597656
0 0.416524 0.616355 0.439063 0.710938 0.405352 0.723489 0.382813 0.628906
0 0.375899 0.413229 0.398438 0.507813 0.364727 0.520365 0.342188 0.425781
0 0.443086 0.489402 0.465625 0.583985 0.431914 0.596537 0.409375 0.501953
0 0.418086 0.395652 0.440625 0.490235 0.406914 0.502787 0.384375 0.408203
0 0.710937 0.404297 0.731250 0.494140 0.695517 0.506763 0.675204 0.416920
0 0.603125 0.335938 0.626993 0.435385 0.595743 0.447104 0.571876 0.347657
0 0.516417 0.362666 0.545313 0.458985 0.514833 0.473272 0.485937 0.376953
0 0.532042 0.460322 0.560938 0.556641 0.530458 0.570928 0.501562 0.474609
0 0.575792 0.444697 0.604688 0.541016 0.574208 0.555303 0.545313 0.458984
0 0.971137 0.230332 0.998438 0.316407 0.969490 0.334121 0.939063 0.248047
0 0.963323 0.322128 0.993750 0.408203 0.961677 0.425918 0.931250 0.339843
0 0.456250 0.185547 0.478125 0.275390 0.444924 0.288021 0.423049 0.198178
0 0.414062 0.197266 0.435937 0.287109 0.402736 0.299740 0.380860 0.209897
0 0.371875 0.210938 0.393750 0.300781 0.360548 0.313412 0.338674 0.223569
0 0.496875 0.173829 0.518750 0.263672 0.485549 0.276303 0.463674 0.186460
0 0.673277 0.113313 0.701563 0.208985 0.672035 0.222625 0.643750 0.126953
0 0.712340 0.099641 0.740626 0.195313 0.711098 0.208953 0.682813 0.113281
0 0.624615 0.428272 0.650000 0.521484 0.619135 0.534618 0.593750 0.441406
0 0.558990 0.352100 0.584375 0.445312 0.553510 0.458446 0.528125 0.365234
0 0.584375 0.164062 0.601563 0.255859 0.568721 0.265468 0.551533 0.173671
0 0.753929 0.395455 0.776563 0.484375 0.744510 0.497123 0.721875 0.408203
0 0.789866 0.385689 0.812500 0.474609 0.780446 0.487357 0.757812 0.398437
0 0.764866 0.295846 0.787500 0.384766 0.755446 0.397514 0.732812 0.308594
0 0.290625 0.441407 0.306250 0.531251 0.273297 0.540205 0.257672 0.450361
0 0.243750 0.445313 0.259375 0.535157 0.226422 0.544111 0.210797 0.454267
0 0.207813 0.261719 0.228125 0.359375 0.198795 0.368907 0.178483 0.271251
0 0.231244 0.171890 0.251033 0.261745 0.220836 0.272136 0.201047 0.182281
0 0.331250 0.234375 0.350216 0.321304 0.318750 0.332031 0.299784 0.245102
0 0.648750 0.028516 0.672188 0.116406 0.642188 0.128906 0.618750 0.041016
0 0.289063 0.250000 0.309375 0.343750 0.280807 0.353422 0.260495 0.259672
0 0.273438 0.160156 0.293750 0.253906 0.265182 0.263578 0.244870 0.169828
0 0.599039 0.048978 0.622476 0.131010 0.592188 0.144532 0.568750 0.062500
0 0.561539 0.080228 0.584976 0.162260 0.554688 0.175782 0.531250 0.093750
0 0.246876 0.251954 0.265626 0.343750 0.236974 0.352894 0.218224 0.261098
0 0.641303 0.135579 0.665624 0.220703 0.636821 0.233561 0.612500 0.148437
0 0.494023 0.011161 0.515625 0.085938 0.484103 0.100167 0.462501 0.025390
0 0.378397 0.044364 0.399999 0.119141 0.368477 0.133370 0.346875 0.058593
0 0.417460 0.034599 0.439062 0.109376 0.407540 0.123605 0.385937 0.048828
0 0.576626 0.000000 0.598437 0.056641 0.567123 0.071555 0.545312 0.000000
0 0.536210 0.005302 0.557812 0.080079 0.526290 0.094308 0.504688 0.019531
0 0.454960 0.026786 0.476562 0.101563 0.445040 0.115792 0.423438 0.041015
0 0.764091 0.000000 0.790625 0.072265 0.762471 0.086703 0.735937 0.005859
0 0.729716 0.016812 0.756250 0.097656 0.728096 0.112094 0.701562 0.031250
0 0.805945 0.000000 0.832813 0.060547 0.804993 0.075929 0.778125 0.000000
0 0.689091 0.020718 0.715625 0.101562 0.687471 0.116000 0.660937 0.035156
0 0.317187 0.152344 0.332980 0.235255 0.303125 0.244140 0.287332 0.161229
0 0.301562 0.070313 0.317355 0.153224 0.287500 0.162109 0.271707 0.079198
0 0.395312 0.117187 0.414062 0.201172 0.385542 0.211121 0.366792 0.127136
0 0.434375 0.105468 0.453125 0.189453 0.424605 0.199402 0.405855 0.115417
0 0.471875 0.095703 0.490625 0.179688 0.462105 0.189637 0.443355 0.105652
0 0.246875 0.009766 0.260072 0.088118 0.231251 0.095702 0.218054 0.017350
0 0.220312 0.099609 0.233509 0.177962 0.204688 0.185547 0.191491 0.107194
0 0.179687 0.113282 0.192884 0.191634 0.164063 0.199218 0.150866 0.120866
0 0.207812 0.021485 0.221009 0.099837 0.192188 0.107422 0.178991 0.029069
0 0.165625 0.033204 0.178822 0.111556 0.150001 0.119140 0.136804 0.040788
0 0.195312 0.181641 0.208509 0.259993 0.179688 0.267577 0.166491 0.189225
0 0.259375 0.087891 0.275000 0.162110 0.245697 0.171749 0.230072 0.097530
