0 0.087564 0.694391 0.089137 0.739230 0.000000 0.744117 0.000000 0.699278
0 0.000000 0.972656 0.084167 0.972656 0.084167 0.998047 0.000000 0.998047
0 0.012828 0.840790 0.089867 0.841793 0.089516 0.883820 0.012477 0.882817
0 0.000000 0.945312 0.078125 0.945312 0.078125 0.988281 0.000000 0.988281
0 0.000000 0.747070 0.082030 0.747070 0.082030 0.788086 0.000000 0.788086
0 0.078906 0.792969 0.080079 0.830024 0.000000 0.833985 0.000000 0.796930
0 0.015626 0.925781 0.081251 0.925781 0.081251 0.972656 0.015626 0.972656
0 0.000000 0.898438 0.085938 0.898438 0.085938 0.933594 0.000000 0.933594
0 0.758594 0.636719 0.839844 0.636719 0.839844 0.673828 0.758594 0.673828
0 0.013119 0.880795 0.090624 0.882813 0.090005 0.919988 0.012500 0.917970
0 0.762500 0.210938 0.765948 0.249738 0.700267 0.258860 0.696818 0.220060
0 0.832969 0.584002 0.833594 0.619141 0.763281 0.621094 0.762657 0.585955
0 0.753907 0.444337 0.814844 0.465821 0.806627 0.502237 0.745690 0.480753
0 0.777243 0.425607 0.844502 0.431759 0.842485 0.466206 0.775226 0.460053
0 0.864156 0.209369 0.865719 0.248431 0.809375 0.251953 0.807813 0.212891
0 0.063429 0.046586 0.093116 0.050492 0.087499 0.117188 0.057812 0.113282
0 0.075000 0.062501 0.104688 0.062501 0.104688 0.126953 0.075000 0.126953
0 0.792311 0.356213 0.793750 0.387695 0.735815 0.391833 0.734376 0.360351
3 0.767832 0.021467 0.768750 0.074218 0.696230 0.076189 0.695312 0.023438
