0 0.301562 0.847656 0.312500 0.917968 0.200000 0.945312 0.189062 0.875000
0 0.594099 0.854874 0.706250 0.878906 0.696525 0.949814 0.584374 0.925782
0 0.343355 0.768833 0.398043 0.780551 0.378125 0.925782 0.323437 0.914063
0 0.415659 0.475531 0.473437 0.476562 0.471841 0.616266 0.414063 0.615234
0 0.289063 0.705078 0.340390 0.727722 0.301563 0.865234 0.250236 0.842590
0 0.170313 0.689453 0.220313 0.705078 0.190625 0.853516 0.140625 0.837890
0 0.047162 0.468016 0.168750 0.488281 0.162214 0.549562 0.040626 0.529297
0 0.075066 0.736754 0.126562 0.740234 0.120246 0.886292 0.068750 0.882812
0 0.180831 0.945297 0.286055 0.949224 0.284795 0.998047 0.179571 0.998047
0 0.536232 0.726418 0.590612 0.732597 0.580942 0.865554 0.526562 0.859374
0 0.481372 0.756767 0.529687 0.765625 0.512500 0.912109 0.464185 0.903251
0 0.489062 0.552734 0.543750 0.552734 0.543750 0.683594 0.489062 0.683594
0 0.311041 0.934944 0.372397 0.943017 0.367083 0.998047 0.305727 0.998047
0 0.729511 0.237838 0.760937 0.285156 0.678125 0.371094 0.646699 0.323776
0 0.302192 0.000000 0.414714 0.000000 0.414084 0.056641 0.301562 0.054688
0 0.521471 0.875568 0.568918 0.887105 0.549858 0.998047 0.502410 0.998047
0 0.242188 0.699219 0.286399 0.723285 0.243750 0.845703 0.199539 0.821637
0 0.812500 0.011719 0.862500 0.011719 0.862500 0.138671 0.812500 0.138671
0 0.217249 0.095408 0.270313 0.097656 0.267127 0.215139 0.214063 0.212890
0 0.017187 0.683594 0.065782 0.696330 0.045287 0.818511 0.000000 0.805774
0 0.606056 0.394673 0.612500 0.519531 0.564062 0.523437 0.557618 0.398579
0 0.589062 0.142578 0.637587 0.149426 0.626562 0.271484 0.578037 0.264636
0 0.805907 0.234327 0.868408 0.331984 0.831251 0.369141 0.768751 0.271484
0 0.048437 0.935547 0.096875 0.935547 0.096875 0.998047 0.048437 0.998047
0 0.507813 0.296875 0.552786 0.308663 0.532473 0.429757 0.487500 0.417969
0 0.760884 0.123340 0.807813 0.136719 0.787500 0.248046 0.740572 0.234667
0 0.432374 0.000000 0.478125 0.000000 0.462938 0.104172 0.417187 0.093750
0 0.746909 0.054869 0.767188 0.111328 0.687467 0.156069 0.667188 0.099610
0 0.737500 0.193360 0.749733 0.242292 0.649734 0.281354 0.637500 0.232422
0 0.276562 0.185547 0.367187 0.193359 0.363970 0.251675 0.273345 0.243863
0 0.815626 0.140625 0.859431 0.142450 0.856250 0.261719 0.812445 0.259894
0 0.301562 0.054688 0.403124 0.066407 0.399380 0.117116 0.297818 0.105397
0 0.597142 0.037473 0.643750 0.042969 0.635670 0.150027 0.589062 0.144531
0 0.420313 0.087890 0.465959 0.099513 0.448772 0.204982 0.403125 0.193359
0 0.254173 0.000000 0.298437 0.000000 0.283327 0.093240 0.239063 0.082031
0 0.565625 0.531250 0.609375 0.531250 0.609375 0.640625 0.565625 0.640625
0 0.194779 0.000000 0.237500 0.007812 0.217187 0.113282 0.174466 0.100426
0 0.600000 0.000000 0.643750 0.000000 0.643750 0.029297 0.600000 0.029297
3 0.635937 0.126953 0.753125 0.126953 0.753125 0.197265 0.635937 0.197265
3 0.297252 0.107251 0.379688 0.119140 0.374624 0.173999 0.292188 0.162110
3 0.445313 0.183594 0.456548 0.231744 0.381548 0.259088 0.370313 0.210938
