1 0.543695 0.582799 0.596870 0.632804 0.422029 0.923309 0.368854 0.873304
1 0.211949 0.474863 0.275011 0.537113 0.150551 0.734121 0.087489 0.671872
1 0.403469 0.650790 0.464062 0.710938 0.334031 0.915616 0.273438 0.855469
1 0.326414 0.529860 0.385938 0.593751 0.254836 0.784594 0.195313 0.720703
1 0.561591 0.660940 0.623438 0.714844 0.504036 0.928904 0.442188 0.875000
1 0.100751 0.379883 0.144050 0.427015 0.000000 0.633789 0.000000 0.586657
1 0.691054 0.127750 0.862500 0.191406 0.846446 0.258968 0.675000 0.195312
1 0.128274 0.419484 0.173438 0.472657 0.043602 0.644970 0.000000 0.591797
1 0.996514 0.565129 0.998438 0.608398 0.965986 0.762995 0.914062 0.719726
1 0.722084 0.093252 0.882812 0.152343 0.871666 0.199716 0.710938 0.140625
4 0.155922 0.448865 0.217187 0.511719 0.078452 0.723011 0.017187 0.660157
