0 0.833635 0.023145 0.837500 0.072265 0.739803 0.084277 0.735938 0.035156
0 0.764912 0.872890 0.778125 0.984376 0.735938 0.992188 0.722725 0.880702
0 0.911444 0.869036 0.927027 0.985906 0.887500 0.994141 0.871917 0.877270
0 0.848438 0.753906 0.860938 0.875000 0.822514 0.881198 0.810014 0.760104
0 0.864063 0.873047 0.876563 0.994140 0.838140 0.998047 0.825640 0.879244
0 0.813988 0.888021 0.826563 0.998047 0.788214 0.998047 0.775640 0.894869
0 0.800001 0.753907 0.812501 0.875000 0.774078 0.881198 0.761577 0.760104
0 0.947378 0.747766 0.962500 0.863281 0.922934 0.871374 0.907812 0.755859
0 0.966128 0.864954 0.981250 0.980469 0.941684 0.988562 0.926562 0.873047
0 0.613958 0.780684 0.618750 0.896485 0.579792 0.899004 0.575000 0.783203
0 0.663958 0.772871 0.668750 0.888672 0.629792 0.891191 0.625000 0.775390
0 0.712500 0.880859 0.726562 0.994141 0.687708 0.998047 0.673646 0.888395
0 0.665625 0.882812 0.679687 0.996094 0.640833 0.998047 0.626771 0.890348
0 0.568553 0.901005 0.582812 0.998047 0.544155 0.998047 0.529896 0.909881
0 0.524739 0.904549 0.539062 0.998047 0.500469 0.998047 0.486146 0.913786
0 0.615483 0.897434 0.629687 0.998047 0.590975 0.998047 0.576771 0.905973
0 0.468608 0.897434 0.482812 0.998047 0.444100 0.998047 0.429896 0.905973
0 0.931580 0.000179 0.935938 0.046875 0.842188 0.060547 0.837830 0.013851
0 0.484375 0.787109 0.521875 0.787109 0.521875 0.904297 0.484375 0.904297
0 0.528125 0.783203 0.565625 0.783203 0.565625 0.900391 0.528125 0.900391
0 0.753125 0.765625 0.765625 0.871094 0.727401 0.878173 0.714901 0.772704
0 0.641239 0.196215 0.681251 0.208984 0.661887 0.303786 0.621875 0.291016
0 0.704687 0.777344 0.717187 0.878907 0.678793 0.886290 0.666293 0.784727
0 0.987271 0.176887 0.995312 0.275391 0.958041 0.280145 0.950000 0.181641
0 0.467139 0.785490 0.470313 0.890625 0.435987 0.892244 0.432813 0.787109
0 0.004687 0.031250 0.040625 0.031250 0.040625 0.128906 0.004687 0.128906
0 0.053125 0.021484 0.089063 0.021484 0.089063 0.119140 0.053125 0.119140
0 0.089062 0.154297 0.125000 0.154297 0.125000 0.251953 0.089062 0.251953
0 0.806039 0.637089 0.818750 0.732422 0.783023 0.739865 0.770312 0.644532
0 0.851352 0.635136 0.864063 0.730469 0.828337 0.737912 0.815625 0.642578
0 0.895102 0.635135 0.907813 0.730468 0.872086 0.737911 0.859375 0.642578
0 0.943538 0.627323 0.956250 0.722656 0.920523 0.730099 0.907812 0.634766
0 0.990413 0.623417 0.998438 0.718750 0.967398 0.726193 0.954687 0.630860
0 0.996663 0.752323 0.998438 0.847656 0.973648 0.855099 0.960937 0.759766
0 0.712626 0.202651 0.720438 0.294448 0.687500 0.298829 0.679688 0.207031
0 0.898046 0.768476 0.909375 0.855469 0.875392 0.862385 0.864063 0.775391
0 0.150000 0.705078 0.153188 0.744132 0.076562 0.753906 0.073374 0.714852
0 0.579083 0.658089 0.585937 0.748047 0.553125 0.751953 0.546271 0.661995
0 0.622833 0.660042 0.629687 0.750000 0.596875 0.753906 0.590021 0.663948
0 0.671271 0.648324 0.678125 0.738282 0.645313 0.742188 0.638459 0.652230
0 0.711896 0.648323 0.718750 0.738281 0.685938 0.742187 0.679084 0.652229
0 0.758771 0.644417 0.765625 0.734375 0.732813 0.738281 0.725959 0.648323
0 0.171874 0.152344 0.179687 0.240234 0.147104 0.244760 0.139291 0.156870
0 0.421875 0.673828 0.426629 0.758987 0.395312 0.761718 0.390559 0.676559
0 0.485937 0.669922 0.490691 0.755081 0.459375 0.757812 0.454621 0.672653
0 0.534375 0.664063 0.539129 0.749222 0.507813 0.751953 0.503060 0.666794
0 0.169197 0.000000 0.178125 0.066407 0.145365 0.072693 0.136437 0.000000
0 0.169250 0.068828 0.178125 0.146485 0.145312 0.152344 0.136437 0.074687
