0 0.632853 0.663119 0.634416 0.776399 0.590625 0.777343 0.589062 0.664062
0 0.998438 0.788764 0.998438 0.839787 0.925628 0.847954 0.922133 0.796931
0 0.977021 0.479185 0.980469 0.528320 0.888605 0.538393 0.885157 0.489258
0 0.096357 0.616772 0.108595 0.661134 0.017969 0.700196 0.005732 0.655834
0 0.139650 0.136122 0.148437 0.185547 0.061912 0.209582 0.053125 0.160157
0 0.998438 0.895077 0.998438 0.949980 0.945863 0.958439 0.940713 0.903537
0 0.139682 0.053926 0.144551 0.096694 0.052506 0.113066 0.047637 0.070298
0 0.139802 0.010705 0.143715 0.052759 0.056292 0.065467 0.052379 0.023413
0 0.136527 0.185633 0.146876 0.233399 0.063475 0.261633 0.053126 0.213867
0 0.132758 0.250609 0.140625 0.292968 0.048492 0.319703 0.040625 0.277344
0 0.121820 0.234984 0.129687 0.277343 0.037554 0.304078 0.029687 0.261719
0 0.100554 0.455630 0.110937 0.496094 0.019758 0.532652 0.009375 0.492188
0 0.143945 0.087561 0.148438 0.125000 0.052931 0.142907 0.048438 0.105468
0 0.376790 0.000000 0.414062 0.000000 0.410832 0.052496 0.373560 0.048912
0 0.118630 0.290264 0.125000 0.330078 0.039062 0.351562 0.032692 0.311748
0 0.103120 0.350425 0.112500 0.390625 0.034380 0.419107 0.025000 0.378907
0 0.106245 0.326987 0.115625 0.367187 0.037505 0.395669 0.028125 0.355469
0 0.106518 0.407207 0.117456 0.446269 0.043750 0.478515 0.032812 0.439453
0 0.134938 0.109630 0.140625 0.144531 0.056250 0.166016 0.050563 0.131115
0 0.109260 0.391352 0.118751 0.427734 0.043866 0.458258 0.034375 0.421876
0 0.935937 0.247001 0.936719 0.288086 0.868752 0.290109 0.867969 0.249024
0 0.941046 0.317683 0.943750 0.359375 0.879267 0.365911 0.876562 0.324219
0 0.941046 0.298152 0.943750 0.339844 0.879267 0.346380 0.876562 0.304688
0 0.104688 0.570312 0.114063 0.609374 0.051562 0.632812 0.042187 0.593750
0 0.101563 0.548828 0.110937 0.587890 0.048437 0.611328 0.039062 0.572266
1 0.154687 0.000000 0.210937 0.000000 0.210937 0.148437 0.154687 0.148437
1 0.146890 0.231372 0.196875 0.232422 0.193736 0.465894 0.143751 0.464844
1 0.237520 0.460339 0.285938 0.460938 0.284355 0.660755 0.235938 0.660156
1 0.281251 0.122071 0.287501 0.301758 0.239019 0.304393 0.232769 0.124706
1 0.098766 0.509222 0.114063 0.556640 0.017188 0.605468 0.001891 0.558050
1 0.098766 0.485785 0.114063 0.533203 0.017188 0.582031 0.001891 0.534613
