0 0.628108 0.896280 0.634409 0.971110 0.603176 0.975219 0.596875 0.900390
0 0.612501 0.792969 0.620359 0.877446 0.596876 0.880859 0.589017 0.796382
0 0.505914 0.620610 0.537164 0.665531 0.518750 0.685546 0.487500 0.640625
0 0.685883 0.257047 0.693750 0.281251 0.642241 0.307407 0.634374 0.283204
0 0.610937 0.722656 0.616610 0.779387 0.591611 0.783294 0.585938 0.726563
0 0.216561 0.309128 0.260938 0.337891 0.250627 0.362748 0.206250 0.333985
0 0.662651 0.067091 0.673438 0.089844 0.629537 0.122363 0.618750 0.099610
0 0.938216 0.326482 0.982992 0.357011 0.972900 0.380138 0.928125 0.349609
0 0.897004 0.331778 0.939063 0.365235 0.927675 0.387603 0.885616 0.354147
0 0.689219 0.289648 0.695312 0.312500 0.643750 0.333984 0.637656 0.311132
0 0.745506 0.337511 0.787565 0.370967 0.776434 0.392831 0.734375 0.359375
0 0.976221 0.321972 0.998438 0.354068 0.998438 0.373340 0.964542 0.341245
0 0.797287 0.326518 0.831250 0.371094 0.816775 0.388326 0.782812 0.343750
0 0.657974 0.000000 0.665625 0.011719 0.621714 0.033674 0.614063 0.009765
0 0.684888 0.336373 0.723950 0.369576 0.712500 0.390625 0.673438 0.357422
0 0.665625 0.437500 0.685402 0.445446 0.671339 0.500134 0.651563 0.492188
0 0.676927 0.198983 0.685937 0.220703 0.643385 0.248284 0.634375 0.226563
0 0.211418 0.340025 0.257813 0.371093 0.249520 0.390443 0.203125 0.359375
0 0.726422 0.650243 0.730204 0.706978 0.710032 0.709079 0.706250 0.652344
0 0.675963 0.228627 0.685937 0.250000 0.645911 0.279185 0.635937 0.257812
0 0.503155 0.677347 0.531281 0.720317 0.515625 0.736329 0.487499 0.693359
0 0.229132 0.201108 0.264062 0.234375 0.252118 0.253970 0.217188 0.220703
0 0.658961 0.049588 0.665211 0.074979 0.626562 0.089844 0.620313 0.064453
0 0.851195 0.335822 0.885938 0.373047 0.873805 0.390740 0.839062 0.353515
0 0.669754 0.126577 0.675000 0.148437 0.631422 0.164779 0.626176 0.142919
0 0.211976 0.368713 0.248438 0.398438 0.238024 0.418397 0.201562 0.388672
0 0.656230 0.013331 0.665624 0.033203 0.628144 0.060887 0.618750 0.041015
0 0.224979 0.233144 0.260938 0.269532 0.250021 0.286388 0.214062 0.250000
0 0.666674 0.153379 0.678125 0.173828 0.645826 0.202089 0.634375 0.181640
0 0.221875 0.277344 0.260937 0.302735 0.252879 0.322106 0.213817 0.296715
0 0.688901 0.648910 0.693750 0.693359 0.673599 0.696794 0.668750 0.652344
0 0.670489 0.383490 0.701563 0.412110 0.690449 0.430964 0.659375 0.402344
0 0.232491 0.137601 0.268750 0.158203 0.261259 0.178805 0.225000 0.158203
0 0.665424 0.102767 0.671876 0.121094 0.631452 0.143327 0.625000 0.125000
0 0.235551 0.045779 0.268751 0.064454 0.261325 0.085081 0.228125 0.066407
0 0.222900 0.166713 0.260938 0.189453 0.255227 0.204381 0.217188 0.181641
0 0.239906 0.009271 0.271875 0.031250 0.264783 0.047369 0.232813 0.025390
