0 0.679669 0.711957 0.754124 0.718821 0.751481 0.763623 0.677026 0.756759
0 0.679678 0.628913 0.751884 0.631921 0.750792 0.672845 0.678587 0.669837
0 0.703080 0.887771 0.772937 0.890615 0.771921 0.929613 0.702063 0.926769
0 0.014063 0.625001 0.079688 0.630860 0.077213 0.674166 0.011588 0.668306
0 0.765932 0.970694 0.766466 0.998047 0.702097 0.998047 0.701563 0.972657
0 0.749323 0.672450 0.752320 0.712878 0.689741 0.720128 0.686744 0.679700
0 0.736807 0.514546 0.743750 0.554688 0.681943 0.571392 0.675000 0.531250
0 0.369532 0.129889 0.370392 0.171840 0.310214 0.173767 0.309354 0.131816
0 0.675595 0.437434 0.734592 0.460039 0.726193 0.494293 0.667195 0.471688
0 0.029585 0.515080 0.085938 0.521484 0.082915 0.563044 0.026562 0.556640
0 0.053649 0.406172 0.106250 0.410157 0.104163 0.453204 0.051562 0.449219
0 0.292189 0.171810 0.346944 0.173821 0.346093 0.210026 0.291338 0.208015
0 0.681749 0.593579 0.743750 0.603516 0.740127 0.638843 0.678126 0.628906
0 0.723437 0.310548 0.726555 0.343287 0.660931 0.353052 0.657813 0.320313
0 0.671784 0.769429 0.675000 0.841797 0.645404 0.843853 0.642188 0.771484
0 0.072911 0.549046 0.079687 0.583984 0.022401 0.601344 0.015625 0.566406
0 0.409900 0.304204 0.428565 0.333969 0.386194 0.375484 0.367529 0.345718
0 0.765967 0.923807 0.767188 0.955078 0.701870 0.959061 0.700650 0.927790
0 0.027352 0.206940 0.081240 0.210877 0.079680 0.244232 0.025792 0.240295
0 0.330357 0.064362 0.380487 0.085008 0.373541 0.111360 0.323411 0.090714
0 0.085779 0.148782 0.133780 0.150641 0.132971 0.183250 0.084970 0.181391
0 0.031657 0.117264 0.074999 0.160156 0.058967 0.185470 0.015625 0.142578
0 0.454720 0.354234 0.484375 0.355469 0.482780 0.415299 0.453125 0.414063
0 0.199173 0.129823 0.253516 0.131821 0.252779 0.163131 0.198436 0.161133
0 0.720313 0.195312 0.724352 0.228638 0.672790 0.238404 0.668750 0.205078
0 0.314063 0.091797 0.370313 0.103516 0.366385 0.132971 0.310135 0.121252
0 0.231531 0.164100 0.285694 0.171964 0.283067 0.200238 0.228904 0.192374
0 0.336765 0.041843 0.387355 0.058637 0.381751 0.085013 0.331161 0.068219
0 0.370963 0.000667 0.403125 0.049804 0.383726 0.069645 0.351563 0.020507
0 0.641913 0.015830 0.684037 0.048197 0.672605 0.071444 0.630481 0.039077
0 0.704742 0.116380 0.712500 0.140625 0.664008 0.164871 0.656250 0.140625
0 0.712501 0.141602 0.720313 0.168945 0.676563 0.188476 0.668751 0.161133
0 0.698853 0.096718 0.706250 0.121093 0.658959 0.143516 0.651562 0.119141
0 0.701978 0.084999 0.709375 0.109374 0.662084 0.131797 0.654687 0.107422
4 0.213302 0.203119 0.214054 0.253910 0.132846 0.255789 0.132094 0.204998
