0 0.567187 0.806641 0.570318 0.965109 0.515625 0.966797 0.512494 0.808329
0 0.959375 0.888672 0.964254 0.954877 0.845503 0.968548 0.840625 0.902344
0 0.953125 0.806640 0.957934 0.868748 0.834443 0.883686 0.829634 0.821578
0 0.156250 0.923828 0.157380 0.982435 0.027692 0.986342 0.026562 0.927735
0 0.168750 0.751953 0.169962 0.812560 0.044962 0.816467 0.043750 0.755860
0 0.341764 0.874996 0.379688 0.910156 0.306674 0.998047 0.268750 0.998047
0 0.950000 0.734375 0.951563 0.794922 0.834346 0.799648 0.832783 0.739102
0 0.817187 0.517578 0.937501 0.517578 0.937501 0.576172 0.817187 0.576172
0 0.651597 0.557725 0.653159 0.698350 0.603126 0.699219 0.601563 0.558594
0 0.943885 0.654287 0.946875 0.718750 0.838927 0.726572 0.835937 0.662110
0 0.728125 0.732422 0.745988 0.866395 0.695313 0.876952 0.677450 0.742979
0 0.922713 0.585894 0.923438 0.648437 0.813225 0.650434 0.812500 0.587891
0 0.741752 0.901122 0.755059 0.998047 0.708526 0.998047 0.695220 0.911104
0 0.901562 0.328125 0.904802 0.386438 0.792302 0.396203 0.789062 0.337891
0 0.660457 0.729369 0.673780 0.868152 0.627386 0.875111 0.614062 0.736328
0 0.277566 0.648482 0.321316 0.650435 0.317188 0.794922 0.273438 0.792969
0 0.709375 0.455078 0.714063 0.580078 0.664099 0.583006 0.659412 0.458006
0 0.665071 0.924135 0.675068 0.998047 0.630309 0.998047 0.620312 0.933594
0 0.334962 0.798899 0.365625 0.832031 0.285938 0.947265 0.255275 0.914133
0 0.577129 0.132845 0.680254 0.138704 0.678124 0.197265 0.575000 0.191406
0 0.185938 0.472656 0.187034 0.523348 0.068750 0.527344 0.067654 0.476652
0 0.162500 0.841797 0.164745 0.892314 0.048438 0.900391 0.046193 0.849874
0 0.718567 0.601821 0.724817 0.726821 0.678124 0.730469 0.671875 0.605469
0 0.171875 0.689453 0.172902 0.738247 0.053125 0.742187 0.052098 0.693393
0 0.895313 0.261719 0.898200 0.312242 0.785937 0.322265 0.783051 0.271742
0 0.946825 0.220738 0.950000 0.341798 0.903175 0.343717 0.900000 0.222657
0 0.346910 0.241347 0.390625 0.242188 0.389028 0.371935 0.345313 0.371094
0 0.084375 0.220703 0.199999 0.220703 0.199999 0.269531 0.084375 0.269531
0 0.881250 0.216797 0.882429 0.267649 0.774616 0.271555 0.773437 0.220703
0 0.193680 0.335778 0.195243 0.382653 0.079688 0.388672 0.078125 0.341797
0 0.754687 0.029297 0.865624 0.029297 0.865624 0.078125 0.754687 0.078125
0 0.170312 0.605469 0.171986 0.654291 0.062500 0.660157 0.060826 0.611335
0 0.851796 0.000000 0.852169 0.029344 0.747249 0.031301 0.746875 0.000000
0 0.889920 0.388686 0.890625 0.443359 0.793750 0.445312 0.793044 0.390639
0 0.185931 0.406081 0.187570 0.453206 0.076639 0.459235 0.075000 0.412110
0 0.875000 0.154297 0.876587 0.201253 0.765650 0.207113 0.764063 0.160157
0 0.314062 0.503906 0.318750 0.636718 0.279626 0.638876 0.274938 0.506064
0 0.187500 0.285156 0.189486 0.329831 0.073438 0.337890 0.071452 0.293215
0 0.590625 0.312501 0.634493 0.316156 0.628243 0.433344 0.584375 0.429688
0 0.898437 0.449218 0.901562 0.503906 0.807733 0.512284 0.804608 0.457596
0 0.317052 0.230313 0.321285 0.357290 0.280795 0.359399 0.276563 0.232422
0 0.347092 0.092016 0.390842 0.093970 0.387500 0.210938 0.343750 0.208984
0 0.195312 0.158203 0.195856 0.205068 0.087500 0.207031 0.086957 0.160166
0 0.718749 0.234375 0.765625 0.234375 0.765625 0.341797 0.718749 0.341797
0 0.079688 0.537109 0.190625 0.537109 0.190625 0.582031 0.079688 0.582031
0 0.316941 0.356281 0.326563 0.476562 0.286185 0.481609 0.276563 0.361328
0 0.101562 0.041015 0.201562 0.041015 0.201562 0.087890 0.101562 0.087890
0 0.685938 0.214844 0.695390 0.332998 0.656250 0.337890 0.646798 0.219736
0 0.613931 0.000000 0.618750 0.087891 0.581382 0.090984 0.576562 0.000000
0 0.632813 0.000000 0.673437 0.000000 0.673437 0.076172 0.632813 0.076172
0 0.101562 0.087891 0.193750 0.087891 0.193750 0.136719 0.101562 0.136719
0 0.327014 0.013861 0.329687 0.107422 0.285938 0.109375 0.283265 0.015814
0 0.343750 0.000000 0.381250 0.000000 0.381250 0.058593 0.343750 0.058593
0 0.321875 0.132813 0.324820 0.228524 0.284195 0.230477 0.281250 0.134766
0 0.099906 0.000000 0.203125 0.000000 0.202322 0.033114 0.099103 0.029204
0 0.659375 0.347656 0.695313 0.347656 0.695313 0.445312 0.659375 0.445312
