0 0.820599 0.434753 0.870313 0.539063 0.832527 0.567201 0.782813 0.462891
0 0.942748 0.415898 0.975000 0.515625 0.932252 0.537226 0.900000 0.437499
0 0.987456 0.400018 0.998438 0.500000 0.984420 0.523810 0.946875 0.423828
0 0.579386 0.713773 0.615625 0.810547 0.573738 0.835055 0.537499 0.738281
0 0.640324 0.686429 0.676562 0.783203 0.634676 0.807711 0.598437 0.710937
0 0.702824 0.666898 0.739063 0.763672 0.697176 0.788180 0.660937 0.691406
0 0.768449 0.645414 0.804688 0.742188 0.762801 0.766696 0.726562 0.669922
0 0.835637 0.635648 0.871876 0.732422 0.829989 0.756930 0.793750 0.660156
0 0.896574 0.621976 0.932813 0.718750 0.890926 0.743258 0.854688 0.646484
0 0.952824 0.608304 0.989063 0.705078 0.947176 0.729586 0.910937 0.632812
0 0.967405 0.186381 0.998438 0.287109 0.971657 0.311665 0.929687 0.210937
0 0.604046 0.493526 0.637500 0.591797 0.595954 0.613896 0.562500 0.515625
0 0.490390 0.527210 0.520313 0.626953 0.478361 0.646618 0.448438 0.546875
0 0.808933 0.237550 0.849999 0.335938 0.812941 0.360106 0.771875 0.261718
0 0.855808 0.212160 0.896874 0.310548 0.859816 0.334716 0.818750 0.236328
0 0.235602 0.867931 0.262500 0.964844 0.220490 0.983063 0.193592 0.886150
0 0.466852 0.785899 0.493750 0.882812 0.451740 0.901031 0.424842 0.804118
0 0.412164 0.809337 0.439062 0.906250 0.397052 0.924469 0.370154 0.827556
0 0.301227 0.846446 0.328125 0.943359 0.286115 0.961578 0.259217 0.864665
0 0.352789 0.826915 0.379687 0.923828 0.337677 0.942047 0.310779 0.845134
0 0.712909 0.475780 0.751562 0.570312 0.713653 0.594532 0.675000 0.500000
0 0.762392 0.243804 0.796875 0.351563 0.761046 0.369478 0.726563 0.261719
0 0.662985 0.492726 0.695312 0.593750 0.657327 0.612742 0.625000 0.511718
0 0.767674 0.459601 0.804688 0.560547 0.768264 0.581415 0.731250 0.480469
0 0.045973 0.926947 0.072330 0.998047 0.033715 0.998047 0.007358 0.949314
0 0.113237 0.913483 0.140782 0.998047 0.102387 0.998047 0.074842 0.933025
0 0.176562 0.896485 0.203282 0.992757 0.164062 0.998047 0.137342 0.913494
0 0.311562 0.654687 0.338906 0.757227 0.302344 0.772461 0.275000 0.669921
0 0.711748 0.260505 0.742188 0.353516 0.705440 0.372307 0.675000 0.279296
0 0.657060 0.268318 0.687500 0.361328 0.650752 0.380120 0.620312 0.287109
0 0.110212 0.730345 0.130525 0.822142 0.090626 0.835937 0.070313 0.744140
0 0.210212 0.691283 0.230525 0.783080 0.190626 0.796875 0.170313 0.705078
0 0.077399 0.630736 0.097712 0.722533 0.057813 0.736328 0.037500 0.644531
0 0.266463 0.679564 0.286775 0.771361 0.246876 0.785156 0.226563 0.693359
0 0.160212 0.714720 0.180525 0.806517 0.140626 0.820312 0.120313 0.728515
0 0.417353 0.341184 0.445312 0.431641 0.407647 0.449832 0.379687 0.359375
0 0.330112 0.550596 0.355112 0.640440 0.318750 0.656250 0.293750 0.566406
0 0.230112 0.579893 0.255112 0.669737 0.218750 0.685547 0.193750 0.595703
0 0.388155 0.256055 0.414062 0.335938 0.375908 0.355273 0.350000 0.275390
0 0.032812 0.476562 0.057812 0.572266 0.024444 0.585886 0.000000 0.490182
0 0.085937 0.458985 0.110937 0.554688 0.077569 0.568308 0.052569 0.472604
0 0.956438 0.017667 0.985937 0.099609 0.951374 0.119051 0.921875 0.037109
0 0.605024 0.201355 0.642188 0.283204 0.612164 0.304505 0.575000 0.222656
0 0.653461 0.189636 0.690625 0.271485 0.660601 0.292786 0.623437 0.210937
0 0.708149 0.175964 0.745313 0.257813 0.715289 0.279114 0.678125 0.197265
0 0.764400 0.158386 0.801563 0.240235 0.771539 0.261536 0.734375 0.179687
0 0.814400 0.148620 0.851563 0.230469 0.821539 0.251770 0.784375 0.169921
0 0.865961 0.129089 0.903125 0.210938 0.873101 0.232239 0.835937 0.150390
0 0.182813 0.435546 0.207813 0.517578 0.174155 0.533605 0.149155 0.451574
0 0.328125 0.408203 0.353125 0.490234 0.319467 0.506261 0.294467 0.424230
0 0.225000 0.414063 0.250000 0.496094 0.216342 0.512121 0.191342 0.430090
