0 0.998438 0.825179 0.998438 0.961028 0.969834 0.969744 0.953114 0.833895
0 0.000000 0.817390 0.032969 0.822689 0.018749 0.960937 0.000000 0.955639
0 0.933263 0.808880 0.953125 0.943359 0.912049 0.952838 0.892187 0.818359
0 0.984070 0.689760 0.995312 0.822265 0.953430 0.827818 0.942188 0.695312
0 0.254725 0.842178 0.296875 0.843750 0.293713 0.976183 0.251563 0.974610
0 0.882812 0.816406 0.890062 0.943270 0.846312 0.947176 0.839062 0.820312
0 0.649985 0.845295 0.654688 0.976563 0.612515 0.978923 0.607813 0.847656
0 0.749885 0.695929 0.760953 0.824398 0.718750 0.830079 0.707682 0.701610
0 0.762221 0.825380 0.774999 0.951172 0.733091 0.957824 0.720312 0.832032
0 0.707585 0.841441 0.720313 0.970704 0.679915 0.976919 0.667188 0.847656
0 0.061249 0.688759 0.104687 0.693360 0.096563 0.813196 0.053125 0.808594
0 0.111433 0.803020 0.151562 0.808593 0.140129 0.937214 0.100000 0.931641
0 0.367187 0.705079 0.409375 0.705079 0.409375 0.828125 0.367187 0.828125
0 0.801129 0.687884 0.817188 0.818359 0.778559 0.825788 0.762500 0.695313
0 0.515625 0.703125 0.518750 0.828126 0.478165 0.829711 0.475040 0.704710
0 0.966162 0.575860 0.981250 0.695312 0.940089 0.703436 0.925000 0.583984
0 0.465625 0.835937 0.468750 0.968750 0.431191 0.970131 0.428066 0.837318
0 0.818513 0.825112 0.828125 0.947266 0.787737 0.952231 0.778125 0.830078
0 0.460852 0.704747 0.465625 0.832031 0.426648 0.834315 0.421875 0.707031
0 0.312500 0.843751 0.351562 0.843751 0.351562 0.970703 0.312500 0.970703
0 0.528115 0.842931 0.529688 0.964844 0.489073 0.965663 0.487500 0.843750
0 0.696875 0.716797 0.700000 0.833985 0.657807 0.835743 0.654682 0.718555
0 0.310938 0.710937 0.351562 0.710937 0.351562 0.832031 0.310938 0.832031
0 0.860858 0.695099 0.871875 0.814453 0.831250 0.820313 0.820233 0.700958
0 0.917661 0.688192 0.932813 0.814453 0.894839 0.821574 0.879687 0.695312
0 0.128633 0.676110 0.167188 0.681641 0.155743 0.806312 0.117188 0.800781
0 0.368750 0.837891 0.407812 0.837891 0.407812 0.960937 0.368750 0.960937
0 0.840312 0.260017 0.850000 0.373047 0.808126 0.378655 0.798438 0.265625
0 0.576395 0.711656 0.582812 0.833984 0.543917 0.837172 0.537500 0.714844
0 0.734179 0.257032 0.742187 0.369141 0.700195 0.373828 0.692187 0.261719
0 0.013836 0.201026 0.057367 0.207304 0.047438 0.314872 0.003907 0.308594
0 0.640569 0.716607 0.643750 0.837890 0.604729 0.839490 0.601548 0.718206
0 0.907500 0.569879 0.921875 0.679688 0.881562 0.687933 0.867187 0.578125
0 0.071820 0.574043 0.112005 0.578411 0.104248 0.689915 0.064063 0.685547
0 0.725000 0.466797 0.731250 0.576172 0.690498 0.579811 0.684248 0.470436
0 0.788254 0.462486 0.795312 0.568360 0.753416 0.572724 0.746358 0.466851
0 0.131313 0.564243 0.171885 0.566088 0.168697 0.675673 0.128125 0.673828
0 0.681196 0.259875 0.684375 0.369141 0.643803 0.370985 0.640625 0.261719
0 0.315625 0.591796 0.354750 0.593834 0.350975 0.707082 0.311850 0.705044
0 0.264245 0.472591 0.304870 0.474544 0.301563 0.582032 0.260938 0.580079
0 0.015826 0.555944 0.054688 0.558593 0.049800 0.670618 0.010938 0.667969
0 0.456250 0.589844 0.457812 0.701171 0.418734 0.702028 0.417172 0.590701
0 0.257850 0.710131 0.295312 0.710938 0.293712 0.826979 0.256250 0.826172
0 0.008343 0.688710 0.045312 0.695312 0.032281 0.809336 0.000000 0.802734
0 0.510938 0.585938 0.515626 0.695312 0.476508 0.697932 0.471821 0.588558
0 0.259433 0.595743 0.300000 0.597657 0.296817 0.703085 0.256250 0.701172
0 0.632131 0.267530 0.635937 0.376953 0.597017 0.379068 0.593211 0.269645
0 0.734336 0.583456 0.742187 0.691406 0.703164 0.695840 0.695313 0.587890
0 0.724822 0.150416 0.734375 0.253906 0.693928 0.259740 0.684375 0.156250
0 0.984713 0.150354 0.992188 0.257813 0.953283 0.262042 0.945808 0.154583
0 0.484375 0.169922 0.523437 0.169922 0.523437 0.277344 0.484375 0.277344
0 0.616966 0.593992 0.623437 0.701172 0.584596 0.704836 0.578125 0.597656
0 0.170312 0.111328 0.207812 0.111328 0.207812 0.222656 0.170312 0.222656
0 0.851518 0.577515 0.859375 0.683594 0.820358 0.688109 0.812501 0.582031
0 0.678125 0.587890 0.685420 0.697320 0.647921 0.701226 0.640626 0.591796
0 0.788896 0.573882 0.796875 0.683594 0.759542 0.687836 0.751563 0.578125
0 0.890521 0.263902 0.896876 0.369140 0.857917 0.372816 0.851562 0.267578
0 0.562367 0.599534 0.565884 0.705064 0.526955 0.707092 0.523437 0.601562
0 0.910322 0.000000 0.920313 0.062500 0.878741 0.071568 0.868750 0.000000
0 0.471875 0.472656 0.509375 0.472656 0.509375 0.582031 0.471875 0.582031
0 0.941810 0.265423 0.953125 0.369141 0.914776 0.375677 0.903461 0.271960
0 0.076801 0.449319 0.115625 0.453125 0.109137 0.556541 0.070313 0.552735
0 0.667187 0.462891 0.673437 0.574220 0.637349 0.577385 0.631099 0.466057
0 0.471875 0.271484 0.475000 0.382812 0.439161 0.384384 0.436036 0.273056
0 0.367261 0.581946 0.403125 0.583984 0.399146 0.693400 0.363283 0.691362
0 0.316298 0.266496 0.326562 0.369140 0.289062 0.375000 0.278798 0.272356
0 0.829744 0.165312 0.834431 0.268827 0.796875 0.271484 0.792187 0.167969
0 0.331250 0.167969 0.370312 0.167969 0.370312 0.267577 0.331250 0.267577
0 0.580427 0.265770 0.582031 0.374023 0.546135 0.374854 0.544531 0.266601
0 0.067187 0.109375 0.104475 0.112893 0.098225 0.216409 0.060937 0.212891
0 0.282813 0.000000 0.320313 0.000000 0.320313 0.076172 0.282813 0.076171
0 0.780932 0.257518 0.789062 0.365235 0.753442 0.369436 0.745312 0.261719
0 0.331250 0.267578 0.367188 0.267578 0.367188 0.375000 0.331250 0.375000
0 0.779672 0.153321 0.781250 0.251953 0.742204 0.252929 0.740626 0.154297
0 0.317201 0.479568 0.354687 0.480469 0.353111 0.582932 0.315625 0.582031
0 0.617188 0.169923 0.620313 0.267578 0.581250 0.269531 0.578125 0.171876
0 0.381250 0.273438 0.418750 0.273438 0.418750 0.375000 0.381250 0.375000
0 0.562500 0.482422 0.565625 0.583984 0.528180 0.585784 0.525055 0.484222
0 0.111650 0.210889 0.147513 0.212927 0.143676 0.318445 0.107813 0.316407
0 0.817187 0.070312 0.825631 0.161793 0.785007 0.167652 0.776562 0.076171
0 0.667080 0.158443 0.673330 0.258053 0.635938 0.261719 0.629688 0.162109
0 0.370312 0.462891 0.407812 0.462891 0.407812 0.562499 0.370312 0.562499
0 0.581250 0.492188 0.618750 0.492188 0.618750 0.591796 0.581250 0.591796
0 0.762500 0.056640 0.773438 0.150390 0.734742 0.157444 0.723805 0.063694
0 0.125798 0.010702 0.164844 0.011719 0.163264 0.106486 0.124218 0.105469
0 0.830893 0.454713 0.846875 0.558593 0.812857 0.566771 0.796875 0.462891
0 0.420325 0.462095 0.454688 0.462891 0.453113 0.569155 0.418750 0.568359
0 0.122656 0.107422 0.158581 0.108286 0.157018 0.209848 0.121093 0.208984
0 0.328126 0.074219 0.368750 0.074219 0.368750 0.164063 0.328126 0.164063
0 0.526563 0.277344 0.528125 0.378906 0.492261 0.379768 0.490699 0.278206
0 0.932661 0.169612 0.939062 0.265626 0.901563 0.269532 0.895162 0.173518
0 0.435604 0.000000 0.474647 0.000000 0.468730 0.086217 0.429687 0.082031
0 0.434375 0.175781 0.471875 0.175781 0.471875 0.271485 0.434375 0.271485
0 0.332849 0.000000 0.370312 0.000000 0.367091 0.068974 0.329628 0.066240
0 0.998438 0.458984 0.998438 0.562015 0.984230 0.567186 0.971550 0.464155
0 0.567175 0.163252 0.568750 0.267578 0.534387 0.268388 0.532812 0.164062
0 0.069531 0.020509 0.108593 0.020509 0.108593 0.112305 0.069531 0.112305
0 0.415625 0.173828 0.417270 0.272500 0.381250 0.273438 0.379606 0.174766
0 0.556946 0.000000 0.568750 0.060547 0.530555 0.070535 0.518750 0.000000
0 0.754252 0.000000 0.760938 0.054688 0.720748 0.061513 0.714062 0.000000
0 0.610800 0.074150 0.617187 0.167969 0.579825 0.171944 0.573437 0.078125
0 0.020471 0.014534 0.057813 0.017578 0.052967 0.110466 0.015625 0.107422
0 0.045471 0.020393 0.082813 0.023437 0.077967 0.116325 0.040625 0.113281
0 0.382812 0.000000 0.417188 0.000000 0.417188 0.070312 0.382812 0.070312
0 0.921294 0.075306 0.932813 0.169922 0.897456 0.176648 0.885938 0.082032
0 0.710692 0.060197 0.720313 0.150390 0.683058 0.156599 0.673438 0.066406
0 0.170330 0.022419 0.207812 0.023437 0.206232 0.114299 0.168750 0.113281
0 0.652228 0.000000 0.662500 0.054688 0.627460 0.063539 0.617188 0.000000
0 0.805657 0.000000 0.814063 0.064453 0.780281 0.070726 0.771875 0.000000
0 0.159729 0.216817 0.194104 0.218770 0.190625 0.314453 0.156250 0.312500
0 0.515625 0.083984 0.517187 0.173828 0.481199 0.174806 0.479637 0.084962
0 0.877376 0.163955 0.885938 0.265625 0.854868 0.269713 0.846306 0.168043
0 0.414063 0.083985 0.414063 0.175781 0.379687 0.175781 0.379687 0.083985
0 0.560938 0.068359 0.564072 0.164340 0.531250 0.166015 0.528116 0.070034
0 0.607590 0.000000 0.612501 0.064453 0.578348 0.068290 0.573438 0.000000
0 0.464063 0.089844 0.470313 0.173829 0.434251 0.178022 0.428001 0.094037
0 0.657665 0.061081 0.667188 0.152344 0.634524 0.157669 0.625001 0.066406
0 0.513987 0.000000 0.517188 0.076172 0.484451 0.078264 0.481250 0.000000
0 0.017917 0.103677 0.049218 0.104492 0.047655 0.198241 0.016354 0.197426
0 0.702889 0.000000 0.707813 0.060547 0.675237 0.064436 0.670313 0.000000
