0 0.969274 0.510321 0.998438 0.565412 0.998438 0.595704 0.948069 0.540613
0 0.861305 0.494026 0.901562 0.552734 0.877757 0.578240 0.837500 0.519532
0 0.179785 0.000000 0.192223 0.017503 0.138965 0.048786 0.126527 0.015699
0 0.317364 0.759511 0.343926 0.773183 0.318751 0.849609 0.292188 0.835937
0 0.098750 0.895313 0.126875 0.965625 0.100000 0.982422 0.071875 0.912109
0 0.118536 0.018317 0.125781 0.052734 0.062714 0.073479 0.055469 0.039062
0 0.675278 0.419547 0.695312 0.486328 0.665346 0.500375 0.645312 0.433593
0 0.205460 0.822340 0.229688 0.837891 0.199228 0.912037 0.175000 0.896485
0 0.868647 0.364937 0.910073 0.410548 0.890507 0.438315 0.849081 0.392704
0 0.904965 0.557579 0.953124 0.611329 0.935659 0.635781 0.887500 0.582031
0 0.767379 0.376241 0.796875 0.433594 0.771683 0.453837 0.742187 0.396484
0 0.260937 0.796875 0.284667 0.809702 0.259667 0.881967 0.235937 0.869140
0 0.474312 0.841641 0.507387 0.901360 0.484638 0.921047 0.451563 0.861328
0 0.928564 0.773927 0.967188 0.824218 0.946436 0.849120 0.907812 0.798828
0 0.591997 0.444974 0.621875 0.498047 0.597065 0.519870 0.567187 0.466797
0 0.803947 0.430328 0.846875 0.488282 0.828866 0.509126 0.785937 0.451172
0 0.236542 0.050608 0.246876 0.081055 0.193146 0.109548 0.182812 0.079101
0 0.487236 0.669222 0.501562 0.693359 0.450264 0.740934 0.435938 0.716797
0 0.707911 0.484339 0.745312 0.535156 0.724901 0.558629 0.687500 0.507812
0 0.058298 0.933895 0.093750 0.988282 0.072952 0.998047 0.037500 0.955078
0 0.370221 0.638212 0.409375 0.695312 0.390717 0.715303 0.351563 0.658203
0 0.439062 0.849609 0.466773 0.907341 0.443336 0.924919 0.415625 0.867187
0 0.402911 0.084389 0.423449 0.136736 0.398651 0.151939 0.378113 0.099591
0 0.712672 0.328721 0.750000 0.373047 0.732640 0.395889 0.695312 0.351563
0 0.604510 0.352132 0.629688 0.400390 0.606428 0.419352 0.581250 0.371094
0 0.043311 0.032423 0.053125 0.058594 0.003125 0.087891 0.000000 0.061720
0 0.829317 0.320268 0.858607 0.363290 0.840215 0.382856 0.810925 0.339834
0 0.511292 0.073937 0.534431 0.121124 0.513708 0.137001 0.490569 0.089814
0 0.667032 0.275607 0.701563 0.314454 0.687656 0.333769 0.653125 0.294922
0 0.583536 0.125524 0.610157 0.165039 0.593028 0.183070 0.566407 0.143555
3 0.795381 0.207616 0.834375 0.250000 0.817119 0.274806 0.778125 0.232422
4 0.926002 0.411252 0.981250 0.484375 0.947436 0.524294 0.892188 0.451171
4 0.755302 0.083132 0.793750 0.146484 0.768136 0.170774 0.729688 0.107422
