0 0.144702 0.451801 0.160937 0.500000 0.069360 0.548199 0.053125 0.500000
0 0.115058 0.358145 0.129687 0.404297 0.036504 0.450449 0.021875 0.404297
0 0.199870 0.670785 0.215625 0.712890 0.118750 0.769531 0.102995 0.727426
0 0.081298 0.690002 0.096875 0.732422 0.001562 0.787110 0.000000 0.744690
0 0.107861 0.729064 0.123438 0.771484 0.028125 0.826172 0.012548 0.783752
0 0.083374 0.319666 0.098437 0.367187 0.010376 0.410802 0.000000 0.363281
0 0.998140 0.709687 0.998438 0.748047 0.926562 0.818360 0.907514 0.779999
0 0.719195 0.672787 0.742188 0.716797 0.665625 0.779297 0.642632 0.735287
0 0.742632 0.715756 0.765625 0.759766 0.689062 0.822266 0.666069 0.778256
0 0.748264 0.889548 0.767187 0.933594 0.682813 0.990234 0.663889 0.946188
0 0.076107 0.268350 0.089350 0.307619 0.000000 0.354696 0.000000 0.315427
0 0.582706 0.837780 0.601563 0.880859 0.518750 0.937500 0.499893 0.894420
0 0.506143 0.917858 0.525000 0.960938 0.442187 0.998047 0.423330 0.974499
0 0.961876 0.678125 0.978126 0.718750 0.887500 0.775391 0.871250 0.734766
0 0.155560 0.499699 0.171875 0.544922 0.088190 0.592097 0.071875 0.546875
0 0.700123 0.844205 0.718751 0.884766 0.634375 0.945313 0.615748 0.904752
0 0.779810 0.766080 0.798438 0.806641 0.714062 0.867188 0.695435 0.826627
0 0.618873 0.902799 0.637501 0.943359 0.553126 0.998047 0.534498 0.963345
0 0.539814 0.733823 0.559375 0.775391 0.478936 0.834537 0.459375 0.792969
0 0.657141 0.534646 0.673438 0.576172 0.586609 0.629416 0.570312 0.587890
0 0.216914 0.737620 0.231250 0.781250 0.143750 0.826172 0.129414 0.782542
0 0.126289 0.794260 0.140625 0.837890 0.053125 0.882812 0.038789 0.839182
0 0.438125 0.753515 0.454687 0.794922 0.369687 0.848047 0.353125 0.806640
0 0.464688 0.812109 0.481250 0.853516 0.396250 0.906641 0.379688 0.865234
0 0.516250 0.687109 0.532812 0.728516 0.447812 0.781641 0.431250 0.740234
0 0.637433 0.726617 0.657812 0.765625 0.581250 0.828125 0.560870 0.789117
0 0.836770 0.849053 0.850000 0.894531 0.767324 0.932111 0.754094 0.886633
0 0.496831 0.280597 0.512499 0.324218 0.431293 0.369794 0.415625 0.326172
0 0.150525 0.840482 0.165626 0.878907 0.076563 0.933594 0.061463 0.895169
0 0.170846 0.647334 0.184375 0.687500 0.094544 0.734780 0.081015 0.694614
0 0.161875 0.889062 0.177188 0.927344 0.089063 0.982422 0.073750 0.944141
0 0.186875 0.937890 0.202188 0.976172 0.114063 0.998047 0.098750 0.992969
0 0.581110 0.592495 0.595313 0.634765 0.511078 0.678989 0.496875 0.636719
0 0.627532 0.682824 0.645312 0.724609 0.567780 0.776160 0.550000 0.734375
0 0.321119 0.370283 0.339062 0.410156 0.260131 0.465655 0.242188 0.425782
0 0.402369 0.331220 0.420312 0.371093 0.341381 0.426592 0.323438 0.386718
0 0.874457 0.492384 0.890625 0.531249 0.806793 0.585740 0.790625 0.546875
0 0.214660 0.129537 0.231250 0.171875 0.152528 0.220073 0.135938 0.177735
0 0.935313 0.627344 0.951563 0.667969 0.870313 0.718750 0.854063 0.678125
0 0.669179 0.782025 0.685938 0.820312 0.603125 0.876953 0.586366 0.838666
0 0.237593 0.781198 0.251562 0.820312 0.163969 0.869192 0.150000 0.830078
0 0.674063 0.589453 0.690625 0.630860 0.611876 0.680079 0.595313 0.638672
0 0.592813 0.638281 0.609375 0.679688 0.530625 0.728907 0.514063 0.687500
0 0.275000 0.882813 0.290537 0.920936 0.206250 0.974609 0.190713 0.936486
0 0.295312 0.937500 0.310849 0.975623 0.226562 0.998047 0.211025 0.991173
0 0.841306 0.455807 0.854688 0.494140 0.766506 0.542239 0.753125 0.503906
0 0.508096 0.113331 0.523438 0.156250 0.446592 0.199170 0.431250 0.156250
0 0.547158 0.199267 0.562500 0.242187 0.485654 0.285107 0.470312 0.242187
0 0.528408 0.158252 0.543750 0.201172 0.466904 0.244091 0.451562 0.201172
0 0.485042 0.079294 0.500000 0.125000 0.425896 0.162894 0.410938 0.117188
0 0.313331 0.325221 0.328125 0.369141 0.253243 0.408553 0.238449 0.364633
0 0.353248 0.419765 0.368751 0.457031 0.287378 0.509923 0.271876 0.472657
0 0.533060 0.497022 0.546874 0.535157 0.464062 0.582031 0.450248 0.543897
0 0.390873 0.645460 0.404687 0.683594 0.321875 0.730469 0.308061 0.692334
0 0.375248 0.596631 0.389062 0.634766 0.306250 0.681641 0.292436 0.643506
0 0.453373 0.543897 0.467187 0.582032 0.384375 0.628906 0.370561 0.590772
0 0.367672 0.050503 0.382813 0.091797 0.307328 0.135043 0.292188 0.093749
0 0.439547 0.000000 0.454688 0.039063 0.379203 0.082309 0.364062 0.041015
0 0.396875 0.289063 0.411233 0.329036 0.332813 0.373047 0.318455 0.333074
0 0.249500 0.836406 0.262794 0.875874 0.182044 0.918374 0.168750 0.878906
0 0.465824 0.035765 0.479687 0.078125 0.404488 0.116579 0.390625 0.074219
0 0.731875 0.206641 0.746875 0.244140 0.668125 0.293359 0.653125 0.255859
0 0.623785 0.450995 0.635938 0.488281 0.551215 0.531427 0.539062 0.494141
0 0.647187 0.055469 0.662500 0.093750 0.585625 0.141797 0.570312 0.103516
0 0.068282 0.549279 0.084376 0.593749 0.016094 0.632361 0.000000 0.587891
0 0.496876 0.640625 0.511251 0.676562 0.431250 0.726563 0.416875 0.690625
0 0.251831 0.212727 0.267187 0.251953 0.193482 0.297040 0.178125 0.257813
0 0.411205 0.124835 0.426562 0.164062 0.352857 0.209148 0.337500 0.169922
0 0.325268 0.165852 0.340625 0.205078 0.266920 0.250164 0.251563 0.210938
0 0.358221 0.207937 0.371875 0.248047 0.296468 0.288157 0.282813 0.248047
0 0.398846 0.086843 0.412500 0.126953 0.337093 0.167063 0.323438 0.126953
0 0.280096 0.248953 0.293750 0.289063 0.218343 0.329173 0.204688 0.289063
0 0.312908 0.129812 0.326562 0.169922 0.251155 0.210032 0.237500 0.169922
0 0.230096 0.170828 0.243750 0.210938 0.168343 0.251048 0.154688 0.210938
0 0.178866 0.057486 0.190625 0.095703 0.109376 0.134766 0.097617 0.096549
0 0.255428 0.010611 0.267187 0.048828 0.185938 0.087891 0.174179 0.049674
0 0.166366 0.008658 0.178125 0.046875 0.096876 0.085938 0.085117 0.047721
0 0.600942 0.409703 0.612500 0.447265 0.530308 0.486781 0.518750 0.449219
0 0.436879 0.503453 0.448437 0.541016 0.366245 0.580531 0.354687 0.542969
0 0.354067 0.550328 0.365625 0.587891 0.283433 0.627406 0.271875 0.589844
0 0.518130 0.448766 0.529688 0.486328 0.447496 0.525844 0.435938 0.488282
0 0.290187 0.091155 0.304687 0.130859 0.231687 0.172517 0.217187 0.132813
0 0.565913 0.241084 0.581250 0.281250 0.510649 0.323370 0.495312 0.283204
0 0.998438 0.533204 0.998438 0.568182 0.940404 0.620596 0.924528 0.585618
0 0.921875 0.580079 0.937500 0.615235 0.862279 0.667472 0.846654 0.632316
0 0.950000 0.449219 0.965625 0.484375 0.890404 0.536611 0.874779 0.501455
0 0.797887 0.358729 0.812500 0.394531 0.735937 0.443359 0.721324 0.407557
0 0.876012 0.309901 0.890625 0.345703 0.814062 0.394531 0.799449 0.358730
0 0.951012 0.264979 0.965625 0.300781 0.889062 0.349609 0.874449 0.313808
0 0.977575 0.305995 0.992188 0.341797 0.915625 0.390625 0.901012 0.354823
0 0.890075 0.356776 0.904688 0.392578 0.828125 0.441406 0.813512 0.405604
0 0.913512 0.409511 0.928125 0.445313 0.851562 0.494141 0.836949 0.458340
0 0.991637 0.352870 0.998438 0.388671 0.929687 0.437500 0.915074 0.401698
0 0.554150 0.542355 0.568750 0.578125 0.492188 0.626953 0.477588 0.591183
0 0.469775 0.591183 0.484375 0.626953 0.407813 0.675781 0.393213 0.640011
0 0.715257 0.165224 0.729688 0.199219 0.651931 0.250793 0.637500 0.216797
0 0.684007 0.132020 0.698438 0.166016 0.620681 0.217590 0.606250 0.183594
0 0.666819 0.096863 0.681250 0.130859 0.603493 0.182433 0.589062 0.148437
0 0.765937 0.086718 0.780000 0.121875 0.703125 0.169922 0.689062 0.134765
0 0.790937 0.121875 0.805000 0.157032 0.728125 0.205079 0.714062 0.169922
0 0.809687 0.160937 0.823750 0.196094 0.746875 0.244141 0.732812 0.208984
0 0.889376 0.117968 0.903438 0.153125 0.826563 0.201172 0.812500 0.166015
0 0.915937 0.000000 0.930000 0.028125 0.853125 0.076172 0.839062 0.041015
0 0.822187 0.000781 0.836250 0.035938 0.759375 0.083985 0.745312 0.048828
0 0.962812 0.073046 0.976875 0.108203 0.900000 0.156250 0.885937 0.121093
0 0.945625 0.030078 0.959688 0.065235 0.882813 0.113282 0.868750 0.078125
0 0.840937 0.039843 0.855000 0.075000 0.778125 0.123047 0.764062 0.087890
0 0.998438 0.176562 0.998438 0.211210 0.940625 0.259766 0.925801 0.225118
0 0.920625 0.225390 0.934688 0.260547 0.857813 0.308594 0.843750 0.273437
0 0.864375 0.076953 0.878438 0.112110 0.801563 0.160157 0.787500 0.125000
0 0.845625 0.266406 0.859688 0.301563 0.782813 0.349610 0.768750 0.314453
0 0.717796 0.010393 0.732813 0.048828 0.663454 0.091169 0.648438 0.052734
0 0.741234 0.045550 0.756251 0.083985 0.686892 0.126326 0.671876 0.087891
0 0.631859 0.018206 0.646876 0.056641 0.577517 0.098982 0.562501 0.060547
0 0.475117 0.248396 0.487617 0.285505 0.414063 0.324218 0.401563 0.287109
0 0.301680 0.287459 0.314180 0.324568 0.240626 0.363281 0.228126 0.326172
0 0.456367 0.203475 0.468867 0.240584 0.395313 0.279297 0.382813 0.242188
0 0.434492 0.162459 0.446992 0.199568 0.373438 0.238281 0.360938 0.201172
0 0.382700 0.246154 0.395312 0.283203 0.321874 0.322266 0.309262 0.285217
0 0.345405 0.009471 0.357813 0.044921 0.282813 0.085937 0.270405 0.050487
0 0.196967 0.097362 0.209375 0.132812 0.134375 0.173828 0.121967 0.138378
0 0.270405 0.054393 0.282813 0.089843 0.207813 0.130859 0.195405 0.095409
0 0.581512 0.275878 0.596875 0.308594 0.525000 0.361328 0.509637 0.328612
