0 0.518281 0.144706 0.563593 0.160331 0.539063 0.271484 0.493751 0.255859
0 0.535938 0.552734 0.642188 0.552734 0.642188 0.603516 0.535938 0.603516
0 0.660938 0.556641 0.767188 0.556641 0.767188 0.607422 0.660938 0.607422
0 0.796875 0.548828 0.903125 0.548828 0.903125 0.599609 0.796875 0.599609
0 0.920312 0.548828 0.998438 0.548828 0.998438 0.599609 0.920312 0.599609
0 0.647702 0.405764 0.684375 0.527344 0.646048 0.545408 0.609375 0.423828
0 0.208448 0.088761 0.230469 0.130860 0.143114 0.202255 0.121093 0.160156
0 0.200105 0.000000 0.227343 0.038086 0.153019 0.121109 0.125781 0.083008
0 0.635535 0.163068 0.680847 0.168927 0.671875 0.277344 0.626562 0.271485
0 0.375000 0.240234 0.476563 0.246094 0.474764 0.294818 0.373201 0.288958
0 0.499131 0.379272 0.550694 0.476929 0.515625 0.505860 0.464063 0.408203
0 0.433949 0.393008 0.465199 0.512149 0.428125 0.527344 0.396874 0.408203
0 0.573437 0.154296 0.615625 0.154296 0.615625 0.269531 0.573437 0.269531
0 0.221046 0.248668 0.237500 0.292969 0.147704 0.345082 0.131250 0.300781
0 0.482832 0.170490 0.484394 0.217365 0.382812 0.222656 0.381250 0.175781
0 0.359062 0.389844 0.405937 0.507032 0.373438 0.527344 0.326562 0.410156
0 0.323393 0.387645 0.328125 0.496093 0.284419 0.499073 0.279687 0.390625
0 0.198973 0.170039 0.221876 0.210937 0.146267 0.277095 0.123364 0.236197
0 0.325380 0.026209 0.370693 0.123865 0.342188 0.144531 0.296875 0.046875
0 0.571539 0.393508 0.610601 0.485305 0.579687 0.505860 0.540625 0.414063
