2 0.797567 0.725963 0.801563 0.814454 0.599309 0.828726 0.595313 0.740234
2 0.601562 0.898437 0.804688 0.898437 0.804688 0.978515 0.601562 0.978515
2 0.778133 0.564639 0.781251 0.646484 0.584376 0.658203 0.581258 0.576358
2 0.802782 0.812452 0.804688 0.888672 0.603468 0.896532 0.601562 0.820312
2 0.721355 0.414036 0.721876 0.492188 0.531771 0.494168 0.531250 0.416016
2 0.715625 0.339843 0.717706 0.417882 0.530207 0.425695 0.528125 0.347656
2 0.723438 0.486328 0.724947 0.562405 0.532812 0.568360 0.531304 0.492283
2 0.286942 0.749346 0.289062 0.819336 0.082812 0.829102 0.080691 0.759112
2 0.708462 0.259732 0.710937 0.333984 0.522788 0.343784 0.520313 0.269532
2 0.467409 0.000000 0.473438 0.195312 0.421891 0.197768 0.415862 0.000000
2 0.610937 0.656249 0.773437 0.660156 0.772417 0.726462 0.609917 0.722556
3 0.540689 0.149406 0.565605 0.181644 0.495250 0.266608 0.470333 0.234370
