0 0.099902 0.839149 0.171807 0.934048 0.137476 0.974693 0.065571 0.879794
0 0.666407 0.875977 0.700001 0.917969 0.624219 0.998047 0.590626 0.970703
0 0.159066 0.803985 0.218749 0.892578 0.181748 0.931527 0.122065 0.842934
0 0.622635 0.631991 0.653125 0.671876 0.580489 0.758635 0.549999 0.718751
0 0.308595 0.635742 0.381251 0.726562 0.350782 0.764648 0.278126 0.673828
0 0.623473 0.832961 0.656250 0.872070 0.590589 0.958055 0.557812 0.918946
0 0.399932 0.920652 0.426562 0.960937 0.351630 0.998047 0.325000 0.998047
0 0.567129 0.386745 0.632813 0.464844 0.601621 0.505833 0.535937 0.427734
0 0.497526 0.453145 0.561588 0.537129 0.530469 0.574219 0.466406 0.490235
0 0.947048 0.542890 0.973437 0.578125 0.898263 0.666094 0.871875 0.630859
0 0.751921 0.174826 0.823438 0.250000 0.796517 0.290018 0.725000 0.214844
0 0.385156 0.559570 0.450000 0.640625 0.421094 0.676758 0.356250 0.595703
0 0.918275 0.009510 0.984375 0.085938 0.956725 0.123302 0.890625 0.046875
0 0.453906 0.494141 0.519999 0.574742 0.492968 0.609375 0.426875 0.528774
0 0.687760 0.251028 0.757823 0.320299 0.734236 0.357576 0.664173 0.288305
0 0.857032 0.073242 0.914063 0.144531 0.885156 0.180664 0.828125 0.109375
0 0.630761 0.323821 0.689062 0.390625 0.662989 0.426179 0.604688 0.359375
0 0.815740 0.111385 0.878131 0.179684 0.854986 0.212719 0.792595 0.144420
0 0.786089 0.143148 0.850000 0.214844 0.827973 0.245523 0.764062 0.173828
