0 0.121803 0.918717 0.140625 0.955078 0.067481 0.998047 0.048659 0.977877
0 0.849344 0.009949 0.871875 0.042969 0.811594 0.107239 0.789063 0.074219
0 0.459592 0.602150 0.476562 0.636719 0.406032 0.690818 0.389062 0.656250
0 0.392187 0.664063 0.410787 0.698108 0.346725 0.752795 0.328125 0.718750
0 0.603694 0.504093 0.645312 0.578125 0.616618 0.603329 0.575000 0.529297
0 0.491791 0.345289 0.510938 0.375000 0.450397 0.435961 0.431250 0.406250
0 0.401819 0.130475 0.426563 0.156250 0.379432 0.226947 0.354688 0.201172
0 0.529339 0.584973 0.559376 0.667969 0.530037 0.684559 0.500000 0.601563
0 0.344259 0.478496 0.360937 0.505860 0.293241 0.570332 0.276563 0.542968
0 0.560713 0.540788 0.591963 0.626726 0.564063 0.642578 0.532813 0.556640
0 0.319441 0.084828 0.350430 0.095754 0.332551 0.174988 0.301563 0.164062
0 0.927482 0.322432 0.956250 0.402344 0.928768 0.417802 0.900000 0.337890
0 0.632669 0.425561 0.653125 0.457032 0.603125 0.507813 0.582669 0.476342
0 0.265625 0.548828 0.283629 0.577764 0.227379 0.632452 0.209375 0.603516
0 0.193750 0.613281 0.211754 0.642217 0.155504 0.696905 0.137500 0.667969
0 0.716444 0.042402 0.757813 0.103515 0.737500 0.125000 0.696131 0.063887
0 0.755506 0.011153 0.796875 0.072266 0.776562 0.093751 0.735193 0.032638
0 0.685194 0.059981 0.726563 0.121094 0.706250 0.142579 0.664881 0.081466
0 0.901563 0.175782 0.920313 0.203125 0.876563 0.250000 0.857813 0.222657
0 0.737500 0.330079 0.756250 0.357422 0.712500 0.404297 0.693750 0.376953
0 0.785938 0.279297 0.804688 0.306641 0.760938 0.353515 0.742188 0.326172
0 0.953125 0.125000 0.971875 0.152344 0.928125 0.199218 0.909375 0.171875
0 0.843750 0.228516 0.862500 0.255859 0.818750 0.302734 0.800000 0.275390
2 0.713177 0.129051 0.739063 0.169922 0.660261 0.247903 0.634375 0.207032
3 0.634375 0.207031 0.654961 0.240562 0.587773 0.305015 0.567187 0.271484
3 0.245775 0.803429 0.265625 0.843749 0.204687 0.890625 0.184837 0.850305
3 0.122731 0.682731 0.142188 0.712890 0.092895 0.762581 0.073438 0.732422
