0 0.367234 0.485232 0.373484 0.600466 0.337500 0.603516 0.331250 0.488282
0 0.234861 0.934834 0.253125 0.966797 0.182327 0.998047 0.164063 0.998047
0 0.225713 0.880450 0.242160 0.908214 0.180537 0.965254 0.164090 0.937490
0 0.095483 0.872807 0.129688 0.874999 0.126393 0.955317 0.092188 0.953125
0 0.106420 0.698979 0.140625 0.701171 0.137330 0.781490 0.103125 0.779297
0 0.998438 0.498047 0.998438 0.533147 0.925000 0.535157 0.924390 0.500057
0 0.247180 0.718539 0.259375 0.746094 0.185938 0.796875 0.173743 0.769320
0 0.889063 0.337891 0.957813 0.337891 0.957813 0.375000 0.889063 0.375000
0 0.865626 0.636719 0.866873 0.671806 0.795313 0.675781 0.794065 0.640694
0 0.200286 0.435572 0.267187 0.478516 0.254986 0.508216 0.188085 0.465272
0 0.947656 0.568335 0.998438 0.570319 0.998438 0.609399 0.946697 0.607415
0 0.208555 0.572714 0.262499 0.628906 0.244569 0.655802 0.190625 0.599610
0 0.240925 0.820064 0.254688 0.853516 0.196575 0.890874 0.182812 0.857422
0 0.893271 0.883932 0.895313 0.917969 0.823917 0.924662 0.821875 0.890625
0 0.218761 0.481231 0.268750 0.529297 0.249988 0.559785 0.200000 0.511719
0 0.828865 0.519507 0.829688 0.558594 0.769573 0.560571 0.768750 0.521485
0 0.248702 0.685406 0.259375 0.716796 0.196610 0.750140 0.185937 0.718750
0 0.241377 0.771746 0.253124 0.796875 0.186719 0.845380 0.174971 0.820251
0 0.940702 0.273880 0.943750 0.306640 0.876562 0.316406 0.873515 0.283646
0 0.202195 0.626265 0.253907 0.667968 0.238431 0.697953 0.186719 0.656250
0 0.998438 0.534180 0.998438 0.565362 0.938889 0.567316 0.938241 0.536134
0 0.221577 0.251698 0.273437 0.285156 0.261235 0.314708 0.209375 0.281250
0 0.208875 0.394653 0.263281 0.429687 0.252063 0.456909 0.197656 0.421875
0 0.858654 0.669832 0.860937 0.703125 0.805408 0.709074 0.803125 0.675781
0 0.214091 0.357469 0.267187 0.389648 0.256221 0.417921 0.203125 0.385742
0 0.125021 0.485381 0.151563 0.486329 0.149979 0.555635 0.123437 0.554687
0 0.216547 0.321853 0.268741 0.350654 0.259505 0.376807 0.207311 0.348006
0 0.217971 0.200658 0.281251 0.208985 0.278905 0.236842 0.215625 0.228515
0 0.215561 0.287230 0.271093 0.315430 0.262563 0.341676 0.207031 0.313476
0 0.220313 0.228515 0.281250 0.238281 0.278465 0.265429 0.217528 0.255663
0 0.212661 0.538735 0.256250 0.572265 0.243589 0.597983 0.200000 0.564453
0 0.137332 0.356989 0.162500 0.361328 0.156250 0.417969 0.131082 0.413630
