0 0.910730 0.862215 0.920313 0.998047 0.875208 0.998047 0.865625 0.867187
0 0.103841 0.700090 0.146875 0.707031 0.133659 0.835066 0.090625 0.828125
0 0.125048 0.466077 0.166409 0.467776 0.163232 0.588611 0.121871 0.586912
0 0.262500 0.929688 0.307812 0.929688 0.307812 0.998047 0.262500 0.998047
0 0.998438 0.530221 0.998438 0.579093 0.933487 0.581107 0.932531 0.532235
0 0.998438 0.474723 0.998438 0.525311 0.930469 0.533203 0.926897 0.482615
0 0.983510 0.256042 0.998438 0.301758 0.916490 0.343568 0.901562 0.297852
0 0.998438 0.585843 0.998438 0.634748 0.946065 0.636813 0.944858 0.587908
0 0.893624 0.032181 0.932813 0.034180 0.929688 0.129883 0.890499 0.127884
0 0.074959 0.034300 0.079688 0.132813 0.042229 0.135622 0.037500 0.037109
0 0.051521 0.005003 0.056250 0.103516 0.018791 0.106325 0.014062 0.007812
0 0.774278 0.222055 0.789062 0.314453 0.755408 0.322866 0.740624 0.230469
1 0.844308 0.000000 0.884375 0.139649 0.838504 0.157843 0.798437 0.000000
1 0.747845 0.000000 0.781285 0.182613 0.728843 0.197292 0.695403 0.010623
2 0.381542 0.291212 0.387500 0.574219 0.328126 0.576172 0.322168 0.293165
