0 0.176563 0.759765 0.177407 0.812518 0.099281 0.814471 0.098437 0.761718
0 0.086719 0.902344 0.158595 0.902344 0.158595 0.953125 0.086719 0.953125
0 0.036570 0.719981 0.076562 0.728516 0.064992 0.813223 0.025000 0.804688
0 0.754731 0.880854 0.826396 0.882843 0.825737 0.919928 0.754072 0.917939
0 0.182813 0.628907 0.183525 0.669860 0.109375 0.671875 0.108663 0.630922
0 0.091407 0.853515 0.161719 0.853515 0.161719 0.894531 0.091407 0.894531
0 0.596179 0.633694 0.599219 0.676758 0.545227 0.682712 0.542187 0.639649
0 0.817507 0.831948 0.818772 0.870993 0.756229 0.874157 0.754964 0.835112
0 0.765913 0.491072 0.767189 0.530223 0.705939 0.533344 0.704662 0.494192
0 0.091059 0.815232 0.163282 0.819335 0.162067 0.852736 0.089844 0.848632
0 0.556250 0.800781 0.612500 0.800781 0.612500 0.843750 0.556250 0.843750
0 0.039645 0.543990 0.072457 0.559615 0.053125 0.623047 0.020313 0.607422
0 0.748437 0.753906 0.809375 0.755859 0.808575 0.794896 0.747636 0.792943
0 0.181215 0.586286 0.182471 0.613158 0.112501 0.618270 0.111244 0.591398
0 0.706113 0.580807 0.714062 0.652344 0.684511 0.657475 0.676562 0.585938
0 0.105222 0.695239 0.176562 0.697266 0.176028 0.726637 0.104688 0.724610
0 0.750000 0.795898 0.812500 0.795898 0.812500 0.829102 0.750000 0.829102
0 0.046407 0.226632 0.060901 0.251817 0.023905 0.285085 0.009411 0.259900
0 0.596875 0.556641 0.597678 0.591768 0.542991 0.593722 0.542188 0.558594
0 0.545312 0.436523 0.601513 0.440538 0.600000 0.473633 0.543799 0.469618
0 0.565773 0.766069 0.617153 0.776442 0.612807 0.810071 0.561427 0.799698
0 0.070760 0.279985 0.096916 0.285225 0.089644 0.341943 0.063488 0.336703
0 0.792187 0.677734 0.792902 0.709015 0.738215 0.710968 0.737500 0.679688
0 0.077644 0.014724 0.090625 0.039063 0.047356 0.075120 0.034375 0.050781
0 0.731300 0.132808 0.732812 0.162109 0.684325 0.166020 0.682812 0.136719
0 0.723355 0.030052 0.726563 0.063477 0.685159 0.069688 0.681951 0.036263
0 0.170483 0.281432 0.195313 0.285157 0.190455 0.335756 0.165625 0.332032
0 0.682032 0.110352 0.735708 0.112325 0.735157 0.135742 0.681481 0.133769
0 0.073437 0.103516 0.077049 0.128798 0.032813 0.138672 0.029201 0.113390
0 0.103125 0.283203 0.126563 0.285156 0.124067 0.331953 0.100629 0.330000
0 0.076875 0.182422 0.096875 0.185547 0.091875 0.235546 0.071875 0.232421
0 0.078282 0.066372 0.081250 0.087890 0.035938 0.097656 0.032970 0.076138
0 0.205284 0.284776 0.225000 0.289062 0.218154 0.338270 0.198438 0.333984
0 0.076562 0.191406 0.078894 0.214724 0.041394 0.220583 0.039062 0.197266
0 0.079688 0.083984 0.088273 0.102145 0.053898 0.127536 0.045313 0.109375
0 0.076765 0.124098 0.082813 0.142578 0.046673 0.161059 0.040625 0.142578
