0 0.837207 0.000000 0.846864 0.114325 0.796949 0.120571 0.787293 0.000000
0 0.681250 0.000000 0.728126 0.000000 0.728126 0.089844 0.681250 0.089844
1 0.000000 0.579898 0.057975 0.588041 0.041119 0.775570 0.000000 0.767427
1 0.446876 0.873047 0.595494 0.878976 0.593750 0.947266 0.445132 0.941337
1 0.553111 0.661850 0.562569 0.839187 0.507813 0.843750 0.498355 0.666413
1 0.329226 0.373220 0.332812 0.539062 0.275000 0.541016 0.271414 0.375174
1 0.742188 0.875000 0.743321 0.939422 0.600000 0.943360 0.598867 0.878938
1 0.056855 0.703622 0.109374 0.712890 0.090019 0.884268 0.037500 0.875000
1 0.212500 0.373047 0.265654 0.373820 0.264092 0.541789 0.210938 0.541016
1 0.328125 0.529297 0.381249 0.529297 0.381249 0.697265 0.328125 0.697265
1 0.132813 0.345704 0.189063 0.345704 0.189063 0.503906 0.132813 0.503906
1 0.073438 0.525391 0.125043 0.530581 0.114106 0.700503 0.062501 0.695313
1 0.389062 0.345703 0.440670 0.347221 0.437500 0.515625 0.385892 0.514107
1 0.332246 0.357203 0.385572 0.359425 0.381250 0.521485 0.327924 0.519263
1 0.131319 0.706203 0.187610 0.713514 0.174999 0.865235 0.118708 0.857924
1 0.078125 0.347656 0.132594 0.351965 0.124781 0.506262 0.070312 0.501953
1 0.733733 0.695125 0.781250 0.853515 0.735017 0.875187 0.687500 0.716796
1 0.001562 0.355469 0.056428 0.359445 0.050000 0.498047 0.000000 0.494071
1 0.531232 0.351264 0.540699 0.505101 0.492188 0.509766 0.482721 0.355929
1 0.692138 0.782414 0.701562 0.839843 0.576612 0.871882 0.567188 0.814453
1 0.487500 0.511719 0.490674 0.664441 0.442188 0.666016 0.439014 0.513293
1 0.686027 0.715818 0.696875 0.771484 0.571785 0.809572 0.560938 0.753906
1 0.684376 0.658203 0.685022 0.718818 0.567835 0.720771 0.567188 0.660156
1 0.457875 0.685474 0.503061 0.687646 0.498311 0.842016 0.453125 0.839844
1 0.439062 0.697266 0.446889 0.849884 0.401562 0.853516 0.393735 0.700898
1 0.484375 0.349609 0.489063 0.492188 0.443763 0.494515 0.439075 0.351936
1 0.335938 0.707031 0.378097 0.707743 0.376534 0.852275 0.334376 0.851563
1 0.426563 0.541016 0.428184 0.682840 0.385937 0.683594 0.384317 0.541770
3 0.264062 0.726562 0.312500 0.726562 0.312500 0.871094 0.264062 0.871094
3 0.273471 0.561639 0.320313 0.562500 0.318717 0.698127 0.271875 0.697266
3 0.204698 0.735454 0.251563 0.736328 0.249990 0.868062 0.203125 0.867188
3 0.207812 0.570313 0.254688 0.570313 0.254688 0.699219 0.207812 0.699219
3 0.609614 0.515607 0.612500 0.574219 0.510697 0.582050 0.507812 0.523438
3 0.647734 0.585887 0.648438 0.638672 0.554688 0.640625 0.553984 0.587840
