0 0.654766 0.806086 0.717353 0.809134 0.712500 0.964844 0.649912 0.961796
0 0.551562 0.841797 0.554687 0.996094 0.495232 0.997975 0.492107 0.843678
0 0.235938 0.578125 0.290678 0.579037 0.289062 0.730469 0.234322 0.729557
0 0.226634 0.768685 0.278125 0.769531 0.276492 0.924676 0.225001 0.923829
0 0.234375 0.417969 0.285937 0.417969 0.285937 0.558594 0.234375 0.558594
0 0.691950 0.641168 0.701562 0.777344 0.653362 0.782660 0.643750 0.646484
0 0.248437 0.269531 0.298438 0.271484 0.295171 0.402155 0.245170 0.400202
0 0.677953 0.462083 0.685938 0.589844 0.637673 0.594557 0.629688 0.466796
0 0.467188 0.318360 0.517188 0.318360 0.517188 0.441406 0.467188 0.441406
0 0.649897 0.056649 0.656251 0.175781 0.609479 0.179679 0.603126 0.060547
0 0.221515 0.941024 0.279352 0.945405 0.276587 0.998047 0.218750 0.998047
0 0.554688 0.187500 0.604688 0.187500 0.604688 0.294922 0.554688 0.294922
0 0.299990 0.000000 0.302640 0.088031 0.252650 0.090323 0.250000 0.000000
0 0.664618 0.323537 0.677832 0.435023 0.631963 0.443517 0.618750 0.332031
0 0.654606 0.192701 0.668669 0.305983 0.625000 0.314453 0.610937 0.201171
0 0.296875 0.132812 0.298437 0.248047 0.256209 0.248942 0.254647 0.133707
0 0.467232 0.034126 0.510937 0.035156 0.509330 0.141656 0.465625 0.140626
0 0.626000 0.000000 0.636014 0.047528 0.597438 0.057945 0.587424 0.000000
