2 0.898998 0.563433 0.951563 0.607422 0.824440 0.844771 0.771876 0.800781
2 0.925307 0.691417 0.976563 0.732422 0.851563 0.976563 0.800307 0.935558
2 0.952340 0.799137 0.998438 0.845703 0.869842 0.998047 0.823744 0.998047
2 0.863757 0.432117 0.918750 0.472656 0.806555 0.710461 0.751562 0.669922
2 0.848130 0.343005 0.898437 0.390626 0.773744 0.596449 0.723437 0.548828
2 0.437500 0.716797 0.453169 0.987088 0.396875 0.992187 0.381205 0.721896
2 0.548650 0.575566 0.587713 0.823613 0.529688 0.837891 0.490625 0.589843
2 0.580269 0.816272 0.620525 0.998047 0.563693 0.998047 0.523437 0.835937
2 0.342173 0.739928 0.354687 0.998047 0.301917 0.998047 0.289403 0.743926
2 0.270287 0.751457 0.282812 0.998047 0.230053 0.998047 0.217528 0.755644
2 0.504642 0.745683 0.532813 0.998047 0.478922 0.998047 0.450751 0.755083
2 0.608911 0.571433 0.650000 0.818359 0.594213 0.832863 0.553124 0.585937
2 0.651481 0.814351 0.693750 0.998047 0.639143 0.998047 0.596874 0.833984
2 0.340625 0.503906 0.345313 0.748047 0.289133 0.749732 0.284445 0.505591
2 0.562522 0.074488 0.581272 0.299097 0.523438 0.306641 0.504688 0.082031
2 0.478125 0.501953 0.503125 0.742187 0.450285 0.750779 0.425285 0.510545
2 0.845102 0.089143 0.864063 0.328125 0.811148 0.334685 0.792187 0.095703
2 0.275005 0.105535 0.290629 0.336004 0.235937 0.341797 0.220313 0.111328
2 0.645067 0.061955 0.667187 0.287110 0.612745 0.295467 0.590625 0.070312
2 0.697897 0.054773 0.729688 0.279297 0.677103 0.290931 0.645312 0.066407
2 0.340147 0.103050 0.351562 0.324219 0.297101 0.328610 0.285686 0.107441
2 0.497858 0.082773 0.523437 0.308593 0.472454 0.317617 0.446875 0.091797
2 0.440046 0.088633 0.465625 0.314453 0.414642 0.323477 0.389063 0.097657
2 0.390788 0.096062 0.406413 0.318718 0.356250 0.324218 0.340625 0.101562
2 0.773316 0.054348 0.784375 0.263672 0.732934 0.267918 0.721875 0.058594
