0 0.748732 0.841316 0.872170 0.888191 0.857812 0.947266 0.734375 0.900391
0 0.810268 0.689064 0.921875 0.753906 0.900670 0.810936 0.789063 0.746094
0 0.834251 0.611193 0.946874 0.683594 0.925123 0.736463 0.812500 0.664062
0 0.863284 0.554304 0.967187 0.605468 0.949216 0.662492 0.845312 0.611328
0 0.782442 0.760423 0.888692 0.819017 0.870312 0.871095 0.764062 0.812501
2 0.222671 0.778968 0.482812 0.890625 0.458579 0.978844 0.198437 0.867187
2 0.274525 0.654087 0.521875 0.763672 0.495787 0.855679 0.248437 0.746094
2 0.295575 0.274419 0.537500 0.392578 0.509113 0.483393 0.267188 0.365234
2 0.256752 0.379780 0.506250 0.482421 0.482310 0.573344 0.232812 0.470703
2 0.165552 0.886077 0.430964 0.916344 0.424787 0.998047 0.159375 0.970703
2 0.734591 0.000000 0.797091 0.030577 0.709375 0.304687 0.646876 0.273437
