0 0.820312 0.425781 0.869470 0.439249 0.843750 0.585937 0.794592 0.572469
0 0.000000 0.393758 0.071425 0.439788 0.046271 0.500774 0.000000 0.454744
0 0.897572 0.457900 0.938271 0.475008 0.904768 0.599544 0.864069 0.582436
0 0.961655 0.485313 0.998438 0.500493 0.970689 0.635977 0.929612 0.620797
0 0.528119 0.316229 0.562500 0.355469 0.495319 0.447443 0.460938 0.408203
0 0.620206 0.901531 0.667188 0.919922 0.643008 0.998047 0.596026 0.998047
0 0.818750 0.406249 0.862782 0.420519 0.839388 0.533309 0.795357 0.519039
1 0.160938 0.658204 0.376235 0.737717 0.355922 0.823654 0.140625 0.744141
1 0.147428 0.329635 0.365624 0.367187 0.356932 0.446101 0.138736 0.408549
1 0.414063 0.563476 0.607490 0.660190 0.583513 0.735116 0.390086 0.638403
