0 0.007668 0.930979 0.101562 0.937500 0.098582 0.998047 0.004687 0.998047
0 0.572215 0.970832 0.672483 0.972791 0.672143 0.998047 0.571875 0.998047
0 0.261461 0.946975 0.349237 0.956771 0.345589 0.998047 0.257813 0.998047
0 0.693449 0.966791 0.783552 0.968767 0.783113 0.998047 0.693010 0.998047
0 0.703125 0.646484 0.791378 0.648454 0.790625 0.701172 0.702372 0.699202
0 0.045178 0.618314 0.131115 0.624173 0.128906 0.674804 0.042969 0.668945
0 0.985754 0.956777 0.990625 0.998047 0.893934 0.998047 0.889063 0.974610
0 0.141198 0.960764 0.229687 0.962891 0.229114 0.998047 0.140625 0.998047
0 0.000000 0.614258 0.045879 0.622925 0.039844 0.672852 0.000000 0.664186
0 0.892187 0.656249 0.978124 0.656249 0.978124 0.699218 0.892187 0.699218
0 0.633373 0.599276 0.680724 0.667291 0.655175 0.695082 0.607825 0.627067
0 0.468475 0.970696 0.548438 0.972656 0.548009 0.998047 0.468046 0.998047
0 0.190464 0.602086 0.206250 0.646485 0.143910 0.681118 0.128124 0.636719
0 0.814062 0.650391 0.882812 0.650391 0.882812 0.697266 0.814062 0.697266
0 0.242377 0.460333 0.281250 0.462891 0.277935 0.541621 0.239062 0.539063
0 0.485789 0.091106 0.550215 0.126339 0.536301 0.166092 0.471875 0.130859
0 0.380976 0.964835 0.443751 0.966797 0.443087 0.998047 0.380311 0.998047
0 0.259375 0.574219 0.298437 0.574219 0.298437 0.644531 0.259375 0.644531
0 0.617482 0.486184 0.655238 0.490474 0.650000 0.562500 0.612244 0.558210
0 0.333186 0.558139 0.346875 0.630859 0.312126 0.641079 0.298437 0.568359
0 0.584725 0.590550 0.603903 0.649482 0.570845 0.666292 0.551667 0.607360
0 0.499038 0.064873 0.559976 0.092217 0.550000 0.126953 0.489062 0.099609
0 0.048737 0.336082 0.085938 0.345703 0.076263 0.404152 0.039062 0.394531
0 0.237500 0.589844 0.250000 0.648437 0.215184 0.660043 0.202684 0.601449
0 0.541834 0.580922 0.546521 0.647327 0.518750 0.650391 0.514063 0.583985
2 0.395919 0.549794 0.455822 0.564287 0.422403 0.780118 0.362500 0.765625
2 0.047300 0.159840 0.214635 0.178461 0.209396 0.252014 0.042061 0.233393
2 0.668230 0.358067 0.840626 0.380859 0.834896 0.448573 0.662501 0.425781
2 0.545890 0.143435 0.707812 0.179687 0.697860 0.249143 0.535938 0.212891
2 0.078838 0.000000 0.231250 0.013672 0.227412 0.080155 0.075000 0.066406
2 0.683032 0.257219 0.854908 0.292375 0.848438 0.341798 0.676562 0.306641
2 0.719642 0.173323 0.885938 0.210938 0.878797 0.260271 0.712500 0.222656
2 0.663218 0.304258 0.837562 0.335391 0.832156 0.382696 0.657812 0.351563
2 0.689063 0.222656 0.877310 0.260545 0.871876 0.302734 0.683628 0.264845
2 0.326615 0.642098 0.329688 0.705078 0.201562 0.714844 0.198490 0.651864
2 0.061907 0.119280 0.225969 0.142717 0.221875 0.187500 0.057813 0.164063
