0 0.531563 0.772656 0.567651 0.836760 0.453125 0.937500 0.417037 0.873396
0 0.563065 0.358571 0.580666 0.431271 0.459789 0.476997 0.442188 0.404298
0 0.435937 0.177734 0.564062 0.191406 0.559140 0.263480 0.431015 0.249808
0 0.766219 0.796196 0.785938 0.857421 0.665625 0.917968 0.645906 0.856743
0 0.532990 0.669725 0.559552 0.726366 0.450000 0.806641 0.423438 0.750001
0 0.769241 0.144541 0.801562 0.191406 0.707321 0.292959 0.675000 0.246094
0 0.449452 0.493930 0.566639 0.505648 0.562501 0.570313 0.445313 0.558594
0 0.756370 0.426983 0.785937 0.482422 0.692188 0.560547 0.662620 0.505108
0 0.881250 0.083984 0.884914 0.149936 0.772414 0.159702 0.768750 0.093750
0 0.545623 0.570451 0.564062 0.625001 0.449689 0.685409 0.431250 0.630860
0 0.541387 0.912321 0.554192 0.967795 0.439036 0.998047 0.426231 0.953852
0 0.760157 0.653321 0.796875 0.699219 0.721094 0.793946 0.684375 0.748047
0 0.918303 0.003716 0.924483 0.060369 0.820243 0.078137 0.814063 0.021485
3 0.774314 0.872952 0.809375 0.927734 0.695998 0.998047 0.660937 0.986328
3 0.733234 0.290731 0.771875 0.332032 0.679688 0.466797 0.641047 0.425496
3 0.755948 0.541354 0.790625 0.589844 0.687500 0.705078 0.652823 0.656588
3 0.540625 0.265625 0.560569 0.324718 0.460569 0.377453 0.440625 0.318359
4 0.458717 0.062536 0.607154 0.068395 0.604687 0.166016 0.456250 0.160157
