0 0.047144 0.756488 0.079417 0.803920 0.000000 0.888352 0.000000 0.840920
0 0.044205 0.846720 0.078486 0.893466 0.000000 0.983399 0.000000 0.936652
0 0.070313 0.435547 0.074690 0.499749 0.000000 0.507705 0.000000 0.443503
0 0.069588 0.597697 0.070698 0.660145 0.000000 0.662109 0.000000 0.599661
0 0.574217 0.871010 0.577348 0.998047 0.528909 0.998047 0.525778 0.872875
0 0.349926 0.535303 0.393729 0.536097 0.392212 0.666971 0.348409 0.666177
0 0.000000 0.525390 0.075001 0.525390 0.075001 0.580078 0.000000 0.580078
0 0.450747 0.000000 0.453122 0.118139 0.411753 0.119425 0.409378 0.000000
0 0.078967 0.384718 0.079878 0.441401 0.000000 0.443406 0.000000 0.386723
0 0.383661 0.168829 0.387952 0.300723 0.347263 0.302791 0.342973 0.170897
0 0.383547 0.325181 0.387577 0.453741 0.346855 0.455735 0.342825 0.327175
0 0.000000 0.309747 0.070471 0.326583 0.062050 0.381659 0.000000 0.364823
0 0.000000 0.037110 0.087500 0.037110 0.087500 0.083985 0.000000 0.083985
0 0.000000 0.015625 0.081250 0.015625 0.081250 0.062500 0.000000 0.062500
0 0.043750 0.953125 0.065625 0.994141 0.018750 0.998047 0.000000 0.992188
1 0.348651 0.724408 0.389837 0.730352 0.377381 0.865202 0.336195 0.859258
3 0.000000 0.669922 0.079687 0.669922 0.079687 0.726562 0.000000 0.726562
