0 0.510938 0.847656 0.550782 0.997070 0.489844 0.998047 0.450000 0.873046
0 0.466021 0.673693 0.500203 0.830363 0.443749 0.849609 0.409567 0.692939
0 0.333063 0.901498 0.373438 0.998047 0.317645 0.998047 0.277270 0.937954
0 0.367779 0.900138 0.407813 0.998047 0.351679 0.998047 0.311645 0.936001
0 0.437663 0.868038 0.466002 0.998047 0.411151 0.998047 0.382812 0.886719
1 0.649701 0.049627 0.671094 0.160157 0.186719 0.306641 0.165326 0.196111
1 0.700781 0.324219 0.724814 0.425561 0.286719 0.587891 0.262686 0.486549
1 0.326327 0.723024 0.355620 0.874066 0.294531 0.892578 0.265238 0.741536
1 0.380189 0.694156 0.408314 0.848453 0.356250 0.863282 0.328125 0.708985
1 0.407792 0.697148 0.435916 0.851445 0.387500 0.865234 0.359376 0.710937
