0 0.314451 0.363411 0.431639 0.402474 0.418751 0.462891 0.301563 0.423828
0 0.878125 0.624999 0.929954 0.643355 0.903125 0.761719 0.851296 0.743363
0 0.693061 0.848108 0.737500 0.871094 0.697563 0.991736 0.653125 0.968750
0 0.005734 0.212309 0.098437 0.238281 0.089578 0.287691 0.000000 0.261719
0 0.017838 0.172170 0.109375 0.193360 0.102474 0.239940 0.010937 0.218751
0 0.063982 0.087878 0.153125 0.101562 0.148518 0.148450 0.059375 0.134766
0 0.817188 0.574220 0.857636 0.581593 0.846698 0.675343 0.806250 0.667969
0 0.761940 0.000000 0.795312 0.052735 0.762364 0.075493 0.728992 0.000000
0 0.041572 0.128444 0.126563 0.146484 0.120928 0.187962 0.035937 0.169922
0 0.703871 0.000000 0.739063 0.054688 0.713317 0.073856 0.678125 0.000000
1 0.579085 0.655710 0.732210 0.671335 0.726563 0.757812 0.573438 0.742187
1 0.076948 0.657438 0.226562 0.699219 0.212114 0.780062 0.062500 0.738281
1 0.045663 0.717326 0.194100 0.758342 0.179687 0.839844 0.031250 0.798828
1 0.368372 0.740590 0.431251 0.761719 0.391004 0.948864 0.328125 0.927735
1 0.503870 0.765986 0.564062 0.775391 0.543750 0.978516 0.483558 0.969111
1 0.437739 0.755492 0.500441 0.772909 0.467389 0.958824 0.404687 0.941407
1 0.297712 0.736141 0.359374 0.755859 0.324162 0.927921 0.262499 0.908203
1 0.112216 0.550334 0.259375 0.585937 0.248722 0.654743 0.101563 0.619141
1 0.199381 0.376127 0.335937 0.406250 0.325619 0.479341 0.189063 0.449219
1 0.271064 0.592798 0.420313 0.628906 0.410186 0.694312 0.260937 0.658203
1 0.485743 0.467256 0.606250 0.521485 0.586132 0.591338 0.465625 0.537110
1 0.125077 0.498105 0.278125 0.529297 0.270235 0.589785 0.117187 0.558593
1 0.576563 0.785156 0.629296 0.791897 0.615233 0.963772 0.562500 0.957031
1 0.235599 0.739937 0.285937 0.761718 0.240963 0.924125 0.190625 0.902344
1 0.285235 0.549209 0.431250 0.576171 0.424139 0.636338 0.278125 0.609375
1 0.103366 0.613732 0.242188 0.648438 0.232572 0.708534 0.093750 0.673828
1 0.731338 0.313897 0.789063 0.328125 0.767100 0.467353 0.709375 0.453125
1 0.679511 0.515454 0.731250 0.523438 0.715625 0.681641 0.663886 0.673656
1 0.453626 0.527784 0.587501 0.576172 0.574500 0.632372 0.440625 0.583984
1 0.358329 0.111600 0.418751 0.125000 0.401047 0.249728 0.340625 0.236328
1 0.163012 0.451464 0.296876 0.476563 0.290114 0.532912 0.156250 0.507813
1 0.380994 0.240867 0.434375 0.261719 0.401818 0.391945 0.348437 0.371094
1 0.914062 0.349609 0.964614 0.360710 0.944301 0.505241 0.893750 0.494140
1 0.738166 0.540948 0.789728 0.544854 0.782812 0.687500 0.731250 0.683594
1 0.751563 0.185547 0.805206 0.194199 0.791567 0.326323 0.737924 0.317671
1 0.555550 0.286654 0.606251 0.302734 0.579688 0.433594 0.528987 0.417514
1 0.272410 0.223517 0.320313 0.246094 0.282278 0.372187 0.234375 0.349610
1 0.446094 0.256836 0.495312 0.277344 0.461718 0.403320 0.412500 0.382813
1 0.448873 0.005825 0.496875 0.031250 0.455815 0.152379 0.407813 0.126954
1 0.975001 0.365235 0.998438 0.373585 0.998437 0.512919 0.957022 0.504569
1 0.411879 0.124841 0.465625 0.132812 0.453745 0.257971 0.400000 0.250000
1 0.674570 0.312765 0.723438 0.324219 0.703556 0.456767 0.654688 0.445313
1 0.501710 0.272867 0.551563 0.292969 0.520166 0.414633 0.470313 0.394531
1 0.639382 0.162616 0.689062 0.169922 0.676562 0.302734 0.626882 0.295428
1 0.976585 0.225922 0.998438 0.227346 0.998438 0.365234 0.971857 0.363810
1 0.792188 0.335937 0.840870 0.343096 0.828370 0.475909 0.779688 0.468750
1 0.851562 0.349609 0.901111 0.359138 0.885486 0.486091 0.835937 0.476562
1 0.332958 0.236524 0.378125 0.257812 0.340480 0.382616 0.295313 0.361328
1 0.467283 0.135647 0.517188 0.142578 0.506155 0.266697 0.456250 0.259766
1 0.533558 0.152336 0.582813 0.162109 0.567188 0.285156 0.517933 0.275383
1 0.614654 0.311972 0.664316 0.322319 0.648100 0.443940 0.598438 0.433593
1 0.311250 0.121875 0.360938 0.142578 0.332500 0.249219 0.282813 0.228516
1 0.695554 0.182872 0.742187 0.189453 0.731008 0.313222 0.684375 0.306641
1 0.494207 0.020021 0.539062 0.039063 0.507356 0.155761 0.462500 0.136719
1 0.400951 0.000000 0.442188 0.019531 0.403737 0.133136 0.362500 0.111329
1 0.737885 0.081455 0.785938 0.087890 0.776379 0.199403 0.728326 0.192968
1 0.552322 0.033389 0.595313 0.052735 0.563304 0.163877 0.520313 0.144531
1 0.692944 0.071154 0.739062 0.082031 0.722680 0.190564 0.676562 0.179687
1 0.600107 0.044636 0.642187 0.062500 0.612393 0.172160 0.570313 0.154296
1 0.636302 0.056370 0.681249 0.062500 0.671510 0.174098 0.626562 0.167968
4 0.359744 0.408739 0.495313 0.441406 0.482443 0.524855 0.346875 0.492188
