0 0.907022 0.955078 0.998437 0.955078 0.998437 0.998047 0.907022 0.998047
0 0.793749 0.878906 0.899227 0.887277 0.896875 0.933594 0.791397 0.925223
0 0.803124 0.943359 0.908602 0.951730 0.906250 0.998047 0.800772 0.989676
0 0.698438 0.945312 0.803915 0.953683 0.801563 0.998047 0.696085 0.991629
0 0.796255 0.818403 0.796875 0.867188 0.698437 0.869141 0.697818 0.820356
0 0.896255 0.824262 0.896875 0.873047 0.798437 0.875000 0.797817 0.826215
0 0.699380 0.937543 0.700000 0.986328 0.601562 0.988281 0.600942 0.939496
0 0.697818 0.822309 0.698438 0.871094 0.600000 0.873047 0.599381 0.824262
0 0.994693 0.822309 0.995313 0.871094 0.896875 0.873047 0.896255 0.824262
0 0.396571 0.697316 0.493446 0.701222 0.492187 0.750000 0.395312 0.746094
0 0.878126 0.464844 0.975605 0.466809 0.975000 0.513672 0.877521 0.511707
0 0.601562 0.875000 0.695137 0.879177 0.693750 0.927734 0.600175 0.923557
0 0.695312 0.880860 0.788887 0.885037 0.787500 0.933594 0.693925 0.929417
0 0.887500 0.771484 0.984375 0.771484 0.984375 0.818359 0.887500 0.818359
0 0.789062 0.773438 0.885938 0.773438 0.885938 0.820312 0.789062 0.820312
0 0.685938 0.769531 0.782812 0.769531 0.782812 0.816406 0.685938 0.816406
0 0.589063 0.771484 0.685938 0.771484 0.685938 0.818359 0.589063 0.818359
0 0.207403 0.709219 0.304278 0.713126 0.303125 0.757812 0.206250 0.753906
0 0.219903 0.599844 0.316778 0.603751 0.315625 0.648437 0.218750 0.644531
0 0.110528 0.730704 0.207403 0.734611 0.206250 0.779298 0.109375 0.775391
0 0.123028 0.617422 0.219903 0.621329 0.218750 0.666015 0.121875 0.662109
0 0.598437 0.716797 0.689709 0.718764 0.689063 0.765625 0.597791 0.763658
0 0.696875 0.718750 0.788147 0.720717 0.787501 0.767578 0.696229 0.765611
0 0.790626 0.722656 0.881897 0.724623 0.881251 0.771484 0.789979 0.769517
0 0.790625 0.664063 0.881897 0.666030 0.881251 0.712891 0.789979 0.710924
0 0.887500 0.658203 0.978772 0.660170 0.978125 0.707031 0.886854 0.705064
0 0.698438 0.667969 0.789709 0.669936 0.789063 0.716797 0.697791 0.714830
0 0.604687 0.664063 0.695959 0.666030 0.695313 0.712891 0.604041 0.710924
0 0.604687 0.570313 0.695959 0.572280 0.695313 0.619141 0.604041 0.617174
0 0.698438 0.570313 0.789709 0.572280 0.789063 0.619141 0.697791 0.617174
0 0.789062 0.568359 0.880334 0.570326 0.879687 0.617187 0.788416 0.615220
0 0.793750 0.615234 0.885022 0.617201 0.884375 0.664062 0.793104 0.662095
0 0.885938 0.611328 0.977209 0.613295 0.976562 0.660156 0.885291 0.658189
0 0.881250 0.564453 0.972521 0.566420 0.971875 0.613281 0.880603 0.611314
0 0.875001 0.511719 0.966272 0.513686 0.965626 0.560547 0.874354 0.558580
0 0.413710 0.833237 0.505897 0.846909 0.501562 0.892579 0.409375 0.878907
0 0.778125 0.511719 0.869156 0.517708 0.867188 0.564453 0.776156 0.558464
0 0.681250 0.511719 0.772281 0.517708 0.770313 0.564453 0.679282 0.558464
0 0.590625 0.515625 0.681656 0.521614 0.679687 0.568359 0.588656 0.562370
0 0.787500 0.458985 0.878531 0.464974 0.876563 0.511719 0.785532 0.505730
0 0.687499 0.458985 0.778531 0.464974 0.776562 0.511719 0.685531 0.505730
0 0.606250 0.414063 0.697281 0.420052 0.695312 0.466797 0.604281 0.460808
0 0.398438 0.751953 0.489062 0.751953 0.489062 0.798828 0.398438 0.798828
0 0.317187 0.837891 0.407813 0.837891 0.407813 0.884766 0.317187 0.884766
0 0.220313 0.843750 0.310937 0.843750 0.310937 0.890625 0.220313 0.890625
0 0.206251 0.906250 0.296876 0.906250 0.296876 0.953125 0.206251 0.953125
0 0.103671 0.902293 0.202109 0.904246 0.201563 0.947265 0.103125 0.945312
0 0.389608 0.955028 0.488046 0.956981 0.487500 0.998047 0.389062 0.998047
0 0.103647 0.956980 0.202109 0.958934 0.201587 0.998047 0.103125 0.998047
0 0.202034 0.960885 0.300546 0.962840 0.300074 0.998047 0.201562 0.998047
0 0.297397 0.956980 0.395859 0.958934 0.395338 0.998047 0.296875 0.998047
0 0.299549 0.703044 0.396424 0.706950 0.395313 0.750000 0.298438 0.746094
0 0.025000 0.164063 0.115890 0.179733 0.110938 0.224609 0.020048 0.208939
0 0.891989 0.249991 0.978125 0.253907 0.976761 0.300791 0.890625 0.296875
0 0.891989 0.203116 0.978125 0.207032 0.976761 0.253916 0.890625 0.250000
0 0.709375 0.257812 0.795313 0.257812 0.795313 0.304688 0.709375 0.304688
0 0.696874 0.416016 0.785937 0.416016 0.785937 0.460938 0.696874 0.460938
0 0.789063 0.416016 0.878126 0.416016 0.878126 0.460938 0.789063 0.460938
0 0.778124 0.365234 0.867188 0.365234 0.867188 0.410156 0.778124 0.410156
0 0.868749 0.369141 0.957812 0.369141 0.957812 0.414063 0.868749 0.414063
0 0.690625 0.361328 0.779688 0.361328 0.779688 0.406250 0.690625 0.406250
0 0.618749 0.257812 0.707812 0.257812 0.707812 0.302734 0.618749 0.302734
0 0.316229 0.453070 0.407813 0.455078 0.407209 0.498102 0.315625 0.496094
0 0.228729 0.451117 0.320313 0.453125 0.319709 0.496149 0.228125 0.494141
0 0.231854 0.398382 0.323438 0.400390 0.322834 0.443414 0.231250 0.441406
0 0.134979 0.449164 0.226563 0.451172 0.225959 0.494196 0.134375 0.492188
0 0.145916 0.402289 0.237500 0.404297 0.236896 0.447321 0.145312 0.445313
0 0.402166 0.496039 0.493750 0.498047 0.493146 0.541071 0.401562 0.539063
0 0.224041 0.496039 0.315625 0.498047 0.315021 0.541071 0.223437 0.539063
0 0.317791 0.599554 0.409375 0.601562 0.408771 0.644586 0.317187 0.642578
0 0.302166 0.650336 0.393750 0.652344 0.393146 0.695368 0.301562 0.693360
0 0.397479 0.648382 0.489063 0.650390 0.488459 0.693414 0.396875 0.691406
0 0.394354 0.546820 0.485938 0.548828 0.485334 0.591852 0.393750 0.589844
0 0.311541 0.546820 0.403125 0.548828 0.402521 0.591852 0.310937 0.589844
0 0.308416 0.499945 0.400000 0.501953 0.399396 0.544977 0.307812 0.542969
0 0.219354 0.550726 0.310938 0.552734 0.310334 0.595758 0.218750 0.593750
0 0.125604 0.564398 0.217188 0.566406 0.216584 0.609430 0.125000 0.607422
0 0.036542 0.033134 0.118750 0.039062 0.116584 0.086006 0.034376 0.080078
0 0.039666 0.078056 0.121874 0.083984 0.119708 0.130928 0.037500 0.125000
0 0.797597 0.259746 0.878847 0.261699 0.878125 0.308594 0.796875 0.306641
0 0.470312 0.064452 0.556249 0.064452 0.556249 0.107421 0.470312 0.107421
0 0.470312 0.111327 0.556249 0.111327 0.556249 0.154296 0.470312 0.154296
0 0.325001 0.400391 0.410937 0.400391 0.410937 0.443359 0.325001 0.443359
0 0.410937 0.400391 0.496874 0.400391 0.496874 0.443359 0.410937 0.443359
0 0.412500 0.357421 0.498437 0.357421 0.498437 0.400390 0.412500 0.400390
0 0.329688 0.349609 0.415624 0.349609 0.415624 0.392578 0.329688 0.392578
0 0.462500 0.246094 0.548437 0.246094 0.548437 0.289062 0.462500 0.289062
0 0.464062 0.201172 0.549999 0.201172 0.549999 0.244140 0.464062 0.244140
0 0.467187 0.156249 0.553124 0.156249 0.553124 0.199218 0.467187 0.199218
0 0.242187 0.353515 0.328124 0.353515 0.328124 0.396484 0.242187 0.396484
0 0.209376 0.248047 0.295312 0.248047 0.295312 0.291016 0.209376 0.291016
0 0.150000 0.349609 0.235938 0.349609 0.235938 0.392578 0.150000 0.392578
0 0.013704 0.214809 0.095313 0.222656 0.092546 0.267613 0.010937 0.259766
0 0.619413 0.083888 0.704688 0.085937 0.704026 0.129002 0.618750 0.126953
0 0.386626 0.070251 0.467188 0.072265 0.466500 0.115295 0.385938 0.113281
0 0.383501 0.206970 0.464063 0.208984 0.463375 0.252014 0.382813 0.250000
0 0.224125 0.070251 0.304687 0.072265 0.303999 0.115295 0.223437 0.113281
0 0.303813 0.033142 0.384375 0.035156 0.383687 0.078186 0.303125 0.076172
0 0.214751 0.031189 0.295313 0.033203 0.294625 0.076233 0.214063 0.074219
0 0.383501 0.164001 0.464063 0.166015 0.463375 0.209045 0.382813 0.207031
0 0.292876 0.205017 0.373438 0.207031 0.372750 0.250061 0.292188 0.248047
0 0.300688 0.160095 0.381250 0.162109 0.380562 0.205139 0.300000 0.203125
0 0.219438 0.156189 0.300000 0.158203 0.299312 0.201233 0.218750 0.199219
0 0.203813 0.201111 0.284375 0.203125 0.283687 0.246155 0.203125 0.244141
0 0.386626 0.029236 0.467188 0.031250 0.466500 0.074280 0.385938 0.072266
0 0.469438 0.023376 0.550000 0.025390 0.549312 0.068420 0.468750 0.066406
0 0.389595 0.000000 0.470313 0.000000 0.469781 0.033268 0.389063 0.031250
0 0.220751 0.000000 0.301563 0.000000 0.301125 0.027411 0.220313 0.025391
0 0.303688 0.000000 0.384375 0.000000 0.383812 0.035220 0.303125 0.033203
0 0.389751 0.111267 0.470313 0.113281 0.469625 0.156311 0.389063 0.154297
0 0.314750 0.113220 0.395312 0.115234 0.394624 0.158264 0.314062 0.156250
0 0.228813 0.111267 0.309375 0.113281 0.308687 0.156311 0.228125 0.154297
0 0.306938 0.068298 0.387500 0.070312 0.386812 0.113342 0.306250 0.111328
0 0.802131 0.210915 0.888069 0.212868 0.887501 0.251953 0.801563 0.250000
0 0.713068 0.210915 0.799006 0.212868 0.798438 0.251953 0.712500 0.250000
0 0.627164 0.208962 0.708414 0.210915 0.707812 0.250000 0.626562 0.248047
0 0.616227 0.171852 0.697477 0.173805 0.696875 0.212890 0.615626 0.210937
0 0.703727 0.171852 0.784977 0.173805 0.784375 0.212890 0.703125 0.210937
0 0.795914 0.165993 0.877164 0.167946 0.876562 0.207031 0.795312 0.205078
0 0.883414 0.160134 0.964664 0.162087 0.964063 0.201172 0.882812 0.199219
0 0.797477 0.124977 0.878727 0.126930 0.878125 0.166015 0.796875 0.164062
0 0.616227 0.128884 0.697477 0.130837 0.696876 0.169922 0.615626 0.167969
0 0.716227 0.039040 0.797477 0.040993 0.796875 0.080078 0.715625 0.078125
0 0.620914 0.039040 0.702164 0.040993 0.701562 0.080078 0.620312 0.078125
0 0.795914 0.076149 0.877164 0.078102 0.876562 0.117187 0.795312 0.115234
0 0.706852 0.082009 0.788102 0.083962 0.787500 0.123047 0.706250 0.121094
0 0.713101 0.000000 0.794352 0.000000 0.793751 0.039062 0.712500 0.037109
0 0.798948 0.000000 0.880289 0.000000 0.879778 0.033206 0.798438 0.031250
0 0.631791 0.000000 0.713102 0.000000 0.712561 0.035158 0.631250 0.033203
0 0.883414 0.117165 0.964664 0.119118 0.964062 0.158203 0.882812 0.156250
0 0.705289 0.123024 0.786539 0.124977 0.785937 0.164062 0.704687 0.162109
0 0.794352 0.033180 0.875602 0.035133 0.875000 0.074218 0.793750 0.072265
0 0.881852 0.070290 0.963102 0.072243 0.962500 0.111328 0.881251 0.109375
