0 0.311159 0.882788 0.317188 0.964844 0.164063 0.982422 0.158034 0.900366
0 0.469609 0.864330 0.479687 0.945313 0.339063 0.972656 0.328985 0.891673
0 0.157813 0.656250 0.162698 0.730288 0.009375 0.746094 0.004490 0.672056
0 0.846676 0.695008 0.850001 0.771485 0.706251 0.781250 0.702926 0.704773
0 0.146875 0.923828 0.150092 0.997828 0.003217 0.998047 0.000000 0.933806
0 0.331250 0.539062 0.470313 0.539062 0.470313 0.617188 0.331250 0.617188
0 0.315625 0.638672 0.318877 0.712667 0.173438 0.722656 0.170185 0.648661
0 0.868750 0.869141 0.998438 0.869141 0.998438 0.943359 0.868750 0.943359
0 0.470313 0.787110 0.476492 0.863488 0.337429 0.881066 0.331250 0.804688
0 0.854171 0.783431 0.859375 0.857422 0.717187 0.873047 0.711983 0.799056
0 0.314388 0.802557 0.318751 0.875000 0.173438 0.888672 0.169076 0.816229
0 0.162323 0.825149 0.168750 0.894531 0.020313 0.916015 0.013886 0.846633
0 0.817399 0.516840 0.825000 0.595703 0.695313 0.615234 0.687712 0.536371
0 0.942651 0.952693 0.943750 0.998047 0.800983 0.998047 0.799884 0.958101
0 0.332858 0.711194 0.340625 0.783203 0.201562 0.806641 0.193795 0.734631
0 0.998438 0.780860 0.998438 0.851555 0.867598 0.857813 0.865469 0.787117
0 0.185938 0.257812 0.323438 0.257812 0.323438 0.330078 0.185938 0.330078
0 0.859077 0.871301 0.864062 0.941406 0.723437 0.957031 0.718452 0.886926
0 0.467928 0.617113 0.472623 0.689218 0.335938 0.703125 0.331243 0.631020
0 0.481506 0.699399 0.487499 0.767578 0.345312 0.787109 0.339319 0.718930
0 0.193750 0.742188 0.196760 0.810662 0.054572 0.820428 0.051562 0.751953
0 0.185276 0.554562 0.326563 0.562499 0.324101 0.630984 0.182813 0.623047
0 0.463252 0.458782 0.467188 0.529297 0.330498 0.541218 0.326562 0.470703
0 0.815901 0.454893 0.820313 0.523438 0.682537 0.537295 0.678125 0.468750
0 0.785757 0.233763 0.790706 0.303874 0.659375 0.318359 0.654426 0.248248
0 0.814675 0.603122 0.823285 0.677480 0.702360 0.699358 0.693750 0.625000
0 0.451552 0.314007 0.453200 0.386102 0.326562 0.390625 0.324914 0.318530
0 0.187500 0.175781 0.320312 0.175781 0.320312 0.244141 0.187500 0.244141
0 0.989741 0.518509 0.993750 0.580078 0.849321 0.594773 0.845312 0.533204
0 0.321861 0.478221 0.325086 0.544738 0.192287 0.554799 0.189062 0.488282
0 0.771981 0.167079 0.775991 0.228280 0.650831 0.241095 0.646821 0.179894
0 0.792926 0.374381 0.800000 0.443359 0.674262 0.463509 0.667188 0.394531
0 0.664676 0.470151 0.675000 0.625000 0.618750 0.630859 0.608426 0.476010
0 0.867187 0.601562 0.998438 0.603516 0.998438 0.666030 0.866594 0.664076
0 0.320312 0.333985 0.320926 0.398405 0.187500 0.400391 0.186886 0.335971
0 0.314759 0.404256 0.317187 0.468750 0.184375 0.476562 0.181947 0.412068
0 0.998438 0.673828 0.998438 0.738307 0.889625 0.750090 0.885327 0.685611
0 0.332812 0.162109 0.443749 0.162109 0.443749 0.238281 0.332812 0.238281
0 0.447984 0.228325 0.453293 0.299114 0.334996 0.312977 0.329687 0.242188
0 0.438158 0.035243 0.442188 0.101563 0.318750 0.113281 0.314721 0.046961
0 0.457813 0.390625 0.461029 0.454948 0.334375 0.464843 0.331159 0.400520
0 0.646876 0.298828 0.666666 0.443137 0.611979 0.454856 0.592188 0.310547
0 0.307335 0.038183 0.309376 0.104491 0.187501 0.110351 0.185460 0.044043
0 0.184375 0.115234 0.312500 0.115234 0.312500 0.177734 0.184375 0.177734
0 0.953248 0.368890 0.956250 0.429688 0.826440 0.439704 0.823438 0.378906
0 0.438234 0.000000 0.439530 0.034979 0.316454 0.041051 0.315158 0.000000
0 0.789130 0.310042 0.795312 0.371094 0.668682 0.391130 0.662500 0.330078
0 0.753810 0.013000 0.760937 0.076172 0.639062 0.097656 0.631935 0.034484
0 0.944044 0.298689 0.946874 0.357422 0.815330 0.367327 0.812499 0.308594
0 0.998438 0.135769 0.998438 0.198483 0.922578 0.219699 0.912652 0.156985
0 0.837500 0.441406 0.964062 0.441406 0.964062 0.501953 0.837500 0.501953
0 0.756257 0.097473 0.760938 0.160156 0.642181 0.174011 0.637500 0.111328
0 0.619919 0.149558 0.639062 0.285157 0.585937 0.296876 0.566794 0.161277
0 0.191407 0.000000 0.311720 0.000000 0.311720 0.042970 0.191407 0.042970
0 0.913437 0.165974 0.914062 0.224609 0.794375 0.226604 0.793750 0.167969
0 0.445681 0.107358 0.446875 0.164062 0.326193 0.168032 0.325000 0.111328
0 0.893715 0.028203 0.900000 0.083984 0.782847 0.104610 0.776562 0.048828
0 0.898621 0.094550 0.900184 0.151191 0.782813 0.156250 0.781250 0.099609
0 0.609375 0.017578 0.620312 0.144531 0.568676 0.151482 0.557738 0.024529
0 0.998438 0.203526 0.998438 0.259187 0.948438 0.285156 0.934066 0.229495
0 0.998438 0.072053 0.998438 0.126518 0.910532 0.150477 0.901882 0.096012
0 0.998438 0.015625 0.998438 0.066750 0.905373 0.090359 0.897704 0.039234
