0 0.505283 0.709282 0.564658 0.728814 0.528125 0.902343 0.468750 0.882812
0 0.648055 0.785856 0.706251 0.806640 0.667571 0.975862 0.609375 0.955078
0 0.066370 0.676504 0.121875 0.707031 0.066442 0.864512 0.010937 0.833985
0 0.424795 0.687729 0.481250 0.708985 0.440831 0.876725 0.384376 0.855469
0 0.909374 0.712891 0.970316 0.728493 0.943749 0.890625 0.882808 0.875023
0 0.971875 0.888672 0.998438 0.909202 0.993036 0.998047 0.943097 0.998047
0 0.728125 0.802734 0.785467 0.826030 0.744842 0.982280 0.687500 0.958985
0 0.762500 0.632813 0.822132 0.652627 0.789319 0.806924 0.729688 0.787109
0 0.245869 0.586686 0.298437 0.611328 0.249443 0.774641 0.196875 0.750000
0 0.037938 0.566704 0.089500 0.601861 0.026562 0.746094 0.000000 0.710937
0 0.687500 0.617187 0.746112 0.636913 0.713300 0.789257 0.654688 0.769531
0 0.284381 0.705056 0.339062 0.730468 0.293743 0.882834 0.239062 0.857422
0 0.940625 0.552734 0.998438 0.573172 0.966987 0.721610 0.907813 0.701172
0 0.096101 0.408107 0.143749 0.437501 0.082023 0.593847 0.034374 0.564453
0 0.359375 0.660157 0.413224 0.674754 0.385099 0.836864 0.331250 0.822266
0 0.404821 0.506087 0.462672 0.528000 0.428163 0.670351 0.370312 0.648438
0 0.290625 0.441406 0.342187 0.464843 0.297433 0.618684 0.245871 0.595247
0 0.330247 0.548409 0.382812 0.576172 0.333815 0.721123 0.281250 0.693360
0 0.163902 0.618617 0.214063 0.646484 0.161098 0.795445 0.110937 0.767578
0 0.721875 0.462891 0.776306 0.483481 0.740369 0.631919 0.685938 0.611329
0 0.548622 0.551448 0.603126 0.572265 0.567004 0.720036 0.512500 0.699219
0 0.792188 0.480468 0.849760 0.499199 0.820072 0.641778 0.762500 0.623047
0 0.220138 0.462551 0.270138 0.489895 0.218750 0.636719 0.168750 0.609375
0 0.122879 0.129616 0.175001 0.160157 0.123997 0.296166 0.071875 0.265625
0 0.125410 0.286754 0.181250 0.314453 0.140214 0.443714 0.084374 0.416015
0 0.033395 0.401633 0.082812 0.437500 0.024417 0.563211 0.000000 0.527344
0 0.068289 0.266118 0.125061 0.294733 0.084897 0.419240 0.028125 0.390625
0 0.745588 0.318934 0.800000 0.335938 0.771600 0.477942 0.717188 0.460938
0 0.259567 0.323955 0.312500 0.347656 0.273245 0.484639 0.220312 0.460938
0 0.366033 0.398698 0.417188 0.417969 0.382405 0.562240 0.331250 0.542969
0 0.123577 0.538259 0.173438 0.566406 0.125377 0.699431 0.075516 0.671284
0 0.171422 0.401159 0.221875 0.431641 0.172328 0.559780 0.121875 0.529297
0 0.886127 0.875808 0.935938 0.904297 0.891193 0.998047 0.841382 0.998047
0 0.910267 0.216035 0.968080 0.231660 0.945313 0.363281 0.887500 0.347656
0 0.862500 0.498047 0.917608 0.510840 0.896874 0.650391 0.841766 0.637598
0 0.478125 0.539062 0.529142 0.558281 0.494767 0.700860 0.443750 0.681641
0 0.326562 0.310547 0.378928 0.334612 0.339866 0.467425 0.287500 0.443360
0 0.959375 0.396484 0.998438 0.408961 0.989063 0.554688 0.937017 0.542211
0 0.820008 0.327575 0.873438 0.345703 0.843750 0.482421 0.790320 0.464293
0 0.981250 0.246094 0.998438 0.256227 0.998438 0.396484 0.958484 0.386351
0 0.707396 0.150718 0.760938 0.166015 0.735938 0.302734 0.682396 0.287437
0 0.206250 0.271485 0.257156 0.293618 0.219656 0.428383 0.168750 0.406250
0 0.581250 0.408203 0.633177 0.426077 0.603490 0.560842 0.551563 0.542969
0 0.615524 0.265919 0.667188 0.287109 0.632914 0.417675 0.581250 0.396485
0 0.356250 0.187500 0.408281 0.209180 0.373906 0.338086 0.321875 0.316406
0 0.481250 0.226562 0.533424 0.247633 0.500000 0.376954 0.447826 0.355883
0 0.517187 0.392578 0.566874 0.413281 0.530937 0.548046 0.481250 0.527343
0 0.448125 0.366406 0.498750 0.387500 0.464063 0.517578 0.413438 0.496484
0 0.768750 0.183594 0.823437 0.197266 0.803004 0.324970 0.748317 0.311298
0 0.891136 0.354903 0.942188 0.371095 0.915114 0.504473 0.864063 0.488282
0 0.179359 0.157765 0.228124 0.183594 0.186265 0.307079 0.137500 0.281250
0 0.639062 0.140625 0.692187 0.156250 0.668478 0.282205 0.615353 0.266580
0 0.305208 0.185183 0.351563 0.207031 0.311981 0.338255 0.265625 0.316407
0 0.546635 0.257191 0.594450 0.273679 0.565003 0.407113 0.517187 0.390625
0 0.399378 0.063319 0.446875 0.085937 0.408434 0.212071 0.360937 0.189453
0 0.848437 0.197265 0.899744 0.212297 0.876307 0.337297 0.825000 0.322265
0 0.282875 0.037610 0.331250 0.060546 0.295249 0.179186 0.246874 0.156250
0 0.167756 0.004249 0.212500 0.031250 0.166620 0.150047 0.121876 0.123046
0 0.341179 0.050558 0.385938 0.068359 0.352571 0.199442 0.307813 0.181641
0 0.576828 0.125584 0.626563 0.140625 0.602860 0.263088 0.553125 0.248047
0 0.514789 0.101724 0.559375 0.115235 0.533649 0.247886 0.489063 0.234375
0 0.247336 0.156484 0.297336 0.181875 0.262500 0.289062 0.212500 0.263671
0 0.220682 0.032094 0.264062 0.054687 0.224630 0.172984 0.181250 0.150391
0 0.425419 0.208511 0.470312 0.230469 0.440205 0.326645 0.395312 0.304687
0 0.393750 0.304688 0.439249 0.320000 0.417375 0.421562 0.371875 0.406250
0 0.450273 0.096511 0.495313 0.113281 0.473165 0.206223 0.428125 0.189453
