0 0.300340 0.736621 0.342187 0.738281 0.338723 0.874708 0.296875 0.873047
0 0.890424 0.687839 0.895313 0.797851 0.847024 0.801205 0.842135 0.691193
0 0.311331 0.606902 0.359769 0.612761 0.351563 0.718750 0.303125 0.712891
0 0.863062 0.562210 0.867495 0.665656 0.822154 0.668692 0.817721 0.565246
0 0.295341 0.876227 0.337500 0.878907 0.332783 0.994867 0.290624 0.992187
0 0.846875 0.444336 0.856394 0.549452 0.812500 0.555664 0.802980 0.450548
0 0.323774 0.389615 0.362500 0.392578 0.357476 0.495151 0.318750 0.492188
0 0.345150 0.200914 0.384212 0.206773 0.375000 0.302734 0.335938 0.296875
0 0.322794 0.496783 0.363419 0.500690 0.357812 0.591797 0.317187 0.587890
0 0.362940 0.000000 0.404687 0.000000 0.399560 0.054919 0.357812 0.048828
0 0.815850 0.183188 0.828125 0.267578 0.791550 0.275890 0.779275 0.191500
0 0.838633 0.358814 0.846093 0.436523 0.807031 0.442382 0.799571 0.364673
