0 0.462436 0.245811 0.532813 0.250000 0.531314 0.289345 0.460937 0.285156
0 0.143773 0.170821 0.203907 0.172852 0.203102 0.210039 0.142969 0.208008
0 0.351563 0.191407 0.352363 0.228436 0.292187 0.230469 0.291387 0.193440
0 0.150781 0.081054 0.203906 0.081054 0.203906 0.122070 0.150781 0.122070
0 0.000000 0.200682 0.023654 0.205302 0.015320 0.271974 0.000000 0.267354
0 0.014368 0.212401 0.046876 0.218750 0.038758 0.283693 0.006250 0.277344
0 0.689062 0.023438 0.745312 0.023438 0.745312 0.060548 0.689062 0.060548
0 0.145313 0.143554 0.206250 0.143554 0.206250 0.176757 0.145313 0.176757
0 0.167887 0.003877 0.228125 0.005859 0.227425 0.039091 0.167187 0.037109
0 0.148438 0.118164 0.210938 0.118164 0.210938 0.149414 0.148438 0.149414
0 0.282813 0.113282 0.334376 0.144532 0.322777 0.174434 0.271214 0.143184
0 0.689062 0.076172 0.750000 0.076172 0.750000 0.107422 0.689062 0.107422
0 0.101896 0.200704 0.131250 0.207031 0.123104 0.266092 0.093750 0.259765
0 0.208594 0.059570 0.209243 0.088736 0.149220 0.090820 0.148572 0.061654
0 0.294134 0.017072 0.345312 0.039063 0.337116 0.068866 0.285938 0.046875
0 0.617188 0.152344 0.625000 0.222656 0.602006 0.226648 0.594194 0.156336
1 0.682813 0.894531 0.683167 0.974607 0.398731 0.976571 0.398377 0.896495
1 0.243750 0.363282 0.459375 0.363282 0.459375 0.433594 0.243750 0.433594
1 0.418750 0.314454 0.645312 0.316407 0.644978 0.376910 0.418416 0.374957
1 0.250328 0.253089 0.329687 0.257812 0.327736 0.309035 0.248377 0.304312
2 0.660984 0.070790 0.775046 0.125477 0.757812 0.181640 0.643750 0.126953
3 0.785937 0.167969 0.795312 0.234376 0.769285 0.240117 0.759910 0.173710
3 0.819578 0.148667 0.832813 0.214844 0.808548 0.222427 0.795313 0.156250
3 0.857813 0.162110 0.860938 0.220704 0.832523 0.223072 0.829398 0.164478
