0 0.790625 0.417968 0.791274 0.470690 0.689063 0.472656 0.688414 0.419934
0 0.850781 0.132813 0.925160 0.201533 0.898597 0.246455 0.824218 0.177735
0 0.853125 0.060546 0.928126 0.132812 0.902359 0.174596 0.827359 0.102330
0 0.897681 0.562643 0.964140 0.646551 0.937371 0.679679 0.870912 0.595771
0 0.551397 0.287965 0.554501 0.338573 0.462283 0.347411 0.459179 0.296803
0 0.909375 0.458985 0.959597 0.562959 0.926562 0.587891 0.876341 0.483917
0 0.589689 0.929668 0.667968 0.939453 0.663435 0.996114 0.585156 0.986329
0 0.877360 0.925907 0.895312 0.998047 0.855452 0.998047 0.837500 0.941407
0 0.040615 0.925334 0.042187 0.998047 0.003147 0.998047 0.001575 0.926653
0 0.923437 0.771484 0.973437 0.861328 0.943085 0.887722 0.893085 0.797878
0 0.805641 0.934851 0.826563 0.998047 0.791235 0.998047 0.770313 0.953125
0 0.819697 0.269069 0.902510 0.286647 0.896875 0.328125 0.814062 0.310547
0 0.278125 0.320312 0.279687 0.417969 0.246857 0.418790 0.245295 0.321133
0 0.893750 0.654297 0.961933 0.733290 0.943750 0.757813 0.875567 0.678820
0 0.232813 0.324218 0.234375 0.412109 0.199948 0.413066 0.198385 0.325175
4 0.876858 0.326070 0.878125 0.392578 0.743454 0.396586 0.742187 0.330078
