0 0.136728 0.592588 0.215625 0.609375 0.210148 0.649600 0.131251 0.632813
0 0.119540 0.641416 0.198437 0.658203 0.192960 0.698428 0.114063 0.681641
0 0.110165 0.692197 0.189062 0.708984 0.183585 0.749209 0.104688 0.732422
0 0.107040 0.741025 0.185937 0.757812 0.180460 0.798037 0.101563 0.781250
0 0.155478 0.494932 0.234375 0.511719 0.228898 0.551944 0.150001 0.535157
0 0.405601 0.151275 0.435937 0.162110 0.414711 0.254975 0.384375 0.244140
0 0.108816 0.952143 0.117188 0.986328 0.038060 0.998047 0.029688 0.982422
0 0.143191 0.846674 0.151563 0.880859 0.072435 0.911138 0.064063 0.876953
0 0.430125 0.024732 0.462500 0.033203 0.448001 0.119798 0.415626 0.111327
0 0.170000 0.041211 0.204688 0.055664 0.184688 0.130665 0.150000 0.116212
0 0.171949 0.128264 0.176636 0.212249 0.146876 0.214844 0.142188 0.130859
0 0.232391 0.223870 0.301562 0.238281 0.297297 0.270270 0.228125 0.255859
0 0.237078 0.182855 0.306250 0.197266 0.301984 0.229255 0.232812 0.214844
0 0.221453 0.266839 0.290625 0.281250 0.286359 0.313239 0.217187 0.298828
0 0.208953 0.313714 0.278125 0.328125 0.273859 0.360114 0.204688 0.345703
0 0.196453 0.364495 0.265625 0.378906 0.261359 0.410895 0.192187 0.396484
0 0.099245 0.021208 0.128906 0.033204 0.111719 0.099610 0.082058 0.087614
0 0.285105 0.000000 0.346043 0.006047 0.340625 0.039062 0.279687 0.023437
0 0.277293 0.033391 0.338231 0.049016 0.332813 0.082031 0.271875 0.066406
