0 0.370502 0.789828 0.485937 0.895508 0.456060 0.946500 0.340625 0.840820
0 0.125969 0.664432 0.206250 0.759765 0.170555 0.806732 0.090274 0.711399
0 0.912307 0.059890 0.945290 0.102506 0.872849 0.190110 0.839866 0.147494
0 0.988278 0.128444 0.998438 0.175781 0.913284 0.230930 0.895312 0.183593
0 0.852415 0.027353 0.882813 0.062500 0.816335 0.152335 0.785938 0.117188
0 0.481591 0.141344 0.506317 0.174079 0.435679 0.257448 0.410953 0.224713
0 0.520620 0.174269 0.550777 0.206080 0.494208 0.289873 0.464051 0.258062
0 0.355090 0.036386 0.379688 0.071289 0.308972 0.149160 0.284374 0.114257
0 0.265264 0.000000 0.289062 0.009766 0.222236 0.070327 0.198438 0.029296
0 0.437067 0.105118 0.460937 0.135742 0.397307 0.213240 0.373437 0.182616
0 0.784180 0.000000 0.813867 0.015022 0.770312 0.083985 0.740625 0.054688
0 0.802930 0.000000 0.832617 0.016975 0.789062 0.085938 0.759374 0.056641
2 0.038157 0.280166 0.149289 0.550279 0.090795 0.587882 0.000000 0.317769
